0.0    -1.0    0.0
0.0    0.0    0.0
0.0    1.0    0.0
0.001    -0.999498872934    -1.00149987068e-09
0.001    0.0    0.0
0.001    0.999498872934    1.00149987068e-09
0.002    -0.998995483445    -8.02399572274e-09
0.002    0.0    0.0
0.002    0.998995483445    8.02399572274e-09
0.003    -0.998489819035    -2.71214664597e-08
0.003    0.0    0.0
0.003    0.998489819035    2.71214664597e-08
0.004    -0.99798186712    -6.43838541746e-08
0.004    0.0    0.0
0.004    0.99798186712    6.43838541746e-08
0.005    -0.997471615037    -1.25937041222e-07
0.005    0.0    0.0
0.005    0.997471615037    1.25937041222e-07
0.006    -0.996959050033    -2.17942824031e-07
0.006    0.0    0.0
0.006    0.996959050033    2.17942824031e-07
0.007    -0.996444159275    -3.46598883616e-07
0.007    0.0    0.0
0.007    0.996444159275    3.46598883616e-07
0.008    -0.995926929839    -5.18138752724e-07
0.008    0.0    0.0
0.008    0.995926929839    5.18138752724e-07
0.009    -0.995407348718    -7.3883177957e-07
0.009    0.0    0.0
0.009    0.995407348718    7.3883177957e-07
0.01    -0.994885402816    -1.01498308811e-06
0.01    0.0    0.0
0.01    0.994885402816    1.01498308811e-06
0.011    -0.994361078951    -1.35293353479e-06
0.011    0.0    0.0
0.011    0.994361078951    1.35293353479e-06
0.012    -0.99383436385    -1.75905966171e-06
0.012    0.0    0.0
0.012    0.99383436385    1.75905966171e-06
0.013    -0.993305244152    -2.23977364622e-06
0.013    0.0    0.0
0.013    0.993305244152    2.23977364622e-06
0.014    -0.992773706405    -2.8015232467e-06
0.014    0.0    0.0
0.014    0.992773706405    2.8015232467e-06
0.015    -0.992239737067    -3.45079174476e-06
0.015    0.0    0.0
0.015    0.992239737067    3.45079174476e-06
0.016    -0.991703322503    -4.1940978835e-06
0.016    0.0    0.0
0.016    0.991703322503    4.1940978835e-06
0.017    -0.991164448989    -5.03799580201e-06
0.017    0.0    0.0
0.017    0.991164448989    5.03799580201e-06
0.018    -0.990623102703    -5.98907496589e-06
0.018    0.0    0.0
0.018    0.990623102703    5.98907496589e-06
0.019    -0.990079269734    -7.05396009383e-06
0.019    0.0    0.0
0.019    0.990079269734    7.05396009383e-06
0.02    -0.989532936073    -8.23931108012e-06
0.02    0.0    0.0
0.02    0.989532936073    8.23931108012e-06
0.021    -0.988984087617    -9.55182291312e-06
0.021    0.0    0.0
0.021    0.988984087617    9.55182291312e-06
0.022    -0.988432710167    -1.09982255895e-05
0.022    0.0    0.0
0.022    0.988432710167    1.09982255895e-05
0.023    -0.987878789427    -1.25852840243e-05
0.023    0.0    0.0
0.023    0.987878789427    1.25852840243e-05
0.024    -0.987322311003    -1.43197979567e-05
0.024    0.0    0.0
0.024    0.987322311003    1.43197979567e-05
0.025    -0.986763260401    -1.62086018514e-05
0.025    0.0    0.0
0.025    0.986763260401    1.62086018514e-05
0.026    -0.986201623031    -1.82585647957e-05
0.026    0.0    0.0
0.026    0.986201623031    1.82585647957e-05
0.027    -0.9856373842    -2.04765903919e-05
0.027    0.0    0.0
0.027    0.9856373842    2.04765903919e-05
0.028    -0.985070529115    -2.28696166454e-05
0.028    0.0    0.0
0.028    0.985070529115    2.28696166454e-05
0.029    -0.98450104288    -2.5444615848e-05
0.029    0.0    0.0
0.029    0.98450104288    2.5444615848e-05
0.03    -0.983928910499    -2.82085944564e-05
0.03    0.0    0.0
0.03    0.983928910499    2.82085944564e-05
0.031    -0.98335411687    -3.11685929666e-05
0.031    0.0    0.0
0.031    0.98335411687    3.11685929666e-05
0.032    -0.982776646787    -3.43316857824e-05
0.032    0.0    0.0
0.032    0.982776646787    3.43316857824e-05
0.033    -0.982196484938    -3.770498108e-05
0.033    0.0    0.0
0.033    0.982196484938    3.770498108e-05
0.034    -0.981613615907    -4.1295620667e-05
0.034    0.0    0.0
0.034    0.981613615907    4.1295620667e-05
0.035    -0.981028024169    -4.51107798369e-05
0.035    0.0    0.0
0.035    0.981028024169    4.51107798369e-05
0.036    -0.98043969409    -4.91576672179e-05
0.036    0.0    0.0
0.036    0.98043969409    4.91576672179e-05
0.037    -0.979848609931    -5.3443524617e-05
0.037    0.0    0.0
0.037    0.979848609931    5.3443524617e-05
0.038    -0.979254755838    -5.79756268582e-05
0.038    0.0    0.0
0.038    0.979254755838    5.79756268582e-05
0.039    -0.978658115849    -6.27612816167e-05
0.039    0.0    0.0
0.039    0.978658115849    6.27612816167e-05
0.04    -0.978058673891    -6.78078292457e-05
0.04    0.0    0.0
0.04    0.978058673891    6.78078292457e-05
0.041    -0.977456413775    -7.31226425995e-05
0.041    0.0    0.0
0.041    0.977456413775    7.31226425995e-05
0.042    -0.976851319202    -7.87131268502e-05
0.042    0.0    0.0
0.042    0.976851319202    7.87131268502e-05
0.043    -0.976243373756    -8.45867192986e-05
0.043    0.0    0.0
0.043    0.976243373756    8.45867192986e-05
0.044    -0.975632560906    -9.07508891797e-05
0.044    0.0    0.0
0.044    0.975632560906    9.07508891797e-05
0.045    -0.975018864002    -9.72131374625e-05
0.045    0.0    0.0
0.045    0.975018864002    9.72131374625e-05
0.046    -0.97440226628    -0.000103980996644
0.046    0.0    0.0
0.046    0.97440226628    0.000103980996644
0.047    -0.973782750854    -0.000111062030534
0.047    0.0    0.0
0.047    0.973782750854    0.000111062030534
0.048    -0.973160300721    -0.000118463834044
0.048    0.0    0.0
0.048    0.973160300721    0.000118463834044
0.049    -0.972534898754    -0.000126194032952
0.049    0.0    0.0
0.049    0.972534898754    0.000126194032952
0.05    -0.971906527706    -0.000134260283683
0.05    0.0    0.0
0.05    0.971906527706    0.000134260283683
0.051    -0.971275170206    -0.000142670273061
0.051    0.0    0.0
0.051    0.971275170206    0.000142670273061
0.052    -0.970640808759    -0.000151431718075
0.052    0.0    0.0
0.052    0.970640808759    0.000151431718075
0.053    -0.970003425746    -0.000160552365622
0.053    0.0    0.0
0.053    0.970003425746    0.000160552365622
0.054    -0.969363003418    -0.000170039992255
0.054    0.0    0.0
0.054    0.969363003418    0.000170039992255
0.055    -0.968719523903    -0.000179902403916
0.055    0.0    0.0
0.055    0.968719523903    0.000179902403916
0.056    -0.968072969197    -0.000190147435667
0.056    0.0    0.0
0.056    0.968072969197    0.000190147435667
0.057    -0.967423321167    -0.000200782951414
0.057    0.0    0.0
0.057    0.967423321167    0.000200782951414
0.058    -0.96677056155    -0.000211816843621
0.058    0.0    0.0
0.058    0.96677056155    0.000211816843621
0.059    -0.966114671948    -0.00022325703302
0.059    0.0    0.0
0.059    0.966114671948    0.00022325703302
0.06    -0.965455633832    -0.000235111468311
0.06    0.0    0.0
0.06    0.965455633832    0.000235111468311
0.061    -0.964793428538    -0.00024738812586
0.061    0.0    0.0
0.061    0.964793428538    0.00024738812586
0.062    -0.964128037264    -0.00026009500938
0.062    0.0    0.0
0.062    0.964128037264    0.00026009500938
0.063    -0.963459441073    -0.000273240149614
0.063    0.0    0.0
0.063    0.963459441073    0.000273240149614
0.064    -0.96278762089    -0.000286831604005
0.064    0.0    0.0
0.064    0.96278762089    0.000286831604005
0.065    -0.962112557496    -0.000300877456363
0.065    0.0    0.0
0.065    0.962112557496    0.000300877456363
0.066    -0.961434231536    -0.000315385816516
0.066    0.0    0.0
0.066    0.961434231536    0.000315385816516
0.067    -0.96075262351    -0.000330364819962
0.067    0.0    0.0
0.067    0.96075262351    0.000330364819962
0.068    -0.960067713774    -0.000345822627506
0.068    0.0    0.0
0.068    0.960067713774    0.000345822627506
0.069    -0.959379482539    -0.000361767424896
0.069    0.0    0.0
0.069    0.959379482539    0.000361767424896
0.07    -0.95868790987    -0.000378207422441
0.07    0.0    0.0
0.07    0.95868790987    0.000378207422441
0.071    -0.957992975684    -0.000395150854628
0.071    0.0    0.0
0.071    0.957992975684    0.000395150854628
0.072    -0.957294659748    -0.000412605979733
0.072    0.0    0.0
0.072    0.957294659748    0.000412605979733
0.073    -0.956592941679    -0.000430581079411
0.073    0.0    0.0
0.073    0.956592941679    0.000430581079411
0.074    -0.955887800943    -0.000449084458289
0.074    0.0    0.0
0.074    0.955887800943    0.000449084458289
0.075    -0.955179216848    -0.000468124443547
0.075    0.0    0.0
0.075    0.955179216848    0.000468124443547
0.076    -0.954467168551    -0.000487709384487
0.076    0.0    0.0
0.076    0.954467168551    0.000487709384487
0.077    -0.953751635051    -0.000507847652094
0.077    0.0    0.0
0.077    0.953751635051    0.000507847652094
0.078    -0.953032595188    -0.000528547638592
0.078    0.0    0.0
0.078    0.953032595188    0.000528547638592
0.079    -0.952310027643    -0.000549817756981
0.079    0.0    0.0
0.079    0.952310027643    0.000549817756981
0.08    -0.951583910935    -0.000571666440577
0.08    0.0    0.0
0.08    0.951583910935    0.000571666440577
0.081    -0.950854223421    -0.000594102142531
0.081    0.0    0.0
0.081    0.950854223421    0.000594102142531
0.082    -0.950120943292    -0.000617133335342
0.082    0.0    0.0
0.082    0.950120943292    0.000617133335342
0.083    -0.949384048575    -0.000640768510365
0.083    0.0    0.0
0.083    0.949384048575    0.000640768510365
0.084    -0.948643517125    -0.000665016177302
0.084    0.0    0.0
0.084    0.948643517125    0.000665016177302
0.085    -0.947899326633    -0.000689884863683
0.085    0.0    0.0
0.085    0.947899326633    0.000689884863683
0.086    -0.947151454614    -0.000715383114342
0.086    0.0    0.0
0.086    0.947151454614    0.000715383114342
0.087    -0.946399878411    -0.000741519490878
0.087    0.0    0.0
0.087    0.946399878411    0.000741519490878
0.088    -0.945644575194    -0.000768302571103
0.088    0.0    0.0
0.088    0.945644575194    0.000768302571103
0.089    -0.944885521955    -0.00079574094849
0.089    0.0    0.0
0.089    0.944885521955    0.00079574094849
0.09    -0.944122695508    -0.000823843231591
0.09    0.0    0.0
0.09    0.944122695508    0.000823843231591
0.091    -0.943356072485    -0.000852618043466
0.091    0.0    0.0
0.091    0.943356072485    0.000852618043466
0.092    -0.94258562934    -0.000882074021081
0.092    0.0    0.0
0.092    0.94258562934    0.000882074021081
0.093    -0.941811342338    -0.000912219814707
0.093    0.0    0.0
0.093    0.941811342338    0.000912219814707
0.094    -0.941033187562    -0.000943064087302
0.094    0.0    0.0
0.094    0.941033187562    0.000943064087302
0.095    -0.940251140904    -0.000974615513882
0.095    0.0    0.0
0.095    0.940251140904    0.000974615513882
0.096    -0.939465178069    -0.00100688278088
0.096    0.0    0.0
0.096    0.939465178069    0.00100688278088
0.097    -0.938675274568    -0.00103987458549
0.097    0.0    0.0
0.097    0.938675274568    0.00103987458549
0.098    -0.93788140572    -0.001073599635
0.098    0.0    0.0
0.098    0.93788140572    0.001073599635
0.099    -0.937083546645    -0.00110806664612
0.099    0.0    0.0
0.099    0.937083546645    0.00110806664612
0.1    -0.936281672269    -0.00114328434429
0.1    0.0    0.0
0.1    0.936281672269    0.00114328434429
0.101    -0.935475757313    -0.00117926146297
0.101    0.0    0.0
0.101    0.935475757313    0.00117926146297
0.102    -0.934665776301    -0.00121600674292
0.102    0.0    0.0
0.102    0.934665776301    0.00121600674292
0.103    -0.933851703547    -0.00125352893146
0.103    0.0    0.0
0.103    0.933851703547    0.00125352893146
0.104    -0.933033513163    -0.00129183678176
0.104    0.0    0.0
0.104    0.933033513163    0.00129183678176
0.105    -0.932211179048    -0.00133093905204
0.105    0.0    0.0
0.105    0.932211179048    0.00133093905204
0.106    -0.931384674892    -0.00137084450482
0.106    0.0    0.0
0.106    0.931384674892    0.00137084450482
0.107    -0.930553974171    -0.00141156190612
0.107    0.0    0.0
0.107    0.930553974171    0.00141156190612
0.108    -0.929719050143    -0.00145310002467
0.108    0.0    0.0
0.108    0.929719050143    0.00145310002467
0.109    -0.928879875851    -0.00149546763107
0.109    0.0    0.0
0.109    0.928879875851    0.00149546763107
0.11    -0.928036424113    -0.001538673497
0.11    0.0    0.0
0.11    0.928036424113    0.001538673497
0.111    -0.927188667527    -0.00158272639431
0.111    0.0    0.0
0.111    0.927188667527    0.00158272639431
0.112    -0.926336578462    -0.00162763509421
0.112    0.0    0.0
0.112    0.926336578462    0.00162763509421
0.113    -0.925480129062    -0.00167340836638
0.113    0.0    0.0
0.113    0.925480129062    0.00167340836638
0.114    -0.924619291236    -0.00172005497806
0.114    0.0    0.0
0.114    0.924619291236    0.00172005497806
0.115    -0.923754036662    -0.00176758369313
0.115    0.0    0.0
0.115    0.923754036662    0.00176758369313
0.116    -0.922884336779    -0.00181600327122
0.116    0.0    0.0
0.116    0.922884336779    0.00181600327122
0.117    -0.92201016279    -0.00186532246673
0.117    0.0    0.0
0.117    0.92201016279    0.00186532246673
0.118    -0.921131485653    -0.00191555002789
0.118    0.0    0.0
0.118    0.921131485653    0.00191555002789
0.119    -0.920248276082    -0.00196669469574
0.119    0.0    0.0
0.119    0.920248276082    0.00196669469574
0.12    -0.919360504544    -0.0020187652032
0.12    0.0    0.0
0.12    0.919360504544    0.0020187652032
0.121    -0.918468141255    -0.002071770274
0.121    0.0    0.0
0.121    0.918468141255    0.002071770274
0.122    -0.917571156175    -0.00212571862167
0.122    0.0    0.0
0.122    0.917571156175    0.00212571862167
0.123    -0.916669519011    -0.00218061894847
0.123    0.0    0.0
0.123    0.916669519011    0.00218061894847
0.124    -0.915763199208    -0.00223647994434
0.124    0.0    0.0
0.124    0.915763199208    0.00223647994434
0.125    -0.914852165949    -0.00229331028579
0.125    0.0    0.0
0.125    0.914852165949    0.00229331028579
0.126    -0.913936388148    -0.00235111863482
0.126    0.0    0.0
0.126    0.913936388148    0.00235111863482
0.127    -0.913015834454    -0.00240991363774
0.127    0.0    0.0
0.127    0.913015834454    0.00240991363774
0.128    -0.912090473241    -0.00246970392408
0.128    0.0    0.0
0.128    0.912090473241    0.00246970392408
0.129    -0.911160272606    -0.00253049810537
0.129    0.0    0.0
0.129    0.911160272606    0.00253049810537
0.13    -0.910225200368    -0.00259230477396
0.13    0.0    0.0
0.13    0.910225200368    0.00259230477396
0.131    -0.909285224064    -0.00265513250183
0.131    0.0    0.0
0.131    0.909285224064    0.00265513250183
0.132    -0.908340310941    -0.00271898983933
0.132    0.0    0.0
0.132    0.908340310941    0.00271898983933
0.133    -0.907390427959    -0.00278388531394
0.133    0.0    0.0
0.133    0.907390427959    0.00278388531394
0.134    -0.906435541783    -0.00284982742897
0.134    0.0    0.0
0.134    0.906435541783    0.00284982742897
0.135    -0.90547561878    -0.00291682466228
0.135    0.0    0.0
0.135    0.90547561878    0.00291682466228
0.136    -0.904510625018    -0.00298488546493
0.136    0.0    0.0
0.136    0.904510625018    0.00298488546493
0.137    -0.903540526257    -0.00305401825986
0.137    0.0    0.0
0.137    0.903540526257    0.00305401825986
0.138    -0.902565287948    -0.0031242314405
0.138    0.0    0.0
0.138    0.902565287948    0.0031242314405
0.139    -0.901584875231    -0.00319553336936
0.139    0.0    0.0
0.139    0.901584875231    0.00319553336936
0.14    -0.900599252928    -0.00326793237663
0.14    0.0    0.0
0.14    0.900599252928    0.00326793237663
0.141    -0.899608385537    -0.00334143675872
0.141    0.0    0.0
0.141    0.899608385537    0.00334143675872
0.142    -0.898612237234    -0.00341605477678
0.142    0.0    0.0
0.142    0.898612237234    0.00341605477678
0.143    -0.897610771862    -0.00349179465522
0.143    0.0    0.0
0.143    0.897610771862    0.00349179465522
0.144    -0.896603952931    -0.00356866458015
0.144    0.0    0.0
0.144    0.896603952931    0.00356866458015
0.145    -0.895591743612    -0.00364667269785
0.145    0.0    0.0
0.145    0.895591743612    0.00364667269785
0.146    -0.894574106733    -0.00372582711318
0.146    0.0    0.0
0.146    0.894574106733    0.00372582711318
0.147    -0.893551004771    -0.00380613588796
0.147    0.0    0.0
0.147    0.893551004771    0.00380613588796
0.148    -0.892522399855    -0.00388760703933
0.148    0.0    0.0
0.148    0.892522399855    0.00388760703933
0.149    -0.89148825375    -0.0039702485381
0.149    0.0    0.0
0.149    0.89148825375    0.0039702485381
0.15    -0.890448527864    -0.00405406830701
0.15    0.0    0.0
0.15    0.890448527864    0.00405406830701
0.151    -0.889403183234    -0.00413907421905
0.151    0.0    0.0
0.151    0.889403183234    0.00413907421905
0.152    -0.888352180524    -0.00422527409564
0.152    0.0    0.0
0.152    0.888352180524    0.00422527409564
0.153    -0.887295480021    -0.00431267570486
0.153    0.0    0.0
0.153    0.887295480021    0.00431267570486
0.154    -0.886233041627    -0.00440128675966
0.154    0.0    0.0
0.154    0.886233041627    0.00440128675966
0.155    -0.885164824857    -0.00449111491591
0.155    0.0    0.0
0.155    0.885164824857    0.00449111491591
0.156    -0.88409078883    -0.00458216777059
0.156    0.0    0.0
0.156    0.88409078883    0.00458216777059
0.157    -0.883010892264    -0.00467445285983
0.157    0.0    0.0
0.157    0.883010892264    0.00467445285983
0.158    -0.881925093473    -0.00476797765691
0.158    0.0    0.0
0.158    0.881925093473    0.00476797765691
0.159    -0.880833350357    -0.00486274957032
0.159    0.0    0.0
0.159    0.880833350357    0.00486274957032
0.16    -0.879735620399    -0.00495877594166
0.16    0.0    0.0
0.16    0.879735620399    0.00495877594166
0.161    -0.878631860657    -0.00505606404361
0.161    0.0    0.0
0.161    0.878631860657    0.00505606404361
0.162    -0.87752202776    -0.0051546210778
0.162    0.0    0.0
0.162    0.87752202776    0.0051546210778
0.163    -0.876406077898    -0.00525445417265
0.163    0.0    0.0
0.163    0.876406077898    0.00525445417265
0.164    -0.875283966819    -0.00535557038116
0.164    0.0    0.0
0.164    0.875283966819    0.00535557038116
0.165    -0.87415564982    -0.00545797667873
0.165    0.0    0.0
0.165    0.87415564982    0.00545797667873
0.166    -0.873021081741    -0.0055616799608
0.166    0.0    0.0
0.166    0.873021081741    0.0055616799608
0.167    -0.871880216958    -0.00566668704061
0.167    0.0    0.0
0.167    0.871880216958    0.00566668704061
0.168    -0.870733009376    -0.00577300464679
0.168    0.0    0.0
0.168    0.870733009376    0.00577300464679
0.169    -0.869579412422    -0.00588063942095
0.169    0.0    0.0
0.169    0.869579412422    0.00588063942095
0.17    -0.868419379035    -0.00598959791527
0.17    0.0    0.0
0.17    0.868419379035    0.00598959791527
0.171    -0.867252861662    -0.00609988658992
0.171    0.0    0.0
0.171    0.867252861662    0.00609988658992
0.172    -0.866079812249    -0.00621151181061
0.172    0.0    0.0
0.172    0.866079812249    0.00621151181061
0.173    -0.864900182232    -0.00632447984588
0.173    0.0    0.0
0.173    0.864900182232    0.00632447984588
0.174    -0.863713922529    -0.00643879686457
0.174    0.0    0.0
0.174    0.863713922529    0.00643879686457
0.175    -0.862520983532    -0.00655446893303
0.175    0.0    0.0
0.175    0.862520983532    0.00655446893303
0.176    -0.861321315101    -0.0066715020124
0.176    0.0    0.0
0.176    0.861321315101    0.0066715020124
0.177    -0.860114866551    -0.00678990195583
0.177    0.0    0.0
0.177    0.860114866551    0.00678990195583
0.178    -0.858901586645    -0.00690967450556
0.178    0.0    0.0
0.178    0.858901586645    0.00690967450556
0.179    -0.857681423585    -0.00703082529009
0.179    0.0    0.0
0.179    0.857681423585    0.00703082529009
0.18    -0.856454325003    -0.00715335982111
0.18    0.0    0.0
0.18    0.856454325003    0.00715335982111
0.181    -0.855220237952    -0.00727728349055
0.181    0.0    0.0
0.181    0.855220237952    0.00727728349055
0.182    -0.853979108895    -0.00740260156746
0.182    0.0    0.0
0.182    0.853979108895    0.00740260156746
0.183    -0.852730883694    -0.00752931919481
0.183    0.0    0.0
0.183    0.852730883694    0.00752931919481
0.184    -0.851475507603    -0.00765744138636
0.184    0.0    0.0
0.184    0.851475507603    0.00765744138636
0.185    -0.850212925255    -0.00778697302331
0.185    0.0    0.0
0.185    0.850212925255    0.00778697302331
0.186    -0.848943080651    -0.00791791885098
0.186    0.0    0.0
0.186    0.848943080651    0.00791791885098
0.187    -0.847665917153    -0.0080502834754
0.187    0.0    0.0
0.187    0.847665917153    0.0080502834754
0.188    -0.846381377467    -0.00818407135981
0.188    0.0    0.0
0.188    0.846381377467    0.00818407135981
0.189    -0.845089403637    -0.0083192868211
0.189    0.0    0.0
0.189    0.845089403637    0.0083192868211
0.19    -0.843789937027    -0.00845593402622
0.19    0.0    0.0
0.19    0.843789937027    0.00845593402622
0.191    -0.842482918317    -0.0085940169884
0.191    0.0    0.0
0.191    0.842482918317    0.0085940169884
0.192    -0.841168287482    -0.00873353956345
0.192    0.0    0.0
0.192    0.841168287482    0.00873353956345
0.193    -0.839845983788    -0.00887450544585
0.193    0.0    0.0
0.193    0.839845983788    0.00887450544585
0.194    -0.838515945771    -0.00901691816483
0.194    0.0    0.0
0.194    0.838515945771    0.00901691816483
0.195    -0.837178111229    -0.00916078108033
0.195    0.0    0.0
0.195    0.837178111229    0.00916078108033
0.196    -0.835832417207    -0.0093060973789
0.196    0.0    0.0
0.196    0.835832417207    0.0093060973789
0.197    -0.834478799981    -0.0094528700695
0.197    0.0    0.0
0.197    0.834478799981    0.0094528700695
0.198    -0.833117195048    -0.00960110197921
0.198    0.0    0.0
0.198    0.833117195048    0.00960110197921
0.199    -0.831747537107    -0.00975079574886
0.199    0.0    0.0
0.199    0.831747537107    0.00975079574886
0.2    -0.830369760047    -0.00990195382854
0.2    0.0    0.0
0.2    0.830369760047    0.00990195382854
0.201    -0.828983796927    -0.0100545784731
0.201    0.0    0.0
0.201    0.828983796927    0.0100545784731
0.202    -0.827589579968    -0.0102086717372
0.202    0.0    0.0
0.202    0.827589579968    0.0102086717372
0.203    -0.82618704053    -0.0103642354711
0.203    0.0    0.0
0.203    0.82618704053    0.0103642354711
0.204    -0.824776109096    -0.0105212713151
0.204    0.0    0.0
0.204    0.824776109096    0.0105212713151
0.205    -0.823356715259    -0.0106797806951
0.205    0.0    0.0
0.205    0.823356715259    0.0106797806951
0.206    -0.8219287877    -0.0108397648172
0.206    0.0    0.0
0.206    0.8219287877    0.0108397648172
0.207    -0.820492254172    -0.0110012246625
0.207    0.0    0.0
0.207    0.820492254172    0.0110012246625
0.208    -0.819047041481    -0.0111641609819
0.208    0.0    0.0
0.208    0.819047041481    0.0111641609819
0.209    -0.817593075469    -0.0113285742905
0.209    0.0    0.0
0.209    0.817593075469    0.0113285742905
0.21    -0.816130280989    -0.0114944648623
0.21    0.0    0.0
0.21    0.816130280989    0.0114944648623
0.211    -0.814658581891    -0.0116618327241
0.211    0.0    0.0
0.211    0.814658581891    0.0116618327241
0.212    -0.813177900998    -0.0118306776499
0.212    0.0    0.0
0.212    0.813177900998    0.0118306776499
0.213    -0.811688160086    -0.0120009991547
0.213    0.0    0.0
0.213    0.811688160086    0.0120009991547
0.214    -0.810189279861    -0.0121727964888
0.214    0.0    0.0
0.214    0.810189279861    0.0121727964888
0.215    -0.808681179938    -0.0123460686311
0.215    0.0    0.0
0.215    0.808681179938    0.0123460686311
0.216    -0.807163778818    -0.0125208142831
0.216    0.0    0.0
0.216    0.807163778818    0.0125208142831
0.217    -0.805636993862    -0.0126970318617
0.217    0.0    0.0
0.217    0.805636993862    0.0126970318617
0.218    -0.804100741268    -0.0128747194933
0.218    0.0    0.0
0.218    0.804100741268    0.0128747194933
0.219    -0.802554936049    -0.0130538750062
0.219    0.0    0.0
0.219    0.802554936049    0.0130538750062
0.22    -0.800999492001    -0.0132344959239
0.22    0.0    0.0
0.22    0.800999492001    0.0132344959239
0.221    -0.799434321681    -0.0134165794579
0.221    0.0    0.0
0.221    0.799434321681    0.0134165794579
0.222    -0.79785933638    -0.0136001225
0.222    0.0    0.0
0.222    0.79785933638    0.0136001225
0.223    -0.796274446091    -0.0137851216152
0.223    0.0    0.0
0.223    0.796274446091    0.0137851216152
0.224    -0.794679559484    -0.0139715730332
0.224    0.0    0.0
0.224    0.794679559484    0.0139715730332
0.225    -0.793074583874    -0.0141594726413
0.225    0.0    0.0
0.225    0.793074583874    0.0141594726413
0.226    -0.79145942519    -0.0143488159754
0.226    0.0    0.0
0.226    0.79145942519    0.0143488159754
0.227    -0.789833987946    -0.0145395982121
0.227    0.0    0.0
0.227    0.789833987946    0.0145395982121
0.228    -0.788198175206    -0.0147318141598
0.228    0.0    0.0
0.228    0.788198175206    0.0147318141598
0.229    -0.786551888549    -0.0149254582503
0.229    0.0    0.0
0.229    0.786551888549    0.0149254582503
0.23    -0.784895028041    -0.0151205245292
0.23    0.0    0.0
0.23    0.784895028041    0.0151205245292
0.231    -0.783227492189    -0.015317006647
0.231    0.0    0.0
0.231    0.783227492189    0.015317006647
0.232    -0.781549177916    -0.0155148978492
0.232    0.0    0.0
0.232    0.781549177916    0.0155148978492
0.233    -0.779859980511    -0.015714190967
0.233    0.0    0.0
0.233    0.779859980511    0.015714190967
0.234    -0.7781597936    -0.0159148784065
0.234    0.0    0.0
0.234    0.7781597936    0.0159148784065
0.235    -0.7764485091    -0.0161169521393
0.235    0.0    0.0
0.235    0.7764485091    0.0161169521393
0.236    -0.774726017179    -0.016320403691
0.236    0.0    0.0
0.236    0.774726017179    0.016320403691
0.237    -0.772992206213    -0.0165252241306
0.237    0.0    0.0
0.237    0.772992206213    0.0165252241306
0.238    -0.771246962741    -0.0167314040596
0.238    0.0    0.0
0.238    0.771246962741    0.0167314040596
0.239    -0.769490171418    -0.0169389336
0.239    0.0    0.0
0.239    0.769490171418    0.0169389336
0.24    -0.767721714973    -0.0171478023826
0.24    0.0    0.0
0.24    0.767721714973    0.0171478023826
0.241    -0.765941474152    -0.017357999535
0.241    0.0    0.0
0.241    0.765941474152    0.017357999535
0.242    -0.764149327674    -0.0175695136688
0.242    0.0    0.0
0.242    0.764149327674    0.0175695136688
0.243    -0.762345152176    -0.0177823328669
0.243    0.0    0.0
0.243    0.762345152176    0.0177823328669
0.244    -0.76052882216    -0.0179964446699
0.244    0.0    0.0
0.244    0.76052882216    0.0179964446699
0.245    -0.758700209934    -0.0182118360628
0.245    0.0    0.0
0.245    0.758700209934    0.0182118360628
0.246    -0.75685918556    -0.0184284934608
0.246    0.0    0.0
0.246    0.75685918556    0.0184284934608
0.247    -0.75500561679    -0.0186464026947
0.247    0.0    0.0
0.247    0.75500561679    0.0186464026947
0.248    -0.753139369004    -0.0188655489964
0.248    0.0    0.0
0.248    0.753139369004    0.0188655489964
0.249    -0.751260305148    -0.0190859169827
0.249    0.0    0.0
0.249    0.751260305148    0.0190859169827
0.25    -0.749368285668    -0.0193074906403
0.25    0.0    0.0
0.25    0.749368285668    0.0193074906403
0.251    -0.747463168439    -0.0195302533092
0.251    0.0    0.0
0.251    0.747463168439    0.0195302533092
0.252    -0.745544808697    -0.0197541876656
0.252    0.0    0.0
0.252    0.745544808697    0.0197541876656
0.253    -0.743613058962    -0.0199792757049
0.253    0.0    0.0
0.253    0.743613058962    0.0199792757049
0.254    -0.741667768966    -0.0202054987237
0.254    0.0    0.0
0.254    0.741667768966    0.0202054987237
0.255    -0.739708785568    -0.0204328373013
0.255    0.0    0.0
0.255    0.739708785568    0.0204328373013
0.256    -0.73773595268    -0.0206612712804
0.256    0.0    0.0
0.256    0.73773595268    0.0206612712804
0.257    -0.735749111175    -0.0208907797481
0.257    0.0    0.0
0.257    0.735749111175    0.0208907797481
0.258    -0.7337480988    -0.0211213410148
0.258    0.0    0.0
0.258    0.7337480988    0.0211213410148
0.259    -0.73173275009    -0.0213529325938
0.259    0.0    0.0
0.259    0.73173275009    0.0213529325938
0.26    -0.729702896266    -0.0215855311793
0.26    0.0    0.0
0.26    0.729702896266    0.0215855311793
0.261    -0.727658365139    -0.0218191126242
0.261    0.0    0.0
0.261    0.727658365139    0.0218191126242
0.262    -0.725598981011    -0.0220536519168
0.262    0.0    0.0
0.262    0.725598981011    0.0220536519168
0.263    -0.723524564562    -0.0222891231569
0.263    0.0    0.0
0.263    0.723524564562    0.0222891231569
0.264    -0.721434932745    -0.0225254995313
0.264    0.0    0.0
0.264    0.721434932745    0.0225254995313
0.265    -0.719329898668    -0.0227627532876
0.265    0.0    0.0
0.265    0.719329898668    0.0227627532876
0.266    -0.717209271477    -0.0230008557084
0.266    0.0    0.0
0.266    0.717209271477    0.0230008557084
0.267    -0.715072856227    -0.0232397770833
0.267    0.0    0.0
0.267    0.715072856227    0.0232397770833
0.268    -0.712920453759    -0.0234794866807
0.268    0.0    0.0
0.268    0.712920453759    0.0234794866807
0.269    -0.71075186056    -0.0237199527185
0.269    0.0    0.0
0.269    0.71075186056    0.0237199527185
0.27    -0.708566868624    -0.0239611423332
0.27    0.0    0.0
0.27    0.708566868624    0.0239611423332
0.271    -0.706365265307    -0.0242030215489
0.271    0.0    0.0
0.271    0.706365265307    0.0242030215489
0.272    -0.704146833176    -0.0244455552438
0.272    0.0    0.0
0.272    0.704146833176    0.0244455552438
0.273    -0.701911349845    -0.0246887071166
0.273    0.0    0.0
0.273    0.701911349845    0.0246887071166
0.274    -0.699658587815    -0.0249324396513
0.274    0.0    0.0
0.274    0.699658587815    0.0249324396513
0.275    -0.697388314298    -0.0251767140802
0.275    0.0    0.0
0.275    0.697388314298    0.0251767140802
0.276    -0.69510029104    -0.0254214903461
0.276    0.0    0.0
0.276    0.69510029104    0.0254214903461
0.277    -0.692794274127    -0.025666727063
0.277    0.0    0.0
0.277    0.692794274127    0.025666727063
0.278    -0.690470013796    -0.0259123814743
0.278    0.0    0.0
0.278    0.690470013796    0.0259123814743
0.279    -0.688127254223    -0.026158409411
0.279    0.0    0.0
0.279    0.688127254223    0.026158409411
0.28    -0.685765733312    -0.0264047652466
0.28    0.0    0.0
0.28    0.685765733312    0.0264047652466
0.281    -0.683385182469    -0.0266514018514
0.281    0.0    0.0
0.281    0.683385182469    0.0266514018514
0.282    -0.680985326369    -0.026898270544
0.282    0.0    0.0
0.282    0.680985326369    0.026898270544
0.283    -0.678565882708    -0.0271453210415
0.283    0.0    0.0
0.283    0.678565882708    0.0271453210415
0.284    -0.676126561946    -0.0273925014074
0.284    0.0    0.0
0.284    0.676126561946    0.0273925014074
0.285    -0.673667067038    -0.0276397579968
0.285    0.0    0.0
0.285    0.673667067038    0.0276397579968
0.286    -0.671187093152    -0.0278870354003
0.286    0.0    0.0
0.286    0.671187093152    0.0278870354003
0.287    -0.66868632737    -0.0281342763845
0.287    0.0    0.0
0.287    0.66868632737    0.0281342763845
0.288    -0.66616444838    -0.0283814218302
0.288    0.0    0.0
0.288    0.66616444838    0.0283814218302
0.289    -0.663621126147    -0.0286284106685
0.289    0.0    0.0
0.289    0.663621126147    0.0286284106685
0.29    -0.661056021573    -0.0288751798128
0.29    0.0    0.0
0.29    0.661056021573    0.0288751798128
0.291    -0.658468786134    -0.0291216640889
0.291    0.0    0.0
0.291    0.658468786134    0.0291216640889
0.292    -0.655859061501    -0.0293677961615
0.292    0.0    0.0
0.292    0.655859061501    0.0293677961615
0.293    -0.653226479146    -0.0296135064567
0.293    0.0    0.0
0.293    0.653226479146    0.0296135064567
0.294    -0.650570659918    -0.0298587230821
0.294    0.0    0.0
0.294    0.650570659918    0.0298587230821
0.295    -0.647891213603    -0.0301033717417
0.295    0.0    0.0
0.295    0.647891213603    0.0301033717417
0.296    -0.645187738459    -0.0303473756482
0.296    0.0    0.0
0.296    0.645187738459    0.0303473756482
0.297    -0.642459820725    -0.0305906554297
0.297    0.0    0.0
0.297    0.642459820725    0.0305906554297
0.298    -0.639707034104    -0.0308331290324
0.298    0.0    0.0
0.298    0.639707034104    0.0308331290324
0.299    -0.636928939216    -0.031074711619
0.299    0.0    0.0
0.299    0.636928939216    0.031074711619
0.3    -0.63412508302    -0.0313153154606
0.3    0.0    0.0
0.3    0.63412508302    0.0313153154606
0.301    -0.631294998206    -0.0315548498244
0.301    0.0    0.0
0.301    0.631294998206    0.0315548498244
0.302    -0.628438202549    -0.0317932208548
0.302    0.0    0.0
0.302    0.628438202549    0.0317932208548
0.303    -0.625554198221    -0.0320303314487
0.303    0.0    0.0
0.303    0.625554198221    0.0320303314487
0.304    -0.622642471075    -0.0322660811236
0.304    0.0    0.0
0.304    0.622642471075    0.0322660811236
0.305    -0.619702489873    -0.0325003658791
0.305    0.0    0.0
0.305    0.619702489873    0.0325003658791
0.306    -0.616733705472    -0.0327330780506
0.306    0.0    0.0
0.306    0.616733705472    0.0327330780506
0.307    -0.613735549961    -0.0329641061548
0.307    0.0    0.0
0.307    0.613735549961    0.0329641061548
0.308    -0.610707435743    -0.0331933347267
0.308    0.0    0.0
0.308    0.610707435743    0.0331933347267
0.309    -0.607648754557    -0.0334206441465
0.309    0.0    0.0
0.309    0.607648754557    0.0334206441465
0.31    -0.60455887644    -0.0336459104579
0.31    0.0    0.0
0.31    0.60455887644    0.0336459104579
0.311    -0.601437148617    -0.033869005174
0.311    0.0    0.0
0.311    0.601437148617    0.033869005174
0.312    -0.598282894327    -0.0340897950729
0.312    0.0    0.0
0.312    0.598282894327    0.0340897950729
0.313    -0.595095411553    -0.0343081419797
0.313    0.0    0.0
0.313    0.595095411553    0.0343081419797
0.314    -0.591873971687    -0.0345239025362
0.314    0.0    0.0
0.314    0.591873971687    0.0345239025362
0.315    -0.588617818082    -0.0347369279551
0.315    0.0    0.0
0.315    0.588617818082    0.0347369279551
0.316    -0.585326164517    -0.0349470637586
0.316    0.0    0.0
0.316    0.585326164517    0.0349470637586
0.317    -0.581998193545    -0.035154149501
0.317    0.0    0.0
0.317    0.581998193545    0.035154149501
0.318    -0.578633054724    -0.0353580184712
0.318    0.0    0.0
0.318    0.578633054724    0.0353580184712
0.319    -0.575229862714    -0.0355584973769
0.319    0.0    0.0
0.319    0.575229862714    0.0355584973769
0.32    -0.571787695236    -0.035755406006
0.32    0.0    0.0
0.32    0.571787695236    0.035755406006
0.321    -0.56830559087    -0.0359485568647
0.321    0.0    0.0
0.321    0.56830559087    0.0359485568647
0.322    -0.564782546692    -0.03613775479
0.322    0.0    0.0
0.322    0.564782546692    0.03613775479
0.323    -0.561217515708    -0.0363227965341
0.323    0.0    0.0
0.323    0.561217515708    0.0363227965341
0.324    -0.5576094041    -0.0365034703177
0.324    0.0    0.0
0.324    0.5576094041    0.0365034703177
0.325    -0.553957068233    -0.0366795553506
0.325    0.0    0.0
0.325    0.553957068233    0.0366795553506
0.326    -0.55025931142    -0.0368508213143
0.326    0.0    0.0
0.326    0.55025931142    0.0368508213143
0.327    -0.546514880411    -0.0370170278054
0.327    0.0    0.0
0.327    0.546514880411    0.0370170278054
0.328    -0.542722461574    -0.0371779237334
0.328    0.0    0.0
0.328    0.542722461574    0.0371779237334
0.329    -0.53888067675    -0.0373332466697
0.329    0.0    0.0
0.329    0.53888067675    0.0373332466697
0.33    -0.53498807872    -0.0374827221433
0.33    0.0    0.0
0.33    0.53498807872    0.0374827221433
0.331    -0.531043146267    -0.0376260628747
0.331    0.0    0.0
0.331    0.531043146267    0.0376260628747
0.332    -0.527044278774    -0.0377629679449
0.332    0.0    0.0
0.332    0.527044278774    0.0377629679449
0.333    -0.522989790302    -0.0378931218892
0.333    0.0    0.0
0.333    0.522989790302    0.0378931218892
0.334    -0.518877903087    -0.0380161937095
0.334    0.0    0.0
0.334    0.518877903087    0.0380161937095
0.335    -0.514706740396    -0.038131835793
0.335    0.0    0.0
0.335    0.514706740396    0.038131835793
0.336    -0.510474318639    -0.0382396827295
0.336    0.0    0.0
0.336    0.510474318639    0.0382396827295
0.337    -0.506178538674    -0.0383393500113
0.337    0.0    0.0
0.337    0.506178538674    0.0383393500113
0.338    -0.501817176161    -0.0384304326038
0.338    0.0    0.0
0.338    0.501817176161    0.0384304326038
0.339    -0.497387870872    -0.0385125033679
0.339    0.0    0.0
0.339    0.497387870872    0.0385125033679
0.34    -0.492888114796    -0.0385851113165
0.34    0.0    0.0
0.34    0.492888114796    0.0385851113165
0.341    -0.488315238866    -0.0386477796812
0.341    0.0    0.0
0.341    0.488315238866    0.0386477796812
0.342    -0.483666398125    -0.038700003763
0.342    0.0    0.0
0.342    0.483666398125    0.038700003763
0.343    -0.478938555078    -0.0387412485371
0.343    0.0    0.0
0.343    0.478938555078    0.0387412485371
0.344    -0.474128460972    -0.0387709459732
0.344    0.0    0.0
0.344    0.474128460972    0.0387709459732
0.345    -0.469232634667    -0.0387884920309
0.345    0.0    0.0
0.345    0.469232634667    0.0387884920309
0.346    -0.464247338711    -0.0387932432766
0.346    0.0    0.0
0.346    0.464247338711    0.0387932432766
0.347    -0.459168552155    -0.0387845130626
0.347    0.0    0.0
0.347    0.459168552155    0.0387845130626
0.348    -0.453991939544    -0.038761567195
0.348    0.0    0.0
0.348    0.453991939544    0.038761567195
0.349    -0.448712815411    -0.0387236190014
0.349    0.0    0.0
0.349    0.448712815411    0.0387236190014
0.35    -0.443326103443    -0.0386698236922
0.35    0.0    0.0
0.35    0.443326103443    0.0386698236922
0.351    -0.437826289315    -0.0385992718857
0.351    0.0    0.0
0.351    0.437826289315    0.0385992718857
0.352    -0.43220736594    -0.038510982135
0.352    0.0    0.0
0.352    0.43220736594    0.038510982135
0.353    -0.4264627696    -0.0384038922601
0.353    0.0    0.0
0.353    0.4264627696    0.0384038922601
0.354    -0.420585305014    -0.0382768492383
0.354    0.0    0.0
0.354    0.420585305014    0.0382768492383
0.355    -0.414567056928    -0.0381285973415
0.355    0.0    0.0
0.355    0.414567056928    0.0381285973415
0.356    -0.408399285111    -0.0379577641289
0.356    0.0    0.0
0.356    0.408399285111    0.0379577641289
0.357    -0.402072298812    -0.0377628437919
0.357    0.0    0.0
0.357    0.402072298812    0.0377628437919
0.358    -0.395575305518    -0.0375421772024
0.358    0.0    0.0
0.358    0.395575305518    0.0375421772024
0.359    -0.388896227292    -0.0372939278177
0.359    0.0    0.0
0.359    0.388896227292    0.0372939278177
0.36    -0.38202147575    -0.0370160523215
0.36    0.0    0.0
0.36    0.38202147575    0.0370160523215
0.361    -0.374935673698    -0.0367062645033
0.361    0.0    0.0
0.361    0.374935673698    0.0367062645033
0.362    -0.367621307111    -0.0363619903423
0.362    0.0    0.0
0.362    0.367621307111    0.0363619903423
0.363    -0.360058284856    -0.0359803114906
0.363    0.0    0.0
0.363    0.360058284856    0.0359803114906
0.364    -0.352223374396    -0.0355578932211
0.364    0.0    0.0
0.364    0.352223374396    0.0355578932211
0.365    -0.344089467892    -0.0350908912147
0.365    0.0    0.0
0.365    0.344089467892    0.0350908912147
0.366    -0.335624611861    -0.0345748289627
0.366    0.0    0.0
0.366    0.335624611861    0.0345748289627
0.367    -0.326790700032    -0.0340044334743
0.367    0.0    0.0
0.367    0.326790700032    0.0340044334743
0.368    -0.317541674396    -0.0333734103378
0.368    0.0    0.0
0.368    0.317541674396    0.0333734103378
0.369    -0.307820987349    -0.0326741280147
0.369    0.0    0.0
0.369    0.307820987349    0.0326741280147
0.37    -0.297557916121    -0.0318971616944
0.37    0.0    0.0
0.37    0.297557916121    0.0318971616944
0.371    -0.286662022993    -0.0310306111291
0.371    0.0    0.0
0.371    0.286662022993    0.0310306111291
0.372    -0.275014474826    -0.0300590371084
0.372    0.0    0.0
0.372    0.275014474826    0.0300590371084
0.373    -0.262453725093    -0.0289617160212
0.373    0.0    0.0
0.373    0.262453725093    0.0289617160212
0.374    -0.24875030935    -0.0277095826598
0.374    0.0    0.0
0.374    0.24875030935    0.0277095826598
0.375    -0.233558516054    -0.0262593974703
0.375    0.0    0.0
0.375    0.233558516054    0.0262593974703
0.376    -0.216312093221    -0.024541223104
0.376    0.0    0.0
0.376    0.216312093221    0.024541223104
0.377    -0.195955766907    -0.022426351206
0.377    0.0    0.0
0.377    0.195955766907    0.022426351206
0.378    -0.170009565165    -0.019616129849
0.378    -0.0120896911416    -0.00137435095163
0.378    0.0    0.0
0.378    0.0120896911416    0.00137435095163
0.378    0.170009565165    0.019616129849
0.379    -0.127462940192    -0.0148032724716
0.379    -0.0565168644481    -0.00651968040178
0.379    0.0    0.0
0.379    0.0565168644481    0.00651968040178
0.379    0.127462940192    0.0148032724716
0.38    0.0    0.0
0.381    0.0    0.0
0.382    0.0    0.0
0.383    0.0    0.0
0.384    0.0    0.0
0.385    0.0    0.0
0.386    0.0    0.0
0.387    0.0    0.0
0.388    0.0    0.0
0.389    0.0    0.0
0.39    0.0    0.0
0.391    0.0    0.0
0.392    0.0    0.0
0.393    0.0    0.0
0.394    0.0    0.0
0.395    0.0    0.0
0.396    0.0    0.0
0.397    0.0    0.0
0.398    0.0    0.0
0.399    0.0    0.0
0.4    0.0    0.0
0.401    0.0    0.0
0.402    0.0    0.0
0.403    0.0    0.0
0.404    0.0    0.0
0.405    0.0    0.0
0.406    0.0    0.0
0.407    0.0    0.0
0.408    0.0    0.0
0.409    0.0    0.0
0.41    0.0    0.0
0.411    0.0    0.0
0.412    0.0    0.0
0.413    0.0    0.0
0.414    0.0    0.0
0.415    0.0    0.0
0.416    0.0    0.0
0.417    0.0    0.0
0.418    0.0    0.0
0.419    0.0    0.0
0.42    0.0    0.0
0.421    0.0    0.0
0.422    0.0    0.0
0.423    0.0    0.0
0.424    0.0    0.0
0.425    0.0    0.0
0.426    0.0    0.0
0.427    0.0    0.0
0.428    0.0    0.0
0.429    0.0    0.0
0.43    0.0    0.0
0.431    0.0    0.0
0.432    0.0    0.0
0.433    0.0    0.0
0.434    0.0    0.0
0.435    0.0    0.0
0.436    0.0    0.0
0.437    0.0    0.0
0.438    0.0    0.0
0.439    0.0    0.0
0.44    0.0    0.0
0.441    0.0    0.0
0.442    0.0    0.0
0.443    0.0    0.0
0.444    0.0    0.0
0.445    0.0    0.0
0.446    0.0    0.0
0.447    0.0    0.0
0.448    0.0    0.0
0.449    0.0    0.0
0.45    0.0    0.0
0.451    0.0    0.0
0.452    0.0    0.0
0.453    0.0    0.0
0.454    0.0    0.0
0.455    0.0    0.0
0.456    0.0    0.0
0.457    0.0    0.0
0.458    0.0    0.0
0.459    0.0    0.0
0.46    0.0    0.0
0.461    0.0    0.0
0.462    0.0    0.0
0.463    0.0    0.0
0.464    0.0    0.0
0.465    0.0    0.0
0.466    0.0    0.0
0.467    0.0    0.0
0.468    0.0    0.0
0.469    0.0    0.0
0.47    0.0    0.0
0.471    0.0    0.0
0.472    0.0    0.0
0.473    0.0    0.0
0.474    0.0    0.0
0.475    0.0    0.0
0.476    0.0    0.0
0.477    0.0    0.0
0.478    0.0    0.0
0.479    0.0    0.0
0.48    0.0    0.0
0.481    0.0    0.0
0.482    0.0    0.0
0.483    0.0    0.0
0.484    0.0    0.0
0.485    0.0    0.0
0.486    0.0    0.0
0.487    0.0    0.0
0.488    0.0    0.0
0.489    0.0    0.0
0.49    0.0    0.0
0.491    0.0    0.0
0.492    0.0    0.0
0.493    0.0    0.0
0.494    0.0    0.0
0.495    0.0    0.0
0.496    0.0    0.0
0.497    0.0    0.0
0.498    0.0    0.0
0.499    0.0    0.0
0.5    0.0    0.0
0.501    0.0    0.0
0.502    0.0    0.0
0.503    0.0    0.0
0.504    0.0    0.0
0.505    0.0    0.0
0.506    0.0    0.0
0.507    0.0    0.0
0.508    0.0    0.0
0.509    0.0    0.0
0.51    0.0    0.0
0.511    0.0    0.0
0.512    0.0    0.0
0.513    0.0    0.0
0.514    0.0    0.0
0.515    0.0    0.0
0.516    0.0    0.0
0.517    0.0    0.0
0.518    0.0    0.0
0.519    0.0    0.0
0.52    0.0    0.0
0.521    0.0    0.0
0.522    0.0    0.0
0.523    0.0    0.0
0.524    0.0    0.0
0.525    0.0    0.0
0.526    0.0    0.0
0.527    0.0    0.0
0.528    0.0    0.0
0.529    0.0    0.0
0.53    0.0    0.0
0.531    0.0    0.0
0.532    0.0    0.0
0.533    0.0    0.0
0.534    0.0    0.0
0.535    0.0    0.0
0.536    0.0    0.0
0.537    0.0    0.0
0.538    0.0    0.0
0.539    0.0    0.0
0.54    0.0    0.0
0.541    0.0    0.0
0.542    0.0    0.0
0.543    0.0    0.0
0.544    0.0    0.0
0.545    0.0    0.0
0.546    0.0    0.0
0.547    0.0    0.0
0.548    0.0    0.0
0.549    0.0    0.0
0.55    0.0    0.0
0.551    0.0    0.0
0.552    0.0    0.0
0.553    0.0    0.0
0.554    0.0    0.0
0.555    0.0    0.0
0.556    0.0    0.0
0.557    0.0    0.0
0.558    0.0    0.0
0.559    0.0    0.0
0.56    0.0    0.0
0.561    0.0    0.0
0.562    0.0    0.0
0.563    0.0    0.0
0.564    0.0    0.0
0.565    0.0    0.0
0.566    0.0    0.0
0.567    0.0    0.0
0.568    0.0    0.0
0.569    0.0    0.0
0.57    0.0    0.0
0.571    0.0    0.0
0.572    0.0    0.0
0.573    0.0    0.0
0.574    0.0    0.0
0.575    0.0    0.0
0.576    0.0    0.0
0.577    0.0    0.0
0.578    0.0    0.0
0.579    0.0    0.0
0.58    0.0    0.0
0.581    0.0    0.0
0.582    0.0    0.0
0.583    0.0    0.0
0.584    0.0    0.0
0.585    0.0    0.0
0.586    0.0    0.0
0.587    0.0    0.0
0.588    0.0    0.0
0.589    0.0    0.0
0.59    0.0    0.0
0.591    0.0    0.0
0.592    0.0    0.0
0.593    0.0    0.0
0.594    0.0    0.0
0.595    0.0    0.0
0.596    0.0    0.0
0.597    0.0    0.0
0.598    0.0    0.0
0.599    0.0    0.0
0.6    0.0    0.0
0.601    0.0    0.0
0.602    0.0    0.0
0.603    0.0    0.0
0.604    0.0    0.0
0.605    0.0    0.0
0.606    0.0    0.0
0.607    0.0    0.0
0.608    0.0    0.0
0.609    0.0    0.0
0.61    0.0    0.0
0.611    0.0    0.0
0.612    0.0    0.0
0.613    0.0    0.0
0.614    0.0    0.0
0.615    0.0    0.0
0.616    0.0    0.0
0.617    0.0    0.0
0.618    0.0    0.0
0.619    0.0    0.0
0.62    0.0    0.0
0.621    0.0    0.0
0.622    0.0    0.0
0.623    0.0    0.0
0.624    0.0    0.0
0.625    0.0    0.0
0.626    0.0    0.0
0.627    0.0    0.0
0.628    0.0    0.0
0.629    0.0    0.0
0.63    0.0    0.0
0.631    0.0    0.0
0.632    0.0    0.0
0.633    0.0    0.0
0.634    0.0    0.0
0.635    0.0    0.0
0.636    0.0    0.0
0.637    0.0    0.0
0.638    0.0    0.0
0.639    0.0    0.0
0.64    0.0    0.0
0.641    0.0    0.0
0.642    0.0    0.0
0.643    0.0    0.0
0.644    0.0    0.0
0.645    0.0    0.0
0.646    0.0    0.0
0.647    0.0    0.0
0.648    0.0    0.0
0.649    0.0    0.0
0.65    0.0    0.0
0.651    0.0    0.0
0.652    0.0    0.0
0.653    0.0    0.0
0.654    0.0    0.0
0.655    0.0    0.0
0.656    0.0    0.0
0.657    0.0    0.0
0.658    0.0    0.0
0.659    0.0    0.0
0.66    0.0    0.0
0.661    0.0    0.0
0.662    0.0    0.0
0.663    0.0    0.0
0.664    0.0    0.0
0.665    0.0    0.0
0.666    0.0    0.0
0.667    0.0    0.0
0.668    0.0    0.0
0.669    0.0    0.0
0.67    0.0    0.0
0.671    0.0    0.0
0.672    0.0    0.0
0.673    0.0    0.0
0.674    0.0    0.0
0.675    0.0    0.0
0.676    0.0    0.0
0.677    0.0    0.0
0.678    0.0    0.0
0.679    0.0    0.0
0.68    0.0    0.0
0.681    0.0    0.0
0.682    0.0    0.0
0.683    0.0    0.0
0.684    0.0    0.0
0.685    0.0    0.0
0.686    0.0    0.0
0.687    0.0    0.0
0.688    0.0    0.0
0.689    0.0    0.0
0.69    0.0    0.0
0.691    0.0    0.0
0.692    0.0    0.0
0.693    0.0    0.0
0.694    0.0    0.0
0.695    0.0    0.0
0.696    0.0    0.0
0.697    0.0    0.0
0.698    0.0    0.0
0.699    0.0    0.0
0.7    0.0    0.0
0.701    0.0    0.0
0.702    0.0    0.0
0.703    0.0    0.0
0.704    0.0    0.0
0.705    0.0    0.0
0.706    0.0    0.0
0.707    0.0    0.0
0.708    0.0    0.0
0.709    0.0    0.0
0.71    0.0    0.0
0.711    0.0    0.0
0.712    0.0    0.0
0.713    0.0    0.0
0.714    0.0    0.0
0.715    0.0    0.0
0.716    0.0    0.0
0.717    0.0    0.0
0.718    0.0    0.0
0.719    0.0    0.0
0.72    0.0    0.0
0.721    0.0    0.0
0.722    0.0    0.0
0.723    0.0    0.0
0.724    0.0    0.0
0.725    0.0    0.0
0.726    0.0    0.0
0.727    0.0    0.0
0.728    0.0    0.0
0.729    0.0    0.0
0.73    0.0    0.0
0.731    0.0    0.0
0.732    0.0    0.0
0.733    0.0    0.0
0.734    0.0    0.0
0.735    0.0    0.0
0.736    0.0    0.0
0.737    0.0    0.0
0.738    0.0    0.0
0.739    0.0    0.0
0.74    0.0    0.0
0.741    0.0    0.0
0.742    0.0    0.0
0.743    0.0    0.0
0.744    0.0    0.0
0.745    0.0    0.0
0.746    0.0    0.0
0.747    0.0    0.0
0.748    0.0    0.0
0.749    0.0    0.0
0.75    0.0    0.0
0.751    0.0    0.0
0.752    0.0    0.0
0.753    0.0    0.0
0.754    0.0    0.0
0.755    0.0    0.0
0.756    0.0    0.0
0.757    0.0    0.0
0.758    0.0    0.0
0.759    0.0    0.0
0.76    0.0    0.0
0.761    0.0    0.0
0.762    0.0    0.0
0.763    0.0    0.0
0.764    0.0    0.0
0.765    0.0    0.0
0.766    0.0    0.0
0.767    0.0    0.0
0.768    0.0    0.0
0.769    0.0    0.0
0.77    0.0    0.0
0.771    0.0    0.0
0.772    0.0    0.0
0.773    0.0    0.0
0.774    0.0    0.0
0.775    0.0    0.0
0.776    0.0    0.0
0.777    0.0    0.0
0.778    0.0    0.0
0.779    0.0    0.0
0.78    0.0    0.0
0.781    0.0    0.0
0.782    0.0    0.0
0.783    0.0    0.0
0.784    0.0    0.0
0.785    0.0    0.0
0.786    0.0    0.0
0.787    0.0    0.0
0.788    0.0    0.0
0.789    0.0    0.0
0.79    0.0    0.0
0.791    0.0    0.0
0.792    0.0    0.0
0.793    0.0    0.0
0.794    0.0    0.0
0.795    0.0    0.0
0.796    0.0    0.0
0.797    0.0    0.0
0.798    0.0    0.0
0.799    0.0    0.0
0.8    0.0    0.0
0.801    0.0    0.0
0.802    0.0    0.0
0.803    0.0    0.0
0.804    0.0    0.0
0.805    0.0    0.0
0.806    0.0    0.0
0.807    0.0    0.0
0.808    0.0    0.0
0.809    0.0    0.0
0.81    0.0    0.0
0.811    0.0    0.0
0.812    0.0    0.0
0.813    0.0    0.0
0.814    0.0    0.0
0.815    0.0    0.0
0.816    0.0    0.0
0.817    0.0    0.0
0.818    0.0    0.0
0.819    0.0    0.0
0.82    0.0    0.0
0.821    0.0    0.0
0.822    0.0    0.0
0.823    0.0    0.0
0.824    0.0    0.0
0.825    0.0    0.0
0.826    0.0    0.0
0.827    0.0    0.0
0.828    0.0    0.0
0.829    0.0    0.0
0.83    0.0    0.0
0.831    0.0    0.0
0.832    0.0    0.0
0.833    0.0    0.0
0.834    0.0    0.0
0.835    0.0    0.0
0.836    0.0    0.0
0.837    0.0    0.0
0.838    0.0    0.0
0.839    0.0    0.0
0.84    0.0    0.0
0.841    0.0    0.0
0.842    0.0    0.0
0.843    0.0    0.0
0.844    0.0    0.0
0.845    0.0    0.0
0.846    0.0    0.0
0.847    0.0    0.0
0.848    0.0    0.0
0.849    0.0    0.0
0.85    0.0    0.0
0.851    0.0    0.0
0.852    0.0    0.0
0.853    0.0    0.0
0.854    0.0    0.0
0.855    0.0    0.0
0.856    0.0    0.0
0.857    0.0    0.0
0.858    0.0    0.0
0.859    0.0    0.0
0.86    0.0    0.0
0.861    0.0    0.0
0.862    0.0    0.0
0.863    0.0    0.0
0.864    0.0    0.0
0.865    0.0    0.0
0.866    0.0    0.0
0.867    0.0    0.0
0.868    0.0    0.0
0.869    0.0    0.0
0.87    0.0    0.0
0.871    0.0    0.0
0.872    0.0    0.0
0.873    0.0    0.0
0.874    0.0    0.0
0.875    0.0    0.0
0.876    0.0    0.0
0.877    0.0    0.0
0.878    0.0    0.0
0.879    0.0    0.0
0.88    0.0    0.0
0.881    0.0    0.0
0.882    0.0    0.0
0.883    0.0    0.0
0.884    0.0    0.0
0.885    0.0    0.0
0.886    0.0    0.0
0.887    0.0    0.0
0.888    0.0    0.0
0.889    0.0    0.0
0.89    0.0    0.0
0.891    0.0    0.0
0.892    0.0    0.0
0.893    0.0    0.0
0.894    0.0    0.0
0.895    0.0    0.0
0.896    0.0    0.0
0.897    0.0    0.0
0.898    0.0    0.0
0.899    0.0    0.0
0.9    0.0    0.0
0.901    0.0    0.0
0.902    0.0    0.0
0.903    0.0    0.0
0.904    0.0    0.0
0.905    0.0    0.0
0.906    0.0    0.0
0.907    0.0    0.0
0.908    0.0    0.0
0.909    0.0    0.0
0.91    0.0    0.0
0.911    0.0    0.0
0.912    0.0    0.0
0.913    0.0    0.0
0.914    0.0    0.0
0.915    0.0    0.0
0.916    0.0    0.0
0.917    0.0    0.0
0.918    0.0    0.0
0.919    0.0    0.0
0.92    0.0    0.0
0.921    0.0    0.0
0.922    0.0    0.0
0.923    0.0    0.0
0.924    0.0    0.0
0.925    0.0    0.0
0.926    0.0    0.0
0.927    0.0    0.0
0.928    0.0    0.0
0.929    0.0    0.0
0.93    0.0    0.0
0.931    0.0    0.0
0.932    0.0    0.0
0.933    0.0    0.0
0.934    0.0    0.0
0.935    0.0    0.0
0.936    0.0    0.0
0.937    0.0    0.0
0.938    0.0    0.0
0.939    0.0    0.0
0.94    0.0    0.0
0.941    0.0    0.0
0.942    0.0    0.0
0.943    0.0    0.0
0.944    0.0    0.0
0.945    0.0    0.0
0.946    0.0    0.0
0.947    0.0    0.0
0.948    0.0    0.0
0.949    0.0    0.0
0.95    0.0    0.0
0.951    0.0    0.0
0.952    0.0    0.0
0.953    0.0    0.0
0.954    0.0    0.0
0.955    0.0    0.0
0.956    0.0    0.0
0.957    0.0    0.0
0.958    0.0    0.0
0.959    0.0    0.0
0.96    0.0    0.0
0.961    0.0    0.0
0.962    0.0    0.0
0.963    0.0    0.0
0.964    0.0    0.0
0.965    0.0    0.0
0.966    0.0    0.0
0.967    0.0    0.0
0.968    0.0    0.0
0.969    0.0    0.0
0.97    0.0    0.0
0.971    0.0    0.0
0.972    0.0    0.0
0.973    0.0    0.0
0.974    0.0    0.0
0.975    0.0    0.0
0.976    0.0    0.0
0.977    0.0    0.0
0.978    0.0    0.0
0.979    0.0    0.0
0.98    0.0    0.0
0.981    0.0    0.0
0.982    0.0    0.0
0.983    0.0    0.0
0.984    0.0    0.0
0.985    0.0    0.0
0.986    0.0    0.0
0.987    0.0    0.0
0.988    0.0    0.0
0.989    0.0    0.0
0.99    0.0    0.0
0.991    0.0    0.0
0.992    0.0    0.0
0.993    0.0    0.0
0.994    0.0    0.0
0.995    0.0    0.0
0.996    0.0    0.0
0.997    0.0    0.0
0.998    0.0    0.0
0.999    0.0    0.0
1.0    0.0    0.0
