0	-1.	0.
0	0.	0.
0	1.	0.
1	-0.9994988729340807	-1.0014998706776964e-9
1	0	0
1	0.9994988729340807	1.0014998706776964e-9
2	-0.9989954834452076	-8.0239957227433e-9
2	0	0
2	0.9989954834452076	8.0239957227433e-9
3	-0.9984898190346879	-2.7121466459683875e-8
3	0	0
3	0.9984898190346879	2.7121466459683875e-8
4	-0.9979818671206276	-6.438385417466643e-8
4	0	0
4	0.9979818671206276	6.438385417466643e-8
5	-0.9974716150372909	-1.2593704122175012e-7
5	0	0
5	0.9974716150372909	1.2593704122175012e-7
6	-0.9969590500344544	-2.1794282403129208e-7
6	0	0
6	0.9969590500344544	2.1794282403129208e-7
7	-0.9964441592767556	-3.465988836181341e-7
7	0	0
7	0.9964441592767556	3.465988836181341e-7
8	-0.9959269298430345	-5.181387527305471e-7
8	0	0
8	0.9959269298430345	5.181387527305471e-7
9	-0.9954073487256705	-7.388317795872999e-7
9	0	0
9	0.9954073487256705	7.388317795872999e-7
10	-0.9948854028299107	-1.0149830881495906e-6
10	0	0
10	0.9948854028299107	1.0149830881495906e-6
11	-0.9943610789731958	-1.3529335348739585e-6
11	0	0
11	0.9943610789731958	1.3529335348739585e-6
12	-0.9938343638844767	-1.7590596618916535e-6
12	0	0
12	0.9938343638844767	1.7590596618916535e-6
13	-0.9933052442035254	-2.239773646559291e-6
13	0	0
13	0.9933052442035254	2.239773646559291e-6
14	-0.9927737064802407	-2.801523247324982e-6
14	0	0
14	0.9927737064802407	2.801523247324982e-6
15	-0.992239737173946	-3.450791745853477e-6
15	0	0
15	0.992239737173946	3.450791745853477e-6
16	-0.9917033226526817	-4.194097885353149e-6
16	0	0
16	0.9917033226526817	4.194097885353149e-6
17	-0.9911644491924904	-5.037995805047046e-6
17	0	0
17	0.9911644491924904	5.037995805047046e-6
18	-0.990623102976695	-5.989074970729478e-6
18	0	0
18	0.990623102976695	5.989074970729478e-6
19	-0.9900792700951716	-7.0539601013489925e-6
19	0	0
19	0.9900792700951716	7.0539601013489925e-6
20	-0.9895329365436139	-8.239311091557847e-6
20	0	0
20	0.9895329365436139	8.239311091557847e-6
21	-0.9889840882227914	-9.551822930167346e-6
21	0	0
21	0.9889840882227914	9.551822930167346e-6
22	-0.9884327109378008	-0.000010998225614447842
22	0	0
22	0.9884327109378008	0.000010998225614447842
23	-0.9878787903973105	-0.000012585284060211294
23	0	0
23	0.9878787903973105	0.000012585284060211294
24	-0.9873223122127968	-0.000014319798007613641
24	0	0
24	0.9873223122127968	0.000014319798007613641
25	-0.9867632618977743	-0.000016208601922613564
25	0	0
25	0.9867632618977743	0.000016208601922613564
26	-0.9862016248670188	-0.00001825856489402331
26	0	0
26	0.9862016248670188	0.00001825856489402331
27	-0.9856373864357809	-0.000020476590526086633
27	0	0
27	0.9856373864357809	0.000020476590526086633
28	-0.9850705318189958	-0.000022869616826518147
28	0	0
28	0.9850705318189958	0.000022869616826518147
29	-0.9845010461304818	-0.000025444616089937332
29	0	0
29	0.9845010461304818	0.000025444616089937332
30	-0.9839289143821334	-0.000028208594776630164
30	0	0
30	0.9839289143821334	0.000028208594776630164
31	-0.9833541214831059	-0.000031168593386570075
31	0	0
31	0.9833541214831059	0.000031168593386570075
32	-0.9827766522389926	-0.00003433168632862927
32	0	0
32	0.9827766522389926	0.00003433168632862927
33	-0.9821964913509942	-0.00003770498178491089
33	0	0
33	0.9821964913509942	0.00003770498178491089
34	-0.9816136234150782	-0.00004129562157013109
34	0	0
34	0.9816136234150782	0.00004129562157013109
35	-0.9810280329211344	-0.00004511078098598018
35	0	0
35	0.9810280329211344	0.00004511078098598018
36	-0.9804397042521175	-0.00004915766867038989
36	0	0
36	0.9804397042521175	0.00004915766867038989
37	-0.9798486216831848	-0.000053443526441634355
37	0	0
37	0.9798486216831848	0.000053443526441634355
38	-0.9792547693808241	-0.000057975629137190335
38	0	0
38	0.9792547693808241	0.000057975629137190335
39	-0.9786581314019734	-0.00006276128444728207
39	0	0
39	0.9786581314019734	0.00006276128444728207
40	-0.978058691693132	-0.00006780783274303498
40	0	0
40	0.978058691693132	0.00006780783274303498
41	-0.9774564340894629	-0.00007312264689916163
41	0	0
41	0.9774564340894629	0.00007312264689916163
42	-0.9768513423138864	-0.00007871313211110224
42	0	0
42	0.9768513423138864	0.00007871313211110224
43	-0.9762433999761657	-0.00008458672570654167
43	0	0
43	0.9762433999761657	0.00008458672570654167
44	-0.9756325905719815	-0.0000907508969512227
44	0	0
44	0.9756325905719815	0.0000907508969512227
45	-0.9750188974819999	-0.00009721314684897634
45	0	0
45	0.9750188974819999	0.00009721314684897634
46	-0.9744023039709291	-0.0001039810079358868
46	0	0
46	0.9744023039709291	0.0001039810079358868
47	-0.9737827931865689	-0.00011106204406850945
47	0	0
47	0.9737827931865689	0.00011106204406850945
48	-0.973160348158848	-0.0001184638502060583
48	0	0
48	0.973160348158848	0.0001184638502060583
49	-0.9725349517988549	-0.00012619405218647887
49	0	0
49	0.9725349517988549	0.00012619405218647887
50	-0.9719065868978564	-0.00013426030649632068
50	0	0
50	0.9719065868978564	0.00013426030649632068
51	-0.9712752361263085	-0.00014267030003432398
51	0	0
51	0.9712752361263085	0.00014267030003432398
52	-0.9706408820328564	-0.00015143174986863205
52	0	0
52	0.9706408820328564	0.00015143174986863205
53	-0.970003507043324	-0.00016055240298754208
53	0	0
53	0.970003507043324	0.00016055240298754208
54	-0.9693630934596952	-0.00017004003604370387
54	0	0
54	0.9693630934596952	0.00017004003604370387
55	-0.9687196234590819	-0.00017990245509167657
55	0	0
55	0.9687196234590819	0.00017990245509167657
56	-0.9680730790926859	-0.00019014749531875175
56	0	0
56	0.9680730790926859	0.00019014749531875175
57	-0.967423442284746	-0.00020078302076894917
57	0	0
57	0.967423442284746	0.00020078302076894917
58	-0.966770694831477	-0.00021181692406009302
58	0	0
58	0.966770694831477	0.00021181692406009302
59	-0.966114818399998	-0.00022325712609387138
59	0	0
59	0.966114818399998	0.00022325712609387138
60	-0.9654557945272486	-0.00023511157575878438
60	0	0
60	0.9654557945272486	0.00023511157575878438
61	-0.964793604618895	-0.0002473882496258834
61	0	0
61	0.964793604618895	0.0002473882496258834
62	-0.964128229948225	-0.00026009515163720167
62	0	0
62	0.964128229948225	0.00026009515163720167
63	-0.9634596516550311	-0.00027324031278677685
63	0	0
63	0.9634596516550311	0.00027324031278677685
64	-0.9627878507444834	-0.00028683179079416656
64	0	0
64	0.9627878507444834	0.00028683179079416656
65	-0.9621128080859889	-0.00030087766977035
65	0	0
65	0.9621128080859889	0.00030087766977035
66	-0.9614345044120419	-0.0003153860598759182
66	0	0
66	0.9614345044120419	0.0003153860598759182
67	-0.9607529203170604	-0.0003303650969714411
67	0	0
67	0.9607529203170604	0.0003303650969714411
68	-0.9600680362562108	-0.00034582294225991194
68	0	0
68	0.9600680362562108	0.00034582294225991194
69	-0.9593798325442223	-0.0003617677819211559
69	0	0
69	0.9593798325442223	0.0003617677819211559
70	-0.9586882893541862	-0.0003782078267380995
70	0	0
70	0.9586882893541862	0.0003782078267380995
71	-0.9579933867163454	-0.0003951513117147836
71	0	0
71	0.9579933867163454	0.0003951513117147836
72	-0.9572951045168695	-0.00041260649568601615
72	0	0
72	0.9572951045168695	0.00041260649568601615
73	-0.9565934224966184	-0.0004305816609185452
73	0	0
73	0.9565934224966184	0.0004305816609185452
74	-0.9558883202498922	-0.00044908511270364335
74	0	0
74	0.9558883202498922	0.00044908511270364335
75	-0.9551797772231688	-0.0004681251789409812
75	0	0
75	0.9551797772231688	0.0004681251789409812
76	-0.9544677727138274	-0.0004877102097136772
76	0	0
76	0.9544677727138274	0.0004877102097136772
77	-0.9537522858688593	-0.0005078485768544063
77	0	0
77	0.9537522858688593	0.0005078485768544063
78	-0.9530332956835649	-0.00052854867350244
78	0	0
78	0.9530332956835649	0.00052854867350244
79	-0.9523107810002372	-0.0005498189136515037
79	0	0
79	0.9523107810002372	0.0005498189136515037
80	-0.9515847205068317	-0.000571667731688323
80	0	0
80	0.9515847205068317	0.000571667731688323
81	-0.9508550927356209	-0.0005941035819217329
81	0	0
81	0.9508550927356209	0.0005941035819217329
82	-0.9501218760618356	-0.0006171349381022309
82	0	0
82	0.9501218760618356	0.0006171349381022309
83	-0.949385048702293	-0.0006407702929318321
83	0	0
83	0.949385048702293	0.0006407702929318321
84	-0.948644588714007	-0.0006650181575641117
84	0	0
84	0.948644588714007	0.0006650181575641117
85	-0.9479004739927869	-0.0006898870610942885
85	0	0
85	0.9479004739927869	0.0006898870610942885
86	-0.9471526822718193	-0.0007153855500392277
86	0	0
86	0.9471526822718193	0.0007153855500392277
87	-0.9464011911202354	-0.0007415221878072191
87	0	0
87	0.9464011911202354	0.0007415221878072191
88	-0.9456459779416626	-0.0007683055541573986
88	0	0
88	0.9456459779416626	0.0007683055541573986
89	-0.9448870199727615	-0.0007957442446486719
89	0	0
89	0.9448870199727615	0.0007957442446486719
90	-0.9441242942817456	-0.0008238468700779994
90	0	0
90	0.9441242942817456	0.0008238468700779994
91	-0.9433577777668865	-0.0008526220559078997
91	0	0
91	0.9433577777668865	0.0008526220559078997
92	-0.9425874471550021	-0.0008820784416830296
92	0	0
92	0.9425874471550021	0.0008820784416830296
93	-0.941813278999928	-0.0009122246804356882
93	0	0
93	0.941813278999928	0.0009122246804356882
94	-0.9410352496809739	-0.0009430694380801024
94	0	0
94	0.9410352496809739	0.0009430694380801024
95	-0.9402533354013616	-0.0009746213927953404
95	0	0
95	0.9402533354013616	0.0009746213927953404
96	-0.9394675121866468	-0.0010068892343966988
96	0	0
96	0.9394675121866468	0.0010068892343966988
97	-0.9386777558831227	-0.0010398816636954114
97	0	0
97	0.9386777558831227	0.0010398816636954114
98	-0.9378840421562077	-0.001073607391846523
98	0	0
98	0.9378840421562077	0.001073607391846523
99	-0.9370863464888141	-0.001108075139684763
99	0	0
99	0.9370863464888141	0.001108075139684763
100	-0.9362846441796986	-0.0011432936370482673
100	0	0
100	0.9362846441796986	0.0011432936370482673
101	-0.9354789103417963	-0.0011792716220899746
101	0	0
101	0.9354789103417963	0.0011792716220899746
102	-0.9346691199005341	-0.001216017840576539
102	0	0
102	0.9346691199005341	0.001216017840576539
103	-0.9338552475921276	-0.0012535410451745845
103	0	0
103	0.9338552475921276	0.0012535410451745845
104	-0.9330372679618566	-0.0012918499947241365
104	0	0
104	0.9330372679618566	0.0012918499947241365
105	-0.9322151553623239	-0.0013309534534990501
105	0	0
105	0.9322151553623239	0.0013309534534990501
106	-0.9313888839516932	-0.0013708601904542674
106	0	0
106	0.9313888839516932	0.0013708601904542674
107	-0.9305584276919068	-0.0014115789784597168
107	0	0
107	0.9305584276919068	0.0014115789784597168
108	-0.9297237603468855	-0.0014531185935206833
108	0	0
108	0.9297237603468855	0.0014531185935206833
109	-0.9288848554807061	-0.0014954878139844569
109	0	0
109	0.9288848554807061	0.0014954878139844569
110	-0.9280416864557591	-0.0015386954197330776
110	0	0
110	0.9280416864557591	0.0015386954197330776
111	-0.927194226430886	-0.0015827501913619909
111	0	0
111	0.927194226430886	0.0015827501913619909
112	-0.9263424483594944	-0.0016276609093444148
112	0	0
112	0.9263424483594944	0.0016276609093444148
113	-0.925486324987654	-0.0016734363531812288
113	0	0
113	0.925486324987654	0.0016734363531812288
114	-0.9246258288521683	-0.001720085300536188
114	0	0
114	0.9246258288521683	0.001720085300536188
115	-0.9237609322786253	-0.0017676165263562568
115	0	0
115	0.9237609322786253	0.0017676165263562568
116	-0.9228916073794273	-0.0018160388019768671
116	0	0
116	0.9228916073794273	0.0018160388019768671
117	-0.9220178260517956	-0.0018653608942118803
117	0	0
117	0.9220178260517956	0.0018653608942118803
118	-0.9211395599757549	-0.0019155915644280652
118	0	0
118	0.9211395599757549	0.0019155915644280652
119	-0.9202567806120923	-0.0019667395676038514
119	0	0
119	0.9202567806120923	0.0019667395676038514
120	-0.9193694592002938	-0.0020188136513721693
120	0	0
120	0.9193694592002938	0.0020188136513721693
121	-0.9184775667564581	-0.0020718225550471385
121	0	0
121	0.9184775667564581	0.0020718225550471385
122	-0.9175810740711831	-0.0021257750086343826
122	0	0
122	0.9175810740711831	0.0021257750086343826
123	-0.9166799517074312	-0.00218067973182476
123	0	0
123	0.9166799517074312	0.00218067973182476
124	-0.9157741699983676	-0.002236545432971257
124	0	0
124	0.9157741699983676	0.002236545432971257
125	-0.9148636990451746	-0.0022933808080488334
125	0	0
125	0.9148636990451746	0.0022933808080488334
126	-0.9139485087148389	-0.0023511945395969587
126	0	0
126	0.9139485087148389	0.0023511945395969587
127	-0.9130285686379145	-0.0024099952956446197
127	0	0
127	0.9130285686379145	0.0024099952956446197
128	-0.9121038482062584	-0.002469791728617543
128	0	0
128	0.9121038482062584	0.002469791728617543
129	-0.91117431657074	-0.0025305924742273804
129	0	0
129	0.91117431657074	0.0025305924742273804
130	-0.9102399426389227	-0.0025924061503426136
130	0	0
130	0.9102399426389227	0.0025924061503426136
131	-0.9093006950727189	-0.002655241355840913
131	0	0
131	0.9093006950727189	0.002655241355840913
132	-0.908356542286017	-0.002719106669442692
132	0	0
132	0.908356542286017	0.002719106669442692
133	-0.9074074524422793	-0.0027840106485255913
133	0	0
133	0.9074074524422793	0.0027840106485255913
134	-0.9064533934521125	-0.0028499618279196194
134	0	0
134	0.9064533934521125	0.0028499618279196194
135	-0.9054943329708081	-0.002916968718682683
135	0	0
135	0.9054943329708081	0.002916968718682683
136	-0.9045302383958531	-0.0029850398068562117
136	0	0
136	0.9045302383958531	0.0029850398068562117
137	-0.9035610768644126	-0.003054183552200611
137	0	0
137	0.9035610768644126	0.003054183552200611
138	-0.9025868152507792	-0.0031244083869102425
138	0	0
138	0.9025868152507792	0.0031244083869102425
139	-0.9016074201637941	-0.003195722714307639
139	0	0
139	0.9016074201637941	0.003195722714307639
140	-0.9006228579442354	-0.00326813490751666
140	0	0
140	0.9006228579442354	0.00326813490751666
141	-0.899633094662175	-0.00334165330811428
141	0	0
141	0.899633094662175	0.00334165330811428
142	-0.8986380961143031	-0.003416286224760691
142	0	0
142	0.8986380961143031	0.003416286224760691
143	-0.8976378278212214	-0.0034920419318074255
143	0	0
143	0.8976378278212214	0.0034920419318074255
144	-0.8966322550247	-0.0035689286678831575
144	0	0
144	0.8966322550247	0.0035689286678831575
145	-0.8956213426849043	-0.0036469546344568672
145	0	0
145	0.8956213426849043	0.0036469546344568672
146	-0.894605055477585	-0.0037261279943780314
146	0	0
146	0.894605055477585	0.0037261279943780314
147	-0.8935833577912341	-0.003806456870393507
147	0	0
147	0.8935833577912341	0.003806456870393507
148	-0.8925562137242066	-0.0038879493436407586
148	0	0
148	0.8925562137242066	0.0038879493436407586
149	-0.8915235870818046	-0.003970613452117073
149	0	0
149	0.8915235870818046	0.003970613452117073
150	-0.890485441373327	-0.0040544571891244245
150	0	0
150	0.890485441373327	0.0040544571891244245
151	-0.8894417398090809	-0.004139488501689607
151	0	0
151	0.8894417398090809	0.004139488501689607
152	-0.8883924452973556	-0.004225715288959259
152	0	0
152	0.8883924452973556	0.004225715288959259
153	-0.8873375204413603	-0.004313145400569444
153	0	0
153	0.8873375204413603	0.004313145400569444
154	-0.8862769275361201	-0.004401786634989336
154	0	0
154	0.8862769275361201	0.004401786634989336
155	-0.8852106285653356	-0.004491646737838677
155	0	0
155	0.8852106285653356	0.004491646737838677
156	-0.8841385851982017	-0.004582733400178582
156	0	0
156	0.8841385851982017	0.004582733400178582
157	-0.8830607587861847	-0.00467505425677529
157	0	0
157	0.8830607587861847	0.00467505425677529
158	-0.8819771103597603	-0.004768616884336428
158	0	0
158	0.8819771103597603	0.004768616884336428
159	-0.8808876006251086	-0.004863428799719408
159	0	0
159	0.8808876006251086	0.004863428799719408
160	-0.8797921899607672	-0.004959497458111485
160	0	0
160	0.8797921899607672	0.004959497458111485
161	-0.8786908384142404	-0.005056830251181041
161	0	0
161	0.8786908384142404	0.005056830251181041
162	-0.8775835056985659	-0.005155434505199692
162	0	0
162	0.8775835056985659	0.005155434505199692
163	-0.876470151188836	-0.005255317479134698
163	0	0
163	0.876470151188836	0.005255317479134698
164	-0.8753507339186738	-0.005356486362711244
164	0	0
164	0.8753507339186738	0.005356486362711244
165	-0.8742252125766644	-0.005458948274444131
165	0	0
165	0.8742252125766644	0.005458948274444131
166	-0.8730935455027374	-0.0055627102596383605
166	0	0
166	0.8730935455027374	0.0055627102596383605
167	-0.8719556906845045	-0.0056677792883581294
167	0	0
167	0.8719556906845045	0.0056677792883581294
168	-0.8708116057535468	-0.00577416225336375
168	0	0
168	0.8708116057535468	0.00577416225336375
169	-0.8696612479816541	-0.005881865968015953
169	0	0
169	0.8696612479816541	0.005881865968015953
170	-0.8685045742770146	-0.005990897164147055
170	0	0
170	0.8685045742770146	0.005990897164147055
171	-0.8673415411803531	-0.006101262489898479
171	0	0
171	0.8673415411803531	0.006101262489898479
172	-0.866172104861019	-0.006212968507524043
172	0	0
172	0.866172104861019	0.006212968507524043
173	-0.8649962211130202	-0.006326021691158487
173	0	0
173	0.8649962211130202	0.006326021691158487
174	-0.8638138453510059	-0.006440428424550643
174	0	0
174	0.8638138453510059	0.006440428424550643
175	-0.8626249326061938	-0.006556194998760703
175	0	0
175	0.8626249326061938	0.006556194998760703
176	-0.8614294375222428	-0.006673327609820947
176	0	0
176	0.8614294375222428	0.006673327609820947
177	-0.8602273143510694	-0.00679183235635936
177	0	0
177	0.8602273143510694	0.00679183235635936
178	-0.8590185169486085	-0.006911715237185466
178	0	0
178	0.8590185169486085	0.006911715237185466
179	-0.8578029987705148	-0.007032982148837845
179	0	0
179	0.8578029987705148	0.007032982148837845
180	-0.8565807128678058	-0.007155638883092528
180	0	0
180	0.8565807128678058	0.007155638883092528
181	-0.8553516118824458	-0.007279691124431811
181	0	0
181	0.8553516118824458	0.007279691124431811
182	-0.8541156480428675	-0.0074051444474725866
182	0	0
182	0.8541156480428675	0.0074051444474725866
183	-0.8528727731594336	-0.007532004314353717
183	0	0
183	0.8528727731594336	0.007532004314353717
184	-0.8516229386198325	-0.007660276072081543
184	0	0
184	0.8516229386198325	0.007660276072081543
185	-0.850366095384414	-0.0077899649498329995
185	0	0
185	0.850366095384414	0.0077899649498329995
186	-0.849102193981455	-0.00792107605621542
186	0	0
186	0.849102193981455	0.00792107605621542
187	-0.8478311845023628	-0.008053614376482408
187	0	0
187	0.8478311845023628	0.008053614376482408
188	-0.8465530165968085	-0.00818758476970493
188	0	0
188	0.8465530165968085	0.00818758476970493
189	-0.8452676394677914	-0.00832299196589686
189	0	0
189	0.8452676394677914	0.00832299196589686
190	-0.843975001866636	-0.008459840563094161
190	0	0
190	0.843975001866636	0.008459840563094161
191	-0.8426750520879138	-0.008598135024386928
191	0	0
191	0.8426750520879138	0.008598135024386928
192	-0.8413677379642963	-0.008737879674903307
192	0	0
192	0.8413677379642963	0.008737879674903307
193	-0.8400530068613311	-0.008879078698744632
193	0	0
193	0.8400530068613311	0.008879078698744632
194	-0.8387308056721443	-0.00902173613587064
194	0	0
194	0.8387308056721443	0.00902173613587064
195	-0.8374010808120658	-0.009165855878934167
195	0	0
195	0.8374010808120658	0.009165855878934167
196	-0.8360637782131771	-0.009311441670064044
196	0	0
196	0.8360637782131771	0.009311441670064044
197	-0.8347188433187782	-0.009458497097595551
197	0	0
197	0.8347188433187782	0.009458497097595551
198	-0.8333662210777749	-0.009607025592747237
198	0	0
198	0.8333662210777749	0.009607025592747237
199	-0.8320058559389825	-0.009757030426243277
199	0	0
199	0.8320058559389825	0.009757030426243277
200	-0.8306376918453467	-0.009908514704880154
200	0	0
200	0.8306376918453467	0.009908514704880154
201	-0.8292616722280769	-0.010061481368036862
201	0	0
201	0.8292616722280769	0.010061481368036862
202	-0.8278777400006946	-0.01021593318412728
202	0	0
202	0.8278777400006946	0.01021593318412728
203	-0.8264858375529899	-0.010371872746993875
203	0	0
203	0.8264858375529899	0.010371872746993875
204	-0.8250859067448906	-0.010529302472241422
204	0	0
204	0.8250859067448906	0.010529302472241422
205	-0.8236778889002353	-0.010688224593509701
205	0	0
205	0.8236778889002353	0.010688224593509701
206	-0.8222617248004559	-0.010848641158683878
206	0	0
206	0.8222617248004559	0.010848641158683878
207	-0.8208373546781608	-0.011010554026041541
207	0	0
207	0.8208373546781608	0.011010554026041541
208	-0.8194047182106219	-0.011173964860334893
208	0	0
208	0.8194047182106219	0.011173964860334893
209	-0.8179637545131614	-0.011338875128807054
209	0	0
209	0.8179637545131614	0.011338875128807054
210	-0.8165144021324359	-0.011505286097141054
210	0	0
210	0.8165144021324359	0.011505286097141054
211	-0.8150565990396179	-0.011673198825340172
211	0	0
211	0.8150565990396179	0.011673198825340172
212	-0.8135902826234698	-0.01184261416353829
212	0	0
212	0.8135902826234698	0.01184261416353829
213	-0.8121153896833111	-0.012013532747738814
213	0	0
213	0.8121153896833111	0.012013532747738814
214	-0.8106318564218736	-0.012185954995480754
214	0	0
214	0.8106318564218736	0.012185954995480754
215	-0.8091396184380453	-0.012359881101430392
215	0	0
215	0.8091396184380453	0.012359881101430392
216	-0.807638610719499	-0.012535311032897156
216	0	0
216	0.807638610719499	0.012535311032897156
217	-0.806128767635203	-0.012712244525271968
217	0	0
217	0.806128767635203	0.012712244525271968
218	-0.804610022927813	-0.012890681077386584
218	0	0
218	0.804610022927813	0.012890681077386584
219	-0.8030823097059399	-0.0130706199467922
219	0	0
219	0.8030823097059399	0.0130706199467922
220	-0.8015455604362953	-0.013252060144955688
220	0	0
220	0.8015455604362953	0.013252060144955688
221	-0.7999997069357074	-0.013435000432371676
221	0	0
221	0.7999997069357074	0.013435000432371676
222	-0.7984446803630071	-0.013619439313588687
222	0	0
222	0.7984446803630071	0.013619439313588687
223	-0.796880411210782	-0.013805375032147543
223	0	0
223	0.796880411210782	0.013805375032147543
224	-0.7953068292969931	-0.013992805565430073
224	0	0
224	0.7953068292969931	0.013992805565430073
225	-0.7937238637564538	-0.014181728619416245
225	0	0
225	0.7937238637564538	0.014181728619416245
226	-0.7921314430321661	-0.014372141623347752
226	0	0
226	0.7921314430321661	0.014372141623347752
227	-0.7905294948665135	-0.014564041724295887
227	0	0
227	0.7905294948665135	0.014564041724295887
228	-0.7889179462923022	-0.014757425781631705
228	0	0
228	0.7889179462923022	0.014757425781631705
229	-0.7872967236236549	-0.014952290361396328
229	0	0
229	0.7872967236236549	0.014952290361396328
230	-0.7856657524467475	-0.015148631730569026
230	0	0
230	0.7856657524467475	0.015148631730569026
231	-0.7840249576103872	-0.015346445851230938
231	0	0
231	0.7840249576103872	0.015346445851230938
232	-0.7823742632164291	-0.01554572837462197
232	0	0
232	0.7823742632164291	0.01554572837462197
233	-0.7807135926100279	-0.015746474635088523
233	0	0
233	0.7807135926100279	0.015746474635088523
234	-0.7790428683697188	-0.01594867964391952
234	0	0
234	0.7790428683697188	0.01594867964391952
235	-0.7773620122973257	-0.01615233808306811
235	0	0
235	0.7773620122973257	0.01615233808306811
236	-0.7756709454076915	-0.016357444298756563
236	0	0
236	0.7756709454076915	0.016357444298756563
237	-0.7739695879182282	-0.016563992294961458
237	0	0
237	0.7739695879182282	0.016563992294961458
238	-0.7722578592382784	-0.016771975726776505
238	0	0
238	0.7722578592382784	0.016771975726776505
239	-0.7705356779582898	-0.016981387893650047
239	0	0
239	0.7705356779582898	0.016981387893650047
240	-0.7688029618387918	-0.017192221732494264
240	0	0
240	0.7688029618387918	0.017192221732494264
241	-0.7670596277991752	-0.017404469810663133
241	0	0
241	0.7670596277991752	0.017404469810663133
242	-0.7653055919062655	-0.017618124318795822
242	0	0
242	0.7653055919062655	0.017618124318795822
243	-0.7635407693626877	-0.01783317706352244
243	0	0
243	0.7635407693626877	0.01783317706352244
244	-0.7617650744950173	-0.018049619460028702
244	0	0
244	0.7617650744950173	0.018049619460028702
245	-0.7599784207417098	-0.018267442524476117
245	0	0
245	0.7599784207417098	0.018267442524476117
246	-0.758180720640807	-0.018486636866274112
246	0	0
246	0.758180720640807	0.018486636866274112
247	-0.7563718858174102	-0.018707192680200452
247	0	0
247	0.7563718858174102	0.018707192680200452
248	-0.7545518269709189	-0.01892909973836621
248	0	0
248	0.7545518269709189	0.01892909973836621
249	-0.7527204538620249	-0.019152347382021363
249	0	0
249	0.7527204538620249	0.019152347382021363
250	-0.7508776752994585	-0.01937692451319697
250	0	0
250	0.7508776752994585	0.01937692451319697
251	-0.7490233991264788	-0.019602819586179928
251	0	0
251	0.7490233991264788	0.019602819586179928
252	-0.7471575322071025	-0.019830020598815862
252	0	0
252	0.7471575322071025	0.019830020598815862
253	-0.7452799804120632	-0.020058515083635847
253	0	0
253	0.7452799804120632	0.020058515083635847
254	-0.7433906486044954	-0.02028829009880248
254	0	0
254	0.7433906486044954	0.02028829009880248
255	-0.7414894406253346	-0.020519332218870406
255	0	0
255	0.7414894406253346	0.020519332218870406
256	-0.7395762592784273	-0.020751627525356663
256	0	0
256	0.7395762592784273	0.020751627525356663
257	-0.7376510063153413	-0.02098516159711574
257	0	0
257	0.7376510063153413	0.02098516159711574
258	-0.7357135824198705	-0.021219919500514203
258	0	0
258	0.7357135824198705	0.021219919500514203
259	-0.7337638871922239	-0.021455885779399553
259	0	0
259	0.7337638871922239	0.021455885779399553
260	-0.7318018191328898	-0.021693044444857805
260	0	0
260	0.7318018191328898	0.021693044444857805
261	-0.7298272756261701	-0.021931378964754136
261	0	0
261	0.7298272756261701	0.021931378964754136
262	-0.7278401529233691	-0.02217087225305061
262	0	0
262	0.7278401529233691	0.02217087225305061
263	-0.7258403461256333	-0.022411506658895058
263	0	0
263	0.7258403461256333	0.022411506658895058
264	-0.7238277491664274	-0.022653263955474644
264	0	0
264	0.7238277491664274	0.022653263955474644
265	-0.721802254793641	-0.022896125328627802
265	0	0
265	0.721802254793641	0.022896125328627802
266	-0.7197637545513095	-0.023140071365207647
266	0	0
266	0.7197637545513095	0.023140071365207647
267	-0.7177121387609433	-0.02338508204119003
267	0	0
267	0.7177121387609433	0.02338508204119003
268	-0.715647296502452	-0.023631136709519017
268	0	0
268	0.715647296502452	0.023631136709519017
269	-0.7135691155946497	-0.023878214087682315
269	0	0
269	0.7135691155946497	0.023878214087682315
270	-0.7114774825753325	-0.024126292245008903
270	0	0
270	0.7114774825753325	0.024126292245008903
271	-0.709372282680912	-0.02437534858968109
271	0	0
271	0.709372282680912	0.02437534858968109
272	-0.7072533998255952	-0.02462535985545244
272	0	0
272	0.7072533998255952	0.02462535985545244
273	-0.7051207165800926	-0.024876302088063292
273	0	0
273	0.7051207165800926	0.024876302088063292
274	-0.7029741141498447	-0.02512815063134487
274	0	0
274	0.7029741141498447	0.02512815063134487
275	-0.7008134723527473	-0.025380880113002827
275	0	0
275	0.7008134723527473	0.025380880113002827
276	-0.6986386695963652	-0.025634464430070756
276	0	0
276	0.6986386695963652	0.025634464430070756
277	-0.6964495828546137	-0.025888876734023805
277	0	0
277	0.6964495828546137	0.025888876734023805
278	-0.6942460876438932	-0.02614408941554213
278	0	0
278	0.6942460876438932	0.02614408941554213
279	-0.6920280579986614	-0.026400074088913685
279	0	0
279	0.6920280579986614	0.026400074088913685
280	-0.6897953664464199	-0.026656801576065325
280	0	0
280	0.6897953664464199	0.026656801576065325
281	-0.687547883982102	-0.0269142418902108
281	0	0
281	0.687547883982102	0.0269142418902108
282	-0.6852854800418386	-0.027172364219103868
282	0	0
282	0.6852854800418386	0.027172364219103868
283	-0.6830080224760837	-0.027431136907884297
283	0	0
283	0.6830080224760837	0.027431136907884297
284	-0.6807153775220762	-0.02769052744150393
284	0	0
284	0.6807153775220762	0.02769052744150393
285	-0.6784074097756186	-0.02795050242671964
285	0	0
285	0.6784074097756186	0.02795050242671964
286	-0.6760839821621482	-0.02821102757363957
286	0	0
286	0.6760839821621482	0.02821102757363957
287	-0.6737449559070763	-0.0284720676768082
287	0	0
287	0.6737449559070763	0.0284720676768082
288	-0.6713901905053712	-0.028733586595815538
288	0	0
288	0.6713901905053712	0.028733586595815538
289	-0.6690195436903604	-0.02899554723541516
289	0	0
289	0.6690195436903604	0.02899554723541516
290	-0.6666328714017209	-0.029257911525134888
290	0	0
290	0.6666328714017209	0.029257911525134888
291	-0.6642300277526352	-0.02952064039836356
291	0	0
291	0.6642300277526352	0.02952064039836356
292	-0.6618108649960763	-0.029783693770896808
292	0	0
292	0.6618108649960763	0.029783693770896808
293	-0.6593752334901994	-0.030047030518923382
293	0	0
293	0.6593752334901994	0.030047030518923382
294	-0.6569229816627986	-0.030310608456433952
294	0	0
294	0.6569229816627986	0.030310608456433952
295	-0.6544539559748049	-0.03057438431203226
295	0	0
295	0.6544539559748049	0.03057438431203226
296	-0.6519680008827812	-0.030838313705128788
296	0	0
296	0.6519680008827812	0.030838313705128788
297	-0.6494649588003865	-0.031102351121495706
297	0	0
297	0.6494649588003865	0.031102351121495706
298	-0.6469446700587622	-0.03136644988816104
298	0	0
298	0.6469446700587622	0.03136644988816104
299	-0.6444069728658096	-0.031630562147619196
299	0	0
299	0.6444069728658096	0.031630562147619196
300	-0.6418517032643073	-0.03189463883133413
300	0	0
300	0.6418517032643073	0.03189463883133413
301	-0.6392786950888344	-0.032158629632509886
301	0	0
301	0.6392786950888344	0.032158629632509886
302	-0.6366877799214443	-0.03242248297810307
302	0	0
302	0.6366877799214443	0.03242248297810307
303	-0.6340787870460501	-0.03268614600004963
303	0	0
303	0.6340787870460501	0.03268614600004963
304	-0.6314515434014635	-0.03294956450567833
304	0	0
304	0.6314515434014635	0.03294956450567833
305	-0.6288058735330405	-0.033212682947280754
305	0	0
305	0.6288058735330405	0.033212682947280754
306	-0.6261415995428755	-0.03347544439080785
306	0	0
306	0.6261415995428755	0.03347544439080785
307	-0.6234585410384882	-0.03373779048366007
307	0	0
307	0.6234585410384882	0.03373779048366007
308	-0.6207565150799389	-0.03399966142153828
308	0	0
308	0.6207565150799389	0.03399966142153828
309	-0.6180353361253168	-0.03426099591431988
309	0	0
309	0.6180353361253168	0.03426099591431988
310	-0.6152948159745225	-0.034521731150923725
310	0	0
310	0.6152948159745225	0.034521731150923725
311	-0.6125347637112881	-0.03478180276312543
311	0	0
311	0.6125347637112881	0.03478180276312543
312	-0.6097549856433511	-0.03504114478828308
312	0	0
312	0.6097549856433511	0.03504114478828308
313	-0.6069552852407102	-0.03529968963093116
313	0	0
313	0.6069552852407102	0.03529968963093116
314	-0.6041354630718809	-0.03555736802319923
314	0	0
314	0.6041354630718809	0.03555736802319923
315	-0.6012953167380667	-0.035814108984008955
315	0	0
315	0.6012953167380667	0.035814108984008955
316	-0.5984346408051515	-0.036069839777001615
316	0	0
316	0.5984346408051515	0.036069839777001615
317	-0.5955532267334284	-0.036324485867145616
317	0	0
317	0.5955532267334284	0.036324485867145616
318	-0.5926508628049552	-0.03657797087597113
318	0	0
318	0.5926508628049552	0.03657797087597113
319	-0.589727334048441	-0.036830216535376374
319	0	0
319	0.589727334048441	0.036830216535376374
320	-0.5867824221615474	-0.037081142639947565
320	0	0
320	0.5867824221615474	0.037081142639947565
321	-0.5838159054304947	-0.0373306669977314
321	0	0
321	0.5838159054304947	0.0373306669977314
322	-0.5808275586468433	-0.03757870537939612
322	0	0
322	0.5808275586468433	0.03757870537939612
323	-0.5778171530213329	-0.037825171465713785
323	0	0
323	0.5778171530213329	0.037825171465713785
324	-0.5747844560946298	-0.03806997679329348
324	0	0
324	0.5747844560946298	0.03806997679329348
325	-0.5717292316448536	-0.03831303069849071
325	0	0
325	0.5717292316448536	0.03831303069849071
326	-0.5686512395917183	-0.03855424025941533
326	0	0
326	0.5686512395917183	0.03855424025941533
327	-0.5655502358971424	-0.038793510235955876
327	0	0
327	0.5655502358971424	0.038793510235955876
328	-0.5624259724621439	-0.039030743007733605
328	0	0
328	0.5624259724621439	0.039030743007733605
329	-0.5592781970198575	-0.03926583850989576
329	0	0
329	0.5592781970198575	0.03926583850989576
330	-0.5561066530244713	-0.03949869416665194
330	0	0
330	0.5561066530244713	0.03949869416665194
331	-0.5529110795358957	-0.03972920482245279
331	0	0
331	0.5529110795358957	0.03972920482245279
332	-0.5496912110999416	-0.039957262670704555
332	0	0
332	0.5496912110999416	0.039957262670704555
333	-0.5464467776237962	-0.04018275717990743
333	0	0
333	0.5464467776237962	0.04018275717990743
334	-0.5431775042465481	-0.04040557501709927
334	0	0
334	0.5431775042465481	0.04040557501709927
335	-0.539883111204519	-0.040625599968479496
335	0	0
335	0.539883111204519	0.040625599968479496
336	-0.5365633136911295	-0.040842712857081534
336	0	0
336	0.5365633136911295	0.040842712857081534
337	-0.5332178217110217	-0.04105679145735403
337	0	0
337	0.5332178217110217	0.04105679145735403
338	-0.5298463399281311	-0.041267710406503476
338	0	0
338	0.5298463399281311	0.041267710406503476
339	-0.5264485675073978	-0.04147534111244232
339	0	0
339	0.5264485675073978	0.04147534111244232
340	-0.5230241979497668	-0.04167955165817725
340	0	0
340	0.5230241979497668	0.04167955165817725
341	-0.5195729189201314	-0.04188020670246317
341	0	0
341	0.5195729189201314	0.04188020670246317
342	-0.5160944120678169	-0.04207716737653716
342	0	0
342	0.5160944120678169	0.04207716737653716
343	-0.5125883528392172	-0.0422702911767366
343	0	0
343	0.5125883528392172	0.0422702911767366
344	-0.5090544102821302	-0.04245943185279265
344	0	0
344	0.5090544102821302	0.04245943185279265
345	-0.5054922468413423	-0.042644439291578365
345	0	0
345	0.5054922468413423	0.042644439291578365
346	-0.5019015181449559	-0.04282515939607646
346	0	0
346	0.5019015181449559	0.04282515939607646
347	-0.4982818727809433	-0.04300143395931747
347	0	0
347	0.4982818727809433	0.04300143395931747
348	-0.4946329520633508	-0.043173100533022625
348	0	0
348	0.4946329520633508	0.043173100533022625
349	-0.4909543897875617	-0.04333999229066975
349	0	0
349	0.4909543897875617	0.04333999229066975
350	-0.4872458119739643	-0.04350193788468125
350	0	0
350	0.4872458119739643	0.04350193788468125
351	-0.48350683659934457	-0.043658761297414236
351	0	0
351	0.48350683659934457	0.043658761297414236
352	-0.47973707331525534	-0.04381028168561148
352	0	0
352	0.47973707331525534	0.04381028168561148
353	-0.4759361231525811	-0.04395631321794921
353	0	0
353	0.4759361231525811	0.04395631321794921
354	-0.4721035782114422	-0.044096664905292814
354	0	0
354	0.4721035782114422	0.044096664905292814
355	-0.4682390213355335	-0.044231140423245385
355	0	0
355	0.4682390213355335	0.044231140423245385
356	-0.46434202576991757	-0.04435953792654515
356	0	0
356	0.46434202576991757	0.04435953792654515
357	-0.4604121548012232	-0.0444816498548367
357	0	0
357	0.4604121548012232	0.0444816498548367
358	-0.45644896137912144	-0.044597262729307266
358	0	0
358	0.45644896137912144	0.044597262729307266
359	-0.452451987717859	-0.0447061569396431
359	0	0
359	0.452451987717859	0.0447061569396431
360	-0.44842076487654575	-0.04480810652072165
360	0	0
360	0.44842076487654575	0.04480810652072165
361	-0.4443548123167793	-0.04490287891841125
361	0	0
361	0.4443548123167793	0.04490287891841125
362	-0.44025363743608825	-0.04499023474380539
362	0	0
362	0.44025363743608825	0.04499023474380539
363	-0.4361167350755424	-0.04506992751516555
363	0	0
363	0.4361167350755424	0.04506992751516555
364	-0.4319435869997601	-0.04514170338679364
364	0	0
364	0.4319435869997601	0.04514170338679364
365	-0.42773366134738194	-0.04520530086399306
365	0	0
365	0.42773366134738194	0.04520530086399306
366	-0.42348641204993176	-0.04526045050321313
366	0	0
366	0.42348641204993176	0.04526045050321313
367	-0.4192012782168024	-0.045306874596398594
367	0	0
367	0.4192012782168024	0.045306874596398594
368	-0.41487768348392073	-0.04534428683848877
368	0	0
368	0.41487768348392073	0.04534428683848877
369	-0.4105150353234262	-0.04537239197692376
369	0	0
369	0.4105150353234262	0.04537239197692376
370	-0.4061127243114699	-0.045390885441921734
370	0	0
370	0.4061127243114699	0.045390885441921734
371	-0.4016701233509836	-0.04539945295618746
371	0	0
371	0.4016701233509836	0.04539945295618746
372	-0.39718658684598873	-0.04539777012259904
372	0	0
372	0.39718658684598873	0.04539777012259904
373	-0.3926614498236943	-0.045385501988293914
373	0	0
373	0.3926614498236943	0.045385501988293914
374	-0.38809402700030116	-0.04536230258343876
374	0	0
374	0.38809402700030116	0.04536230258343876
375	-0.38348361178603363	-0.04532781443281409
375	0	0
375	0.38348361178603363	0.04532781443281409
376	-0.3788294752245061	-0.045281668038178
376	0	0
376	0.3788294752245061	0.045281668038178
377	-0.3741308648610534	-0.04522348132918637
377	0	0
377	0.3741308648610534	0.04522348132918637
378	-0.36938700353413545	-0.04515285908044133
378	0	0
378	0.36938700353413545	0.04515285908044133
379	-0.3645970880833367	-0.045069392292010894
379	0	0
379	0.3645970880833367	0.045069392292010894
380	-0.3597602879668342	-0.04497265753050846
380	0	0
380	0.3597602879668342	0.04497265753050846
381	-0.35487574378047454	-0.04486221622753732
381	0	0
381	0.35487574378047454	0.04486221622753732
382	-0.34994256566978804	-0.044737613931990335
382	0	0
382	0.34994256566978804	0.044737613931990335
383	-0.34495983162534843	-0.04459837951234097
383	0	0
383	0.34495983162534843	0.04459837951234097
384	-0.33992658565086004	-0.04444402430466743
384	0	0
384	0.33992658565086004	0.04444402430466743
385	-0.33484183579219823	-0.044274041201708955
385	0	0
385	0.33484183579219823	0.044274041201708955
386	-0.32970455201431537	-0.04408790367775467
386	0	0
386	0.32970455201431537	0.04408790367775467
387	-0.3245136639114525	-0.04388506474360558
387	0	0
387	0.3245136639114525	0.04388506474360558
388	-0.31926805823442805	-0.04366495582521893
388	0	0
388	0.31926805823442805	0.04366495582521893
389	-0.31396657621686325	-0.04342698555892746
389	0	0
389	0.31396657621686325	0.04342698555892746
390	-0.30860801068006016	-0.043170538495318864
390	0	0
390	0.30860801068006016	0.043170538495318864
391	-0.30319110289377343	-0.04289497370293982
391	0	0
391	0.30319110289377343	0.04289497370293982
392	-0.297714539167312	-0.04259962326194308
392	0	0
392	0.297714539167312	0.04259962326194308
393	-0.29217694714217773	-0.04228379063660246
393	0	0
393	0.29217694714217773	0.04228379063660246
394	-0.28657689175375334	-0.041946748914254796
394	0	0
394	0.28657689175375334	0.041946748914254796
395	-0.28091287082528005	-0.04158773889666118
395	0	0
395	0.28091287082528005	0.04158773889666118
396	-0.2751833102524572	-0.041205967027980274
396	0	0
396	0.2751833102524572	0.041205967027980274
397	-0.2693865587312883	-0.04080060314146797
397	0	0
397	0.2693865587312883	0.04080060314146797
398	-0.26352088197518353	-0.040370778004615616
398	0	0
398	0.26352088197518353	0.040370778004615616
399	-0.2575844563596244	-0.03991558063965301
399	0	0
399	0.2575844563596244	0.03991558063965301
400	-0.2515753619236846	-0.039434055393096266
400	0	0
400	0.2515753619236846	0.039434055393096266
401	-0.24549157464713992	-0.038925198724233515
401	0	0
401	0.24549157464713992	0.038925198724233515
402	-0.2393309579094782	-0.038387955678001746
402	0	0
402	0.2393309579094782	0.038387955678001746
403	-0.2330912530224341	-0.03782121600248444
403	0	0
403	0.2330912530224341	0.03782121600248444
404	-0.2267700687102917	-0.03722380986509687
404	0	0
404	0.2267700687102917	0.03722380986509687
405	-0.22036486939148045	-0.03659450311421553
405	0	0
405	0.22036486939148045	0.03659450311421553
406	-0.21387296209025375	-0.03593199202430987
406	0	0
406	0.21387296209025375	0.03593199202430987
407	-0.2072914817775351	-0.03523489745223395
407	0	0
407	0.2072914817775351	0.03523489745223395
408	-0.20061737490419285	-0.034501758319842084
408	0	0
408	0.20061737490419285	0.034501758319842084
409	-0.19384738084660605	-0.03373102432301617
409	0	0
409	0.19384738084660605	0.03373102432301617
410	-0.1869780109315111	-0.032921047748900374
410	0	0
410	0.1869780109315111	0.032921047748900374
411	-0.18000552464238057	-0.03207007426082906
411	0	0
411	0.18000552464238057	0.03207007426082906
412	-0.1729259025298655	-0.031176232483069798
412	0	0
412	0.1729259025298655	0.031176232483069798
413	-0.16573481525004058	-0.030237522183730235
413	0	0
413	0.16573481525004058	0.030237522183730235
414	-0.1584275880310429	-0.02925180081223864
414	0	0
414	0.1584275880310429	0.02925180081223864
415	-0.15099915971407699	-0.028216768095364116
415	0	0
415	0.15099915971407699	0.028216768095364116
416	-0.14344403531927571	-0.027129948329695345
416	0	0
416	0.14344403531927571	0.027129948329695345
417	-0.1357562308378464	-0.02598866992467633
417	0	0
417	0.1357562308378464	0.02598866992467633
418	-0.1279292086319977	-0.0247900416430444
418	0	0
418	0.1279292086319977	0.0247900416430444
419	-0.11995580140954776	-0.023530924847069416
419	0	0
419	0.11995580140954776	0.023530924847069416
420	-0.11182812219784401	-0.022207900878604775
420	0	0
420	0.11182812219784401	0.022207900878604775
421	-0.10353745702504084	-0.020817232463513354
421	0	0
421	0.10353745702504084	0.020817232463513354
422	-0.09507413605967706	-0.019354817715082
422	0	0
422	0.09507413605967706	0.019354817715082
423	-0.08642737766574345	-0.017816134885604563
423	0	0
423	0.08642737766574345	0.017816134885604563
424	-0.07758509805943876	-0.016196175435126987
424	0	0
424	0.07758509805943876	0.016196175435126987
425	-0.06853367679515246	-0.01448936218394015
425	0	0
425	0.06853367679515246	0.01448936218394015
426	-0.05925766484293276	-0.012689448188690064
426	0	0
426	0.05925766484293276	0.012689448188690064
427	-0.049739417052767604	-0.010789390373057619
427	0	0
427	0.049739417052767604	0.010789390373057619
428	-0.039958623549542535	-0.00878118960370948
428	0	0
428	0.039958623549542535	0.00878118960370948
429	-0.029891703795966593	-0.006655685427543707
429	0	0
429	0.029891703795966593	0.006655685427543707
430	-0.019511010584137223	-0.004402288407885974
430	0	0
430	0.019511010584137223	0.004402288407885974
431	-0.008783765439572272	-0.0020086247697669924
431	0	0
431	0.008783765439572272	0.0020086247697669924
432	0	0
433	0	0
434	0	0
435	0	0
436	0	0
437	0	0
438	0	0
439	0	0
440	0	0
441	0	0
442	0	0
443	0	0
444	0	0
445	0	0
446	0	0
447	0	0
448	0	0
449	0	0
450	0	0
451	0	0
452	0	0
453	0	0
454	0	0
455	0	0
456	0	0
457	0	0
458	0	0
459	0	0
460	0	0
461	0	0
462	0	0
463	0	0
464	0	0
465	0	0
466	0	0
467	0	0
468	0	0
469	0	0
470	0	0
471	0	0
472	0	0
473	0	0
474	0	0
475	0	0
476	0	0
477	0	0
478	0	0
479	0	0
480	0	0
481	0	0
482	0	0
483	0	0
484	0	0
485	0	0
486	0	0
487	0	0
488	0	0
489	0	0
490	0	0
491	0	0
492	0	0
493	0	0
494	0	0
495	0	0
496	0	0
497	0	0
498	0	0
499	0	0
500	0	0
501	0	0
502	0	0
503	0	0
504	0	0
505	0	0
506	0	0
507	0	0
508	0	0
509	0	0
510	0	0
511	0	0
512	0	0
513	0	0
514	0	0
515	0	0
516	0	0
517	0	0
518	0	0
519	0	0
520	0	0
521	0	0
522	0	0
523	0	0
524	0	0
525	0	0
526	0	0
527	0	0
528	0	0
529	0	0
530	0	0
531	0	0
532	0	0
533	0	0
534	0	0
535	0	0
536	0	0
537	0	0
538	0	0
539	0	0
540	0	0
541	0	0
542	0	0
543	0	0
544	0	0
545	0	0
546	0	0
547	0	0
548	0	0
549	0	0
550	0	0
551	0	0
552	0	0
553	0	0
554	0	0
555	0	0
556	0	0
557	0	0
558	0	0
559	0	0
560	0	0
561	0	0
562	0	0
563	0	0
564	0	0
565	0	0
566	0	0
567	0	0
568	0	0
569	0	0
570	0	0
571	0	0
572	0	0
573	0	0
574	0	0
575	0	0
576	0	0
577	0	0
578	0	0
579	0	0
580	0	0
581	0	0
582	0	0
583	0	0
584	0	0
585	0	0
586	0	0
587	0	0
588	0	0
589	0	0
590	0	0
591	0	0
592	0	0
593	0	0
594	0	0
595	0	0
596	0	0
597	0	0
598	0	0
599	0	0
600	0	0
601	0	0
602	0	0
603	0	0
604	0	0
605	0	0
606	0	0
607	0	0
608	0	0
609	0	0
610	0	0
611	0	0
612	0	0
613	0	0
614	0	0
615	0	0
616	0	0
617	0	0
618	0	0
619	0	0
620	0	0
621	0	0
622	0	0
623	0	0
624	0	0
625	0	0
626	0	0
627	0	0
628	0	0
629	0	0
630	0	0
631	0	0
632	0	0
633	0	0
634	0	0
635	0	0
636	0	0
637	0	0
638	0	0
639	0	0
640	0	0
641	0	0
642	0	0
643	0	0
644	0	0
645	0	0
646	0	0
647	0	0
648	0	0
649	0	0
650	0	0
651	0	0
652	0	0
653	0	0
654	0	0
655	0	0
656	0	0
657	0	0
658	0	0
659	0	0
660	0	0
661	0	0
662	0	0
663	0	0
664	0	0
665	0	0
666	0	0
667	0	0
668	0	0
669	0	0
670	0	0
671	0	0
672	0	0
673	0	0
674	0	0
675	0	0
676	0	0
677	0	0
678	0	0
679	0	0
680	0	0
681	0	0
682	0	0
683	0	0
684	0	0
685	0	0
686	0	0
687	0	0
688	0	0
689	0	0
690	0	0
691	0	0
692	0	0
693	0	0
694	0	0
695	0	0
696	0	0
697	0	0
698	0	0
699	0	0
700	0	0
701	0	0
702	0	0
703	0	0
704	0	0
705	0	0
706	0	0
707	0	0
708	0	0
709	0	0
710	0	0
711	0	0
712	0	0
713	0	0
714	0	0
715	0	0
716	0	0
717	0	0
718	0	0
719	0	0
720	0	0
721	0	0
722	0	0
723	0	0
724	0	0
725	0	0
726	0	0
727	0	0
728	0	0
729	0	0
730	0	0
731	0	0
732	0	0
733	0	0
734	0	0
735	0	0
736	0	0
737	0	0
738	0	0
739	0	0
740	0	0
741	0	0
742	0	0
743	0	0
744	0	0
745	0	0
746	0	0
747	0	0
748	0	0
749	0	0
750	0	0
751	0	0
752	0	0
753	0	0
754	0	0
755	0	0
756	0	0
757	0	0
758	0	0
759	0	0
760	0	0
761	0	0
762	0	0
763	0	0
764	0	0
765	0	0
766	0	0
767	0	0
768	0	0
769	0	0
770	0	0
771	0	0
772	0	0
773	0	0
774	0	0
775	0	0
776	0	0
777	0	0
778	0	0
779	0	0
780	0	0
781	0	0
782	0	0
783	0	0
784	0	0
785	0	0
786	0	0
787	0	0
788	0	0
789	0	0
790	0	0
791	0	0
792	0	0
793	0	0
794	0	0
795	0	0
796	0	0
797	0	0
798	0	0
799	0	0
800	0	0
801	0	0
802	0	0
803	0	0
804	0	0
805	0	0
806	0	0
807	0	0
808	0	0
809	0	0
810	0	0
811	0	0
812	0	0
813	0	0
814	0	0
815	0	0
816	0	0
817	0	0
818	0	0
819	0	0
820	0	0
821	0	0
822	0	0
823	0	0
824	0	0
825	0	0
826	0	0
827	0	0
828	0	0
829	0	0
830	0	0
831	0	0
832	0	0
833	0	0
834	0	0
835	0	0
836	0	0
837	0	0
838	0	0
839	0	0
840	0	0
841	0	0
842	0	0
843	0	0
844	0	0
845	0	0
846	0	0
847	0	0
848	0	0
849	0	0
850	0	0
851	0	0
852	0	0
853	0	0
854	0	0
855	0	0
856	0	0
857	0	0
858	0	0
859	0	0
860	0	0
861	0	0
862	0	0
863	0	0
864	0	0
865	0	0
866	0	0
867	0	0
868	0	0
869	0	0
870	0	0
871	0	0
872	0	0
873	0	0
874	0	0
875	0	0
876	0	0
877	0	0
878	0	0
879	0	0
880	0	0
881	0	0
882	0	0
883	0	0
884	0	0
885	0	0
886	0	0
887	0	0
888	0	0
889	0	0
890	0	0
891	0	0
892	0	0
893	0	0
894	0	0
895	0	0
896	0	0
897	0	0
898	0	0
899	0	0
900	0	0
901	0	0
902	0	0
903	0	0
904	0	0
905	0	0
906	0	0
907	0	0
908	0	0
909	0	0
910	0	0
911	0	0
912	0	0
913	0	0
914	0	0
915	0	0
916	0	0
917	0	0
918	0	0
919	0	0
920	0	0
921	0	0
922	0	0
923	0	0
924	0	0
925	0	0
926	0	0
927	0	0
928	0	0
929	0	0
930	0	0
931	0	0
932	0	0
933	0	0
934	0	0
935	0	0
936	0	0
937	0	0
938	0	0
939	0	0
940	0	0
941	0	0
942	0	0
943	0	0
944	0	0
945	0	0
946	0	0
947	0	0
948	0	0
949	0	0
950	0	0
951	0	0
952	0	0
953	0	0
954	0	0
955	0	0
956	0	0
957	0	0
958	0	0
959	0	0
960	0	0
961	0	0
962	0	0
963	0	0
964	0	0
965	0	0
966	0	0
967	0	0
968	0	0
969	0	0
970	0	0
971	0	0
972	0	0
973	0	0
974	0	0
975	0	0
976	0	0
977	0	0
978	0	0
979	0	0
980	0	0
981	0	0
982	0	0
983	0	0
984	0	0
985	0	0
986	0	0
987	0	0
988	0	0
989	0	0
990	0	0
991	0	0
992	0	0
993	0	0
994	0	0
995	0	0
996	0	0
997	0	0
998	0	0
999	0	0
1000	0	0
