0.0    -1.0    0.0
0.0    0.0    0.0
0.0    1.0    0.0
0.001    -0.999999498998    -0.0010010004995
0.001    0.0    0.0
0.001    0.999999498998    0.0010010004995
0.002    -0.999997991974    -0.00200400399193
0.002    0.0    0.0
0.002    0.999997991974    0.00200400399193
0.003    -0.999995472868    -0.00300901345898
0.003    0.0    0.0
0.003    0.999995472868    0.00300901345898
0.004    -0.999991935582    -0.00401603186981
0.004    0.0    0.0
0.004    0.999991935582    0.00401603186981
0.005    -0.999987373977    -0.0050250621808
0.005    0.0    0.0
0.005    0.999987373977    0.0050250621808
0.006    -0.999981781876    -0.00603610733529
0.006    0.0    0.0
0.006    0.999981781876    0.00603610733529
0.007    -0.99997515306    -0.00704917026333
0.007    0.0    0.0
0.007    0.99997515306    0.00704917026333
0.008    -0.99996748127    -0.00806425388134
0.008    0.0    0.0
0.008    0.99996748127    0.00806425388134
0.009    -0.999958760204    -0.00908136109194
0.009    0.0    0.0
0.009    0.999958760204    0.00908136109194
0.01    -0.999948983522    -0.0101004947836
0.01    0.0    0.0
0.01    0.999948983522    0.0101004947836
0.011    -0.999938144841    -0.0111216578303
0.011    0.0    0.0
0.011    0.999938144841    0.0111216578303
0.012    -0.999926237736    -0.0121448530915
0.012    0.0    0.0
0.012    0.999926237736    0.0121448530915
0.013    -0.99991325574    -0.0131700834115
0.013    0.0    0.0
0.013    0.99991325574    0.0131700834115
0.014    -0.999899192343    -0.0141973516195
0.014    0.0    0.0
0.014    0.999899192343    0.0141973516195
0.015    -0.999884040995    -0.0152266605289
0.015    0.0    0.0
0.015    0.999884040995    0.0152266605289
0.016    -0.999867795099    -0.0162580129376
0.016    0.0    0.0
0.016    0.999867795099    0.0162580129376
0.017    -0.999850448018    -0.017291411627
0.017    0.0    0.0
0.017    0.999850448018    0.017291411627
0.018    -0.999831993069    -0.0183268593622
0.018    0.0    0.0
0.018    0.999831993069    0.0183268593622
0.019    -0.999812423528    -0.0193643588916
0.019    0.0    0.0
0.019    0.999812423528    0.0193643588916
0.02    -0.999791732624    -0.0204039129464
0.02    0.0    0.0
0.02    0.999791732624    0.0204039129464
0.021    -0.999769913543    -0.0214455242406
0.021    0.0    0.0
0.021    0.999769913543    0.0214455242406
0.022    -0.999746959426    -0.0224891954704
0.022    0.0    0.0
0.022    0.999746959426    0.0224891954704
0.023    -0.999722863368    -0.0235349293139
0.023    0.0    0.0
0.023    0.999722863368    0.0235349293139
0.024    -0.999697618421    -0.024582728431
0.024    0.0    0.0
0.024    0.999697618421    0.024582728431
0.025    -0.999671217587    -0.025632595463
0.025    0.0    0.0
0.025    0.999671217587    0.025632595463
0.026    -0.999643653826    -0.0266845330321
0.026    0.0    0.0
0.026    0.999643653826    0.0266845330321
0.027    -0.99961492005    -0.0277385437414
0.027    0.0    0.0
0.027    0.99961492005    0.0277385437414
0.028    -0.999585009124    -0.028794630174
0.028    0.0    0.0
0.028    0.999585009124    0.028794630174
0.029    -0.999553913867    -0.0298527948934
0.029    0.0    0.0
0.029    0.999553913867    0.0298527948934
0.03    -0.999521627049    -0.0309130404425
0.03    0.0    0.0
0.03    0.999521627049    0.0309130404425
0.031    -0.999488141393    -0.0319753693438
0.031    0.0    0.0
0.031    0.999488141393    0.0319753693438
0.032    -0.999453449575    -0.0330397840986
0.032    0.0    0.0
0.032    0.999453449575    0.0330397840986
0.033    -0.999417544222    -0.0341062871869
0.033    0.0    0.0
0.033    0.999417544222    0.0341062871869
0.034    -0.999380417911    -0.035174881067
0.034    0.0    0.0
0.034    0.999380417911    0.035174881067
0.035    -0.999342063172    -0.0362455681752
0.035    0.0    0.0
0.035    0.999342063172    0.0362455681752
0.036    -0.999302472483    -0.0373183509252
0.036    0.0    0.0
0.036    0.999302472483    0.0373183509252
0.037    -0.999261638276    -0.038393231708
0.037    0.0    0.0
0.037    0.999261638276    0.038393231708
0.038    -0.999219552929    -0.0394702128915
0.038    0.0    0.0
0.038    0.999219552929    0.0394702128915
0.039    -0.999176208772    -0.0405492968201
0.039    0.0    0.0
0.039    0.999176208772    0.0405492968201
0.04    -0.999131598084    -0.0416304858141
0.04    0.0    0.0
0.04    0.999131598084    0.0416304858141
0.041    -0.999085713091    -0.0427137821696
0.041    0.0    0.0
0.041    0.999085713091    0.0427137821696
0.042    -0.99903854597    -0.0437991881582
0.042    0.0    0.0
0.042    0.99903854597    0.0437991881582
0.043    -0.998990088844    -0.0448867060262
0.043    0.0    0.0
0.043    0.998990088844    0.0448867060262
0.044    -0.998940333785    -0.0459763379945
0.044    0.0    0.0
0.044    0.998940333785    0.0459763379945
0.045    -0.998889272812    -0.0470680862584
0.045    0.0    0.0
0.045    0.998889272812    0.0470680862584
0.046    -0.998836897892    -0.0481619529866
0.046    0.0    0.0
0.046    0.998836897892    0.0481619529866
0.047    -0.998783200936    -0.0492579403215
0.047    0.0    0.0
0.047    0.998783200936    0.0492579403215
0.048    -0.998728173803    -0.0503560503782
0.048    0.0    0.0
0.048    0.998728173803    0.0503560503782
0.049    -0.998671808299    -0.0514562852445
0.049    0.0    0.0
0.049    0.998671808299    0.0514562852445
0.05    -0.998614096174    -0.0525586469803
0.05    0.0    0.0
0.05    0.998614096174    0.0525586469803
0.051    -0.998555029123    -0.0536631376172
0.051    0.0    0.0
0.051    0.998555029123    0.0536631376172
0.052    -0.998494598786    -0.0547697591582
0.052    0.0    0.0
0.052    0.998494598786    0.0547697591582
0.053    -0.998432796748    -0.0558785135769
0.053    0.0    0.0
0.053    0.998432796748    0.0558785135769
0.054    -0.998369614537    -0.0569894028178
0.054    0.0    0.0
0.054    0.998369614537    0.0569894028178
0.055    -0.998305043625    -0.0581024287949
0.055    0.0    0.0
0.055    0.998305043625    0.0581024287949
0.056    -0.998239075427    -0.0592175933923
0.056    0.0    0.0
0.056    0.998239075427    0.0592175933923
0.057    -0.998171701301    -0.0603348984627
0.057    0.0    0.0
0.057    0.998171701301    0.0603348984627
0.058    -0.998102912547    -0.0614543458281
0.058    0.0    0.0
0.058    0.998102912547    0.0614543458281
0.059    -0.998032700408    -0.0625759372781
0.059    0.0    0.0
0.059    0.998032700408    0.0625759372781
0.06    -0.997961056066    -0.0636996745707
0.06    0.0    0.0
0.06    0.997961056066    0.0636996745707
0.061    -0.997887970647    -0.0648255594308
0.061    0.0    0.0
0.061    0.997887970647    0.0648255594308
0.062    -0.997813435216    -0.0659535935505
0.062    0.0    0.0
0.062    0.997813435216    0.0659535935505
0.063    -0.997737440778    -0.067083778588
0.063    0.0    0.0
0.063    0.997737440778    0.067083778588
0.064    -0.997659978279    -0.0682161161677
0.064    0.0    0.0
0.064    0.997659978279    0.0682161161677
0.065    -0.997581038604    -0.0693506078794
0.065    0.0    0.0
0.065    0.997581038604    0.0693506078794
0.066    -0.997500612576    -0.0704872552778
0.066    0.0    0.0
0.066    0.997500612576    0.0704872552778
0.067    -0.997418690959    -0.0716260598824
0.067    0.0    0.0
0.067    0.997418690959    0.0716260598824
0.068    -0.997335264451    -0.0727670231763
0.068    0.0    0.0
0.068    0.997335264451    0.0727670231763
0.069    -0.997250323693    -0.0739101466066
0.069    0.0    0.0
0.069    0.997250323693    0.0739101466066
0.07    -0.997163859258    -0.0750554315832
0.07    0.0    0.0
0.07    0.997163859258    0.0750554315832
0.071    -0.997075861659    -0.0762028794785
0.071    0.0    0.0
0.071    0.997075861659    0.0762028794785
0.072    -0.996986321345    -0.0773524916271
0.072    0.0    0.0
0.072    0.996986321345    0.0773524916271
0.073    -0.996895228699    -0.0785042693252
0.073    0.0    0.0
0.073    0.996895228699    0.0785042693252
0.074    -0.996802574041    -0.0796582138298
0.074    0.0    0.0
0.074    0.996802574041    0.0796582138298
0.075    -0.996708347625    -0.0808143263585
0.075    0.0    0.0
0.075    0.996708347625    0.0808143263585
0.076    -0.996612539642    -0.0819726080891
0.076    0.0    0.0
0.076    0.996612539642    0.0819726080891
0.077    -0.996515140213    -0.0831330601587
0.077    0.0    0.0
0.077    0.996515140213    0.0831330601587
0.078    -0.996416139396    -0.0842956836633
0.078    0.0    0.0
0.078    0.996416139396    0.0842956836633
0.079    -0.996315527179    -0.0854604796575
0.079    0.0    0.0
0.079    0.996315527179    0.0854604796575
0.08    -0.996213293485    -0.0866274491535
0.08    0.0    0.0
0.08    0.996213293485    0.0866274491535
0.081    -0.996109428168    -0.0877965931213
0.081    0.0    0.0
0.081    0.996109428168    0.0877965931213
0.082    -0.996003921013    -0.0889679124872
0.082    0.0    0.0
0.082    0.996003921013    0.0889679124872
0.083    -0.995896761738    -0.090141408134
0.083    0.0    0.0
0.083    0.995896761738    0.090141408134
0.084    -0.99578793999    -0.0913170809001
0.084    0.0    0.0
0.084    0.99578793999    0.0913170809001
0.085    -0.995677445346    -0.0924949315792
0.085    0.0    0.0
0.085    0.995677445346    0.0924949315792
0.086    -0.995565267314    -0.0936749609194
0.086    0.0    0.0
0.086    0.995565267314    0.0936749609194
0.087    -0.995451395328    -0.0948571696228
0.087    0.0    0.0
0.087    0.995451395328    0.0948571696228
0.088    -0.995335818755    -0.096041558345
0.088    0.0    0.0
0.088    0.995335818755    0.096041558345
0.089    -0.995218526887    -0.0972281276945
0.089    0.0    0.0
0.089    0.995218526887    0.0972281276945
0.09    -0.995099508943    -0.0984168782318
0.09    0.0    0.0
0.09    0.995099508943    0.0984168782318
0.091    -0.994978754071    -0.0996078104694
0.091    0.0    0.0
0.091    0.994978754071    0.0996078104694
0.092    -0.994856251345    -0.100800924871
0.092    0.0    0.0
0.092    0.994856251345    0.100800924871
0.093    -0.994731989763    -0.10199622185
0.093    0.0    0.0
0.093    0.994731989763    0.10199622185
0.094    -0.994605958251    -0.10319370177
0.094    0.0    0.0
0.094    0.994605958251    0.10319370177
0.095    -0.994478145658    -0.104393364945
0.095    0.0    0.0
0.095    0.994478145658    0.104393364945
0.096    -0.994348540758    -0.105595211637
0.096    0.0    0.0
0.096    0.994348540758    0.105595211637
0.097    -0.994217132249    -0.106799242055
0.097    0.0    0.0
0.097    0.994217132249    0.106799242055
0.098    -0.994083908751    -0.108005456357
0.098    0.0    0.0
0.098    0.994083908751    0.108005456357
0.099    -0.993948858808    -0.109213854646
0.099    0.0    0.0
0.099    0.993948858808    0.109213854646
0.1    -0.993811970884    -0.110424436974
0.1    0.0    0.0
0.1    0.993811970884    0.110424436974
0.101    -0.993673233367    -0.111637203336
0.101    0.0    0.0
0.101    0.993673233367    0.111637203336
0.102    -0.993532634563    -0.112852153672
0.102    0.0    0.0
0.102    0.993532634563    0.112852153672
0.103    -0.993390162701    -0.114069287869
0.103    0.0    0.0
0.103    0.993390162701    0.114069287869
0.104    -0.993245805928    -0.115288605754
0.104    0.0    0.0
0.104    0.993245805928    0.115288605754
0.105    -0.993099552311    -0.1165101071
0.105    0.0    0.0
0.105    0.993099552311    0.1165101071
0.106    -0.992951389834    -0.11773379162
0.106    0.0    0.0
0.106    0.992951389834    0.11773379162
0.107    -0.9928013064    -0.118959658971
0.107    0.0    0.0
0.107    0.9928013064    0.118959658971
0.108    -0.992649289829    -0.120187708748
0.108    0.0    0.0
0.108    0.992649289829    0.120187708748
0.109    -0.992495327858    -0.121417940489
0.109    0.0    0.0
0.109    0.992495327858    0.121417940489
0.11    -0.992339408139    -0.122650353671
0.11    0.0    0.0
0.11    0.992339408139    0.122650353671
0.111    -0.992181518241    -0.123884947709
0.111    0.0    0.0
0.111    0.992181518241    0.123884947709
0.112    -0.992021645645    -0.125121721957
0.112    0.0    0.0
0.112    0.992021645645    0.125121721957
0.113    -0.99185977775    -0.126360675707
0.113    0.0    0.0
0.113    0.99185977775    0.126360675707
0.114    -0.991695901864    -0.127601808187
0.114    0.0    0.0
0.114    0.991695901864    0.127601808187
0.115    -0.991530005211    -0.128845118561
0.115    0.0    0.0
0.115    0.991530005211    0.128845118561
0.116    -0.991362074926    -0.13009060593
0.116    0.0    0.0
0.116    0.991362074926    0.13009060593
0.117    -0.991192098056    -0.131338269328
0.117    0.0    0.0
0.117    0.991192098056    0.131338269328
0.118    -0.991020061557    -0.132588107725
0.118    0.0    0.0
0.118    0.991020061557    0.132588107725
0.119    -0.990845952298    -0.133840120022
0.119    0.0    0.0
0.119    0.990845952298    0.133840120022
0.12    -0.990669757054    -0.135094305055
0.12    0.0    0.0
0.12    0.990669757054    0.135094305055
0.121    -0.990491462511    -0.13635066159
0.121    0.0    0.0
0.121    0.990491462511    0.13635066159
0.122    -0.990311055264    -0.137609188324
0.122    0.0    0.0
0.122    0.990311055264    0.137609188324
0.123    -0.990128521812    -0.138869883887
0.123    0.0    0.0
0.123    0.990128521812    0.138869883887
0.124    -0.989943848562    -0.140132746836
0.124    0.0    0.0
0.124    0.989943848562    0.140132746836
0.125    -0.989757021829    -0.141397775659
0.125    0.0    0.0
0.125    0.989757021829    0.141397775659
0.126    -0.98956802783    -0.142664968769
0.126    0.0    0.0
0.126    0.98956802783    0.142664968769
0.127    -0.989376852689    -0.143934324509
0.127    0.0    0.0
0.127    0.989376852689    0.143934324509
0.128    -0.98918348243    -0.145205841148
0.128    0.0    0.0
0.128    0.98918348243    0.145205841148
0.129    -0.988987902985    -0.146479516882
0.129    0.0    0.0
0.129    0.988987902985    0.146479516882
0.13    -0.988790100183    -0.147755349829
0.13    0.0    0.0
0.13    0.988790100183    0.147755349829
0.131    -0.988590059758    -0.149033338034
0.131    0.0    0.0
0.131    0.988590059758    0.149033338034
0.132    -0.988387767343    -0.150313479466
0.132    0.0    0.0
0.132    0.988387767343    0.150313479466
0.133    -0.988183208471    -0.151595772013
0.133    0.0    0.0
0.133    0.988183208471    0.151595772013
0.134    -0.987976368575    -0.152880213489
0.134    0.0    0.0
0.134    0.987976368575    0.152880213489
0.135    -0.987767232984    -0.154166801626
0.135    0.0    0.0
0.135    0.987767232984    0.154166801626
0.136    -0.987555786927    -0.155455534079
0.136    0.0    0.0
0.136    0.987555786927    0.155455534079
0.137    -0.987342015528    -0.156746408421
0.137    0.0    0.0
0.137    0.987342015528    0.156746408421
0.138    -0.987125903806    -0.158039422143
0.138    0.0    0.0
0.138    0.987125903806    0.158039422143
0.139    -0.986907436677    -0.159334572655
0.139    0.0    0.0
0.139    0.986907436677    0.159334572655
0.14    -0.986686598949    -0.160631857284
0.14    0.0    0.0
0.14    0.986686598949    0.160631857284
0.141    -0.986463375326    -0.161931273273
0.141    0.0    0.0
0.141    0.986463375326    0.161931273273
0.142    -0.986237750402    -0.163232817779
0.142    0.0    0.0
0.142    0.986237750402    0.163232817779
0.143    -0.986009708662    -0.164536487876
0.143    0.0    0.0
0.143    0.986009708662    0.164536487876
0.144    -0.985779234484    -0.165842280551
0.144    0.0    0.0
0.144    0.985779234484    0.165842280551
0.145    -0.985546312133    -0.167150192701
0.145    0.0    0.0
0.145    0.985546312133    0.167150192701
0.146    -0.985310925766    -0.168460221138
0.146    0.0    0.0
0.146    0.985310925766    0.168460221138
0.147    -0.985073059424    -0.169772362584
0.147    0.0    0.0
0.147    0.985073059424    0.169772362584
0.148    -0.984832697039    -0.171086613672
0.148    0.0    0.0
0.148    0.984832697039    0.171086613672
0.149    -0.984589822425    -0.172402970942
0.149    0.0    0.0
0.149    0.984589822425    0.172402970942
0.15    -0.984344419285    -0.173721430845
0.15    0.0    0.0
0.15    0.984344419285    0.173721430845
0.151    -0.984096471203    -0.175041989739
0.151    0.0    0.0
0.151    0.984096471203    0.175041989739
0.152    -0.983845961648    -0.176364643887
0.152    0.0    0.0
0.152    0.983845961648    0.176364643887
0.153    -0.98359287397    -0.177689389459
0.153    0.0    0.0
0.153    0.98359287397    0.177689389459
0.154    -0.983337191401    -0.17901622253
0.154    0.0    0.0
0.154    0.983337191401    0.17901622253
0.155    -0.983078897053    -0.180345139078
0.155    0.0    0.0
0.155    0.983078897053    0.180345139078
0.156    -0.982817973916    -0.181676134985
0.156    0.0    0.0
0.156    0.982817973916    0.181676134985
0.157    -0.98255440486    -0.183009206034
0.157    0.0    0.0
0.157    0.98255440486    0.183009206034
0.158    -0.982288172631    -0.184344347911
0.158    0.0    0.0
0.158    0.982288172631    0.184344347911
0.159    -0.982019259851    -0.185681556199
0.159    0.0    0.0
0.159    0.982019259851    0.185681556199
0.16    -0.981747649017    -0.187020826384
0.16    0.0    0.0
0.16    0.981747649017    0.187020826384
0.161    -0.981473322501    -0.188362153847
0.161    0.0    0.0
0.161    0.981473322501    0.188362153847
0.162    -0.981196262545    -0.189705533868
0.162    0.0    0.0
0.162    0.981196262545    0.189705533868
0.163    -0.980916451265    -0.191050961624
0.163    0.0    0.0
0.163    0.980916451265    0.191050961624
0.164    -0.980633870648    -0.192398432185
0.164    0.0    0.0
0.164    0.980633870648    0.192398432185
0.165    -0.980348502548    -0.193747940518
0.165    0.0    0.0
0.165    0.980348502548    0.193747940518
0.166    -0.980060328689    -0.195099481482
0.166    0.0    0.0
0.166    0.980060328689    0.195099481482
0.167    -0.979769330662    -0.196453049829
0.167    0.0    0.0
0.167    0.979769330662    0.196453049829
0.168    -0.979475489923    -0.197808640202
0.168    0.0    0.0
0.168    0.979475489923    0.197808640202
0.169    -0.979178787793    -0.199166247136
0.169    0.0    0.0
0.169    0.979178787793    0.199166247136
0.17    -0.978879205458    -0.200525865052
0.17    0.0    0.0
0.17    0.978879205458    0.200525865052
0.171    -0.978576723963    -0.201887488263
0.171    0.0    0.0
0.171    0.978576723963    0.201887488263
0.172    -0.978271324217    -0.203251110969
0.172    0.0    0.0
0.172    0.978271324217    0.203251110969
0.173    -0.977962986987    -0.204616727253
0.173    0.0    0.0
0.173    0.977962986987    0.204616727253
0.174    -0.977651692899    -0.205984331088
0.174    0.0    0.0
0.174    0.977651692899    0.205984331088
0.175    -0.977337422437    -0.207353916328
0.175    0.0    0.0
0.175    0.977337422437    0.207353916328
0.176    -0.97702015594    -0.208725476711
0.176    0.0    0.0
0.176    0.97702015594    0.208725476711
0.177    -0.9766998736    -0.210099005859
0.177    0.0    0.0
0.177    0.9766998736    0.210099005859
0.178    -0.976376555464    -0.211474497273
0.178    0.0    0.0
0.178    0.976376555464    0.211474497273
0.179    -0.97605018143    -0.212851944334
0.179    0.0    0.0
0.179    0.97605018143    0.212851944334
0.18    -0.975720731248    -0.214231340304
0.18    0.0    0.0
0.18    0.975720731248    0.214231340304
0.181    -0.975388184514    -0.215612678321
0.181    0.0    0.0
0.181    0.975388184514    0.215612678321
0.182    -0.975052520674    -0.2169959514
0.182    0.0    0.0
0.182    0.975052520674    0.2169959514
0.183    -0.974713719019    -0.218381152432
0.183    0.0    0.0
0.183    0.974713719019    0.218381152432
0.184    -0.974371758683    -0.219768274184
0.184    0.0    0.0
0.184    0.974371758683    0.219768274184
0.185    -0.974026618646    -0.221157309294
0.185    0.0    0.0
0.185    0.974026618646    0.221157309294
0.186    -0.973678277727    -0.222548250274
0.186    0.0    0.0
0.186    0.973678277727    0.222548250274
0.187    -0.973326714588    -0.223941089506
0.187    0.0    0.0
0.187    0.973326714588    0.223941089506
0.188    -0.972971907725    -0.225335819244
0.188    0.0    0.0
0.188    0.972971907725    0.225335819244
0.189    -0.972613835475    -0.226732431608
0.189    0.0    0.0
0.189    0.972613835475    0.226732431608
0.19    -0.972252476007    -0.228130918587
0.19    0.0    0.0
0.19    0.972252476007    0.228130918587
0.191    -0.971887807327    -0.229531272038
0.191    0.0    0.0
0.191    0.971887807327    0.229531272038
0.192    -0.971519807268    -0.230933483682
0.192    0.0    0.0
0.192    0.971519807268    0.230933483682
0.193    -0.971148453499    -0.232337545104
0.193    0.0    0.0
0.193    0.971148453499    0.232337545104
0.194    -0.970773723512    -0.233743447752
0.194    0.0    0.0
0.194    0.970773723512    0.233743447752
0.195    -0.970395594629    -0.235151182936
0.195    0.0    0.0
0.195    0.970395594629    0.235151182936
0.196    -0.970014043997    -0.236560741827
0.196    0.0    0.0
0.196    0.970014043997    0.236560741827
0.197    -0.969629048584    -0.237972115454
0.197    0.0    0.0
0.197    0.969629048584    0.237972115454
0.198    -0.96924058518    -0.239385294705
0.198    0.0    0.0
0.198    0.96924058518    0.239385294705
0.199    -0.968848630396    -0.240800270324
0.199    0.0    0.0
0.199    0.968848630396    0.240800270324
0.2    -0.96845316066    -0.242217032912
0.2    0.0    0.0
0.2    0.96845316066    0.242217032912
0.201    -0.968054152213    -0.243635572922
0.201    0.0    0.0
0.201    0.968054152213    0.243635572922
0.202    -0.967651581113    -0.245055880661
0.202    0.0    0.0
0.202    0.967651581113    0.245055880661
0.203    -0.967245423228    -0.246477946289
0.203    0.0    0.0
0.203    0.967245423228    0.246477946289
0.204    -0.966835654236    -0.247901759814
0.204    0.0    0.0
0.204    0.966835654236    0.247901759814
0.205    -0.966422249623    -0.249327311093
0.205    0.0    0.0
0.205    0.966422249623    0.249327311093
0.206    -0.966005184679    -0.250754589833
0.206    0.0    0.0
0.206    0.966005184679    0.250754589833
0.207    -0.965584434499    -0.252183585585
0.207    0.0    0.0
0.207    0.965584434499    0.252183585585
0.208    -0.965159973978    -0.253614287746
0.208    0.0    0.0
0.208    0.965159973978    0.253614287746
0.209    -0.964731777812    -0.255046685554
0.209    0.0    0.0
0.209    0.964731777812    0.255046685554
0.21    -0.96429982049    -0.256480768093
0.21    0.0    0.0
0.21    0.96429982049    0.256480768093
0.211    -0.9638640763    -0.257916524286
0.211    0.0    0.0
0.211    0.9638640763    0.257916524286
0.212    -0.96342451932    -0.259353942893
0.212    0.0    0.0
0.212    0.96342451932    0.259353942893
0.213    -0.962981123416    -0.260793012514
0.213    0.0    0.0
0.213    0.962981123416    0.260793012514
0.214    -0.962533862245    -0.262233721586
0.214    0.0    0.0
0.214    0.962533862245    0.262233721586
0.215    -0.962082709246    -0.263676058379
0.215    0.0    0.0
0.215    0.962082709246    0.263676058379
0.216    -0.961627637642    -0.265120010996
0.216    0.0    0.0
0.216    0.961627637642    0.265120010996
0.217    -0.961168620437    -0.266565567375
0.217    0.0    0.0
0.217    0.961168620437    0.266565567375
0.218    -0.96070563041    -0.268012715279
0.218    0.0    0.0
0.218    0.96070563041    0.268012715279
0.219    -0.960238640115    -0.269461442305
0.219    0.0    0.0
0.219    0.960238640115    0.269461442305
0.22    -0.959767621881    -0.270911735874
0.22    0.0    0.0
0.22    0.959767621881    0.270911735874
0.221    -0.959292547804    -0.272363583232
0.221    0.0    0.0
0.221    0.959292547804    0.272363583232
0.222    -0.958813389746    -0.273816971451
0.222    0.0    0.0
0.222    0.958813389746    0.273816971451
0.223    -0.958330119334    -0.275271887424
0.223    0.0    0.0
0.223    0.958330119334    0.275271887424
0.224    -0.957842707957    -0.276728317865
0.224    0.0    0.0
0.224    0.957842707957    0.276728317865
0.225    -0.95735112676    -0.278186249306
0.225    0.0    0.0
0.225    0.95735112676    0.278186249306
0.226    -0.956855346644    -0.279645668097
0.226    0.0    0.0
0.226    0.956855346644    0.279645668097
0.227    -0.956355338262    -0.281106560403
0.227    0.0    0.0
0.227    0.956355338262    0.281106560403
0.228    -0.955851072017    -0.282568912204
0.228    0.0    0.0
0.228    0.955851072017    0.282568912204
0.229    -0.955342518055    -0.284032709289
0.229    0.0    0.0
0.229    0.955342518055    0.284032709289
0.23    -0.954829646267    -0.285497937259
0.23    0.0    0.0
0.23    0.954829646267    0.285497937259
0.231    -0.954312426282    -0.286964581524
0.231    0.0    0.0
0.231    0.954312426282    0.286964581524
0.232    -0.953790827467    -0.288432627298
0.232    0.0    0.0
0.232    0.953790827467    0.288432627298
0.233    -0.953264818919    -0.289902059602
0.233    0.0    0.0
0.233    0.953264818919    0.289902059602
0.234    -0.952734369466    -0.291372863257
0.234    0.0    0.0
0.234    0.952734369466    0.291372863257
0.235    -0.952199447659    -0.292845022887
0.235    0.0    0.0
0.235    0.952199447659    0.292845022887
0.236    -0.951660021775    -0.294318522912
0.236    0.0    0.0
0.236    0.951660021775    0.294318522912
0.237    -0.951116059806    -0.29579334755
0.237    0.0    0.0
0.237    0.951116059806    0.29579334755
0.238    -0.950567529461    -0.297269480814
0.238    0.0    0.0
0.238    0.950567529461    0.297269480814
0.239    -0.950014398156    -0.298746906509
0.239    0.0    0.0
0.239    0.950014398156    0.298746906509
0.24    -0.949456633018    -0.300225608229
0.24    0.0    0.0
0.24    0.949456633018    0.300225608229
0.241    -0.948894200875    -0.301705569357
0.241    0.0    0.0
0.241    0.948894200875    0.301705569357
0.242    -0.948327068253    -0.303186773063
0.242    0.0    0.0
0.242    0.948327068253    0.303186773063
0.243    -0.947755201375    -0.304669202298
0.243    0.0    0.0
0.243    0.947755201375    0.304669202298
0.244    -0.947178566151    -0.306152839797
0.244    0.0    0.0
0.244    0.947178566151    0.306152839797
0.245    -0.946597128182    -0.307637668073
0.245    0.0    0.0
0.245    0.946597128182    0.307637668073
0.246    -0.946010852746    -0.309123669414
0.246    0.0    0.0
0.246    0.946010852746    0.309123669414
0.247    -0.9454197048    -0.310610825885
0.247    0.0    0.0
0.247    0.9454197048    0.310610825885
0.248    -0.944823648975    -0.312099119321
0.248    0.0    0.0
0.248    0.944823648975    0.312099119321
0.249    -0.944222649568    -0.313588531327
0.249    0.0    0.0
0.249    0.944222649568    0.313588531327
0.25    -0.943616670541    -0.315079043273
0.25    0.0    0.0
0.25    0.943616670541    0.315079043273
0.251    -0.943005675513    -0.316570636295
0.251    0.0    0.0
0.251    0.943005675513    0.316570636295
0.252    -0.942389627756    -0.31806329129
0.252    0.0    0.0
0.252    0.942389627756    0.31806329129
0.253    -0.941768490191    -0.319556988913
0.253    0.0    0.0
0.253    0.941768490191    0.319556988913
0.254    -0.941142225383    -0.321051709576
0.254    0.0    0.0
0.254    0.941142225383    0.321051709576
0.255    -0.940510795534    -0.322547433441
0.255    0.0    0.0
0.255    0.940510795534    0.322547433441
0.256    -0.939874162477    -0.324044140424
0.256    0.0    0.0
0.256    0.939874162477    0.324044140424
0.257    -0.939232287673    -0.325541810185
0.257    0.0    0.0
0.257    0.939232287673    0.325541810185
0.258    -0.938585132205    -0.327040422131
0.258    0.0    0.0
0.258    0.938585132205    0.327040422131
0.259    -0.93793265677    -0.328539955408
0.259    0.0    0.0
0.259    0.93793265677    0.328539955408
0.26    -0.937274821675    -0.330040388899
0.26    0.0    0.0
0.26    0.937274821675    0.330040388899
0.261    -0.936611586831    -0.331541701224
0.261    0.0    0.0
0.261    0.936611586831    0.331541701224
0.262    -0.935942911743    -0.333043870733
0.262    0.0    0.0
0.262    0.935942911743    0.333043870733
0.263    -0.935268755512    -0.334546875504
0.263    0.0    0.0
0.263    0.935268755512    0.334546875504
0.264    -0.93458907682    -0.336050693338
0.264    0.0    0.0
0.264    0.93458907682    0.336050693338
0.265    -0.933903833927    -0.33755530176
0.265    0.0    0.0
0.265    0.933903833927    0.33755530176
0.266    -0.933212984665    -0.33906067801
0.266    0.0    0.0
0.266    0.933212984665    0.33906067801
0.267    -0.932516486431    -0.340566799042
0.267    0.0    0.0
0.267    0.932516486431    0.340566799042
0.268    -0.931814296177    -0.342073641519
0.268    0.0    0.0
0.268    0.931814296177    0.342073641519
0.269    -0.931106370407    -0.34358118181
0.269    0.0    0.0
0.269    0.931106370407    0.34358118181
0.27    -0.930392665166    -0.345089395988
0.27    0.0    0.0
0.27    0.930392665166    0.345089395988
0.271    -0.929673136035    -0.34659825982
0.271    0.0    0.0
0.271    0.929673136035    0.34659825982
0.272    -0.928947738121    -0.348107748768
0.272    0.0    0.0
0.272    0.928947738121    0.348107748768
0.273    -0.928216426052    -0.349617837985
0.273    0.0    0.0
0.273    0.928216426052    0.349617837985
0.274    -0.927479153967    -0.351128502305
0.274    0.0    0.0
0.274    0.927479153967    0.351128502305
0.275    -0.926735875506    -0.352639716246
0.275    0.0    0.0
0.275    0.926735875506    0.352639716246
0.276    -0.925986543806    -0.354151453998
0.276    0.0    0.0
0.276    0.925986543806    0.354151453998
0.277    -0.925231111488    -0.355663689425
0.277    0.0    0.0
0.277    0.925231111488    0.355663689425
0.278    -0.924469530652    -0.357176396053
0.278    0.0    0.0
0.278    0.924469530652    0.357176396053
0.279    -0.923701752863    -0.358689547073
0.279    0.0    0.0
0.279    0.923701752863    0.358689547073
0.28    -0.922927729147    -0.360203115328
0.28    0.0    0.0
0.28    0.922927729147    0.360203115328
0.281    -0.922147409977    -0.361717073314
0.281    0.0    0.0
0.281    0.922147409977    0.361717073314
0.282    -0.921360745267    -0.363231393169
0.282    0.0    0.0
0.282    0.921360745267    0.363231393169
0.283    -0.920567684359    -0.364746046673
0.283    0.0    0.0
0.283    0.920567684359    0.364746046673
0.284    -0.919768176015    -0.366261005237
0.284    0.0    0.0
0.284    0.919768176015    0.366261005237
0.285    -0.918962168404    -0.367776239902
0.285    0.0    0.0
0.285    0.918962168404    0.367776239902
0.286    -0.918149609094    -0.369291721328
0.286    0.0    0.0
0.286    0.918149609094    0.369291721328
0.287    -0.917330445038    -0.370807419791
0.287    0.0    0.0
0.287    0.917330445038    0.370807419791
0.288    -0.916504622566    -0.372323305177
0.288    0.0    0.0
0.288    0.916504622566    0.372323305177
0.289    -0.915672087372    -0.373839346972
0.289    0.0    0.0
0.289    0.915672087372    0.373839346972
0.29    -0.9148327845    -0.375355514258
0.29    0.0    0.0
0.29    0.9148327845    0.375355514258
0.291    -0.913986658335    -0.376871775706
0.291    0.0    0.0
0.291    0.913986658335    0.376871775706
0.292    -0.913133652589    -0.378388099568
0.292    0.0    0.0
0.292    0.913133652589    0.378388099568
0.293    -0.912273710288    -0.379904453667
0.293    0.0    0.0
0.293    0.912273710288    0.379904453667
0.294    -0.91140677376    -0.381420805396
0.294    0.0    0.0
0.294    0.91140677376    0.381420805396
0.295    -0.91053278462    -0.382937121703
0.295    0.0    0.0
0.295    0.91053278462    0.382937121703
0.296    -0.909651683757    -0.384453369087
0.296    0.0    0.0
0.296    0.909651683757    0.384453369087
0.297    -0.908763411322    -0.385969513588
0.297    0.0    0.0
0.297    0.908763411322    0.385969513588
0.298    -0.907867906707    -0.38748552078
0.298    0.0    0.0
0.298    0.907867906707    0.38748552078
0.299    -0.906965108539    -0.389001355761
0.299    0.0    0.0
0.299    0.906965108539    0.389001355761
0.3    -0.906054954656    -0.390516983142
0.3    0.0    0.0
0.3    0.906054954656    0.390516983142
0.301    -0.905137382099    -0.392032367041
0.301    0.0    0.0
0.301    0.905137382099    0.392032367041
0.302    -0.904212327089    -0.393547471074
0.302    0.0    0.0
0.302    0.904212327089    0.393547471074
0.303    -0.903279725015    -0.395062258338
0.303    0.0    0.0
0.303    0.903279725015    0.395062258338
0.304    -0.902339510415    -0.396576691408
0.304    0.0    0.0
0.304    0.902339510415    0.396576691408
0.305    -0.901391616961    -0.398090732326
0.305    0.0    0.0
0.305    0.901391616961    0.398090732326
0.306    -0.900435977437    -0.399604342583
0.306    0.0    0.0
0.306    0.900435977437    0.399604342583
0.307    -0.899472523723    -0.401117483115
0.307    0.0    0.0
0.307    0.899472523723    0.401117483115
0.308    -0.898501186777    -0.402630114291
0.308    0.0    0.0
0.308    0.898501186777    0.402630114291
0.309    -0.897521896612    -0.404142195893
0.309    0.0    0.0
0.309    0.897521896612    0.404142195893
0.31    -0.896534582281    -0.405653687115
0.31    0.0    0.0
0.31    0.896534582281    0.405653687115
0.311    -0.895539171853    -0.407164546541
0.311    0.0    0.0
0.311    0.895539171853    0.407164546541
0.312    -0.89453559239    -0.408674732135
0.312    0.0    0.0
0.312    0.89453559239    0.408674732135
0.313    -0.89352376993    -0.410184201229
0.313    0.0    0.0
0.313    0.89352376993    0.410184201229
0.314    -0.892503629464    -0.411692910504
0.314    0.0    0.0
0.314    0.892503629464    0.411692910504
0.315    -0.891475094909    -0.413200815983
0.315    0.0    0.0
0.315    0.891475094909    0.413200815983
0.316    -0.890438089088    -0.414707873007
0.316    0.0    0.0
0.316    0.890438089088    0.414707873007
0.317    -0.889392533703    -0.416214036225
0.317    0.0    0.0
0.317    0.889392533703    0.416214036225
0.318    -0.888338349314    -0.417719259578
0.318    0.0    0.0
0.318    0.888338349314    0.417719259578
0.319    -0.887275455308    -0.419223496279
0.319    0.0    0.0
0.319    0.887275455308    0.419223496279
0.32    -0.886203769878    -0.420726698797
0.32    0.0    0.0
0.32    0.886203769878    0.420726698797
0.321    -0.885123209991    -0.42222881884
0.321    0.0    0.0
0.321    0.885123209991    0.42222881884
0.322    -0.884033691363    -0.423729807337
0.322    0.0    0.0
0.322    0.884033691363    0.423729807337
0.323    -0.882935128428    -0.425229614417
0.323    0.0    0.0
0.323    0.882935128428    0.425229614417
0.324    -0.88182743431    -0.426728189389
0.324    0.0    0.0
0.324    0.88182743431    0.426728189389
0.325    -0.88071052079    -0.428225480725
0.325    0.0    0.0
0.325    0.88071052079    0.428225480725
0.326    -0.879584298276    -0.429721436034
0.326    0.0    0.0
0.326    0.879584298276    0.429721436034
0.327    -0.878448675773    -0.431216002044
0.327    0.0    0.0
0.327    0.878448675773    0.431216002044
0.328    -0.877303560844    -0.432709124577
0.328    0.0    0.0
0.328    0.877303560844    0.432709124577
0.329    -0.876148859577    -0.434200748524
0.329    0.0    0.0
0.329    0.876148859577    0.434200748524
0.33    -0.874984476554    -0.435690817827
0.33    0.0    0.0
0.33    0.874984476554    0.435690817827
0.331    -0.873810314806    -0.437179275444
0.331    0.0    0.0
0.331    0.873810314806    0.437179275444
0.332    -0.872626275784    -0.438666063334
0.332    0.0    0.0
0.332    0.872626275784    0.438666063334
0.333    -0.871432259311    -0.440151122418
0.333    0.0    0.0
0.333    0.871432259311    0.440151122418
0.334    -0.870228163549    -0.441634392562
0.334    0.0    0.0
0.334    0.870228163549    0.441634392562
0.335    -0.869013884953    -0.443115812539
0.335    0.0    0.0
0.335    0.869013884953    0.443115812539
0.336    -0.86778931823    -0.444595320003
0.336    0.0    0.0
0.336    0.86778931823    0.444595320003
0.337    -0.866554356292    -0.446072851459
0.337    0.0    0.0
0.337    0.866554356292    0.446072851459
0.338    -0.865308890214    -0.447548342227
0.338    0.0    0.0
0.338    0.865308890214    0.447548342227
0.339    -0.864052809182    -0.449021726408
0.339    0.0    0.0
0.339    0.864052809182    0.449021726408
0.34    -0.862786000447    -0.450492936853
0.34    0.0    0.0
0.34    0.862786000447    0.450492936853
0.341    -0.861508349277    -0.451961905123
0.341    0.0    0.0
0.341    0.861508349277    0.451961905123
0.342    -0.860219738896    -0.453428561451
0.342    0.0    0.0
0.342    0.860219738896    0.453428561451
0.343    -0.858920050439    -0.454892834706
0.343    0.0    0.0
0.343    0.858920050439    0.454892834706
0.344    -0.857609162891    -0.456354652349
0.344    0.0    0.0
0.344    0.857609162891    0.456354652349
0.345    -0.856286953033    -0.457813940391
0.345    0.0    0.0
0.345    0.856286953033    0.457813940391
0.346    -0.854953295376    -0.45927062335
0.346    0.0    0.0
0.346    0.854953295376    0.45927062335
0.347    -0.853608062106    -0.460724624206
0.347    0.0    0.0
0.347    0.853608062106    0.460724624206
0.348    -0.852251123015    -0.46217586435
0.348    0.0    0.0
0.348    0.852251123015    0.46217586435
0.349    -0.850882345438    -0.463624263538
0.349    0.0    0.0
0.349    0.850882345438    0.463624263538
0.35    -0.849501594181    -0.465069739838
0.35    0.0    0.0
0.35    0.849501594181    0.465069739838
0.351    -0.848108731452    -0.466512209575
0.351    0.0    0.0
0.351    0.848108731452    0.466512209575
0.352    -0.84670361679    -0.467951587278
0.352    0.0    0.0
0.352    0.84670361679    0.467951587278
0.353    -0.845286106981    -0.46938778562
0.353    0.0    0.0
0.353    0.845286106981    0.46938778562
0.354    -0.843856055987    -0.470820715356
0.354    0.0    0.0
0.354    0.843856055987    0.470820715356
0.355    -0.842413314858    -0.472250285263
0.355    0.0    0.0
0.355    0.842413314858    0.472250285263
0.356    -0.84095773165    -0.473676402075
0.356    0.0    0.0
0.356    0.84095773165    0.473676402075
0.357    -0.839489151338    -0.475098970409
0.357    0.0    0.0
0.357    0.839489151338    0.475098970409
0.358    -0.838007415719    -0.476517892699
0.358    0.0    0.0
0.358    0.838007415719    0.476517892699
0.359    -0.836512363322    -0.477933069119
0.359    0.0    0.0
0.359    0.836512363322    0.477933069119
0.36    -0.835003829307    -0.479344397506
0.36    0.0    0.0
0.36    0.835003829307    0.479344397506
0.361    -0.833481645364    -0.48075177328
0.361    0.0    0.0
0.361    0.833481645364    0.48075177328
0.362    -0.831945639603    -0.482155089356
0.362    0.0    0.0
0.362    0.831945639603    0.482155089356
0.363    -0.830395636448    -0.48355423606
0.363    0.0    0.0
0.363    0.830395636448    0.48355423606
0.364    -0.828831456518    -0.484949101034
0.364    0.0    0.0
0.364    0.828831456518    0.484949101034
0.365    -0.82725291651    -0.486339569138
0.365    0.0    0.0
0.365    0.82725291651    0.486339569138
0.366    -0.825659829071    -0.487725522356
0.366    0.0    0.0
0.366    0.825659829071    0.487725522356
0.367    -0.824052002673    -0.489106839682
0.367    0.0    0.0
0.367    0.824052002673    0.489106839682
0.368    -0.822429241475    -0.490483397016
0.368    0.0    0.0
0.368    0.822429241475    0.490483397016
0.369    -0.820791345184    -0.491855067046
0.369    0.0    0.0
0.369    0.820791345184    0.491855067046
0.37    -0.819138108907    -0.493221719129
0.37    0.0    0.0
0.37    0.819138108907    0.493221719129
0.371    -0.817469323001    -0.494583219164
0.371    0.0    0.0
0.371    0.817469323001    0.494583219164
0.372    -0.815784772912    -0.495939429457
0.372    0.0    0.0
0.372    0.815784772912    0.495939429457
0.373    -0.81408423901    -0.49729020859
0.373    0.0    0.0
0.373    0.81408423901    0.49729020859
0.374    -0.812367496419    -0.498635411266
0.374    0.0    0.0
0.374    0.812367496419    0.498635411266
0.375    -0.810634314831    -0.499974888164
0.375    0.0    0.0
0.375    0.810634314831    0.499974888164
0.376    -0.808884458323    -0.501308485777
0.376    0.0    0.0
0.376    0.808884458323    0.501308485777
0.377    -0.807117685159    -0.502636046245
0.377    0.0    0.0
0.377    0.807117685159    0.502636046245
0.378    -0.805333747583    -0.503957407176
0.378    0.0    0.0
0.378    0.805333747583    0.503957407176
0.379    -0.803532391607    -0.505272401465
0.379    0.0    0.0
0.379    0.803532391607    0.505272401465
0.38    -0.801713356783    -0.506580857101
0.38    0.0    0.0
0.38    0.801713356783    0.506580857101
0.381    -0.799876375975    -0.507882596956
0.381    0.0    0.0
0.381    0.799876375975    0.507882596956
0.382    -0.798021175105    -0.50917743858
0.382    0.0    0.0
0.382    0.798021175105    0.50917743858
0.383    -0.796147472902    -0.510465193966
0.383    0.0    0.0
0.383    0.796147472902    0.510465193966
0.384    -0.794254980632    -0.511745669319
0.384    0.0    0.0
0.384    0.794254980632    0.511745669319
0.385    -0.792343401814    -0.513018664804
0.385    0.0    0.0
0.385    0.792343401814    0.513018664804
0.386    -0.790412431925    -0.514283974281
0.386    0.0    0.0
0.386    0.790412431925    0.514283974281
0.387    -0.788461758091    -0.515541385029
0.387    0.0    0.0
0.387    0.788461758091    0.515541385029
0.388    -0.78649105876    -0.51679067745
0.388    0.0    0.0
0.388    0.78649105876    0.51679067745
0.389    -0.784500003362    -0.518031624766
0.389    0.0    0.0
0.389    0.784500003362    0.518031624766
0.39    -0.78248825195    -0.519263992685
0.39    0.0    0.0
0.39    0.78248825195    0.519263992685
0.391    -0.780455454821    -0.520487539063
0.391    0.0    0.0
0.391    0.780455454821    0.520487539063
0.392    -0.778401252123    -0.521702013534
0.392    0.0    0.0
0.392    0.778401252123    0.521702013534
0.393    -0.776325273435    -0.522907157131
0.393    0.0    0.0
0.393    0.776325273435    0.522907157131
0.394    -0.77422713733    -0.524102701871
0.394    0.0    0.0
0.394    0.77422713733    0.524102701871
0.395    -0.772106450914    -0.52528837033
0.395    0.0    0.0
0.395    0.772106450914    0.52528837033
0.396    -0.769962809336    -0.526463875184
0.396    0.0    0.0
0.396    0.769962809336    0.526463875184
0.397    -0.767795795276    -0.527628918722
0.397    0.0    0.0
0.397    0.767795795276    0.527628918722
0.398    -0.765604978407    -0.528783192337
0.398    0.0    0.0
0.398    0.765604978407    0.528783192337
0.399    -0.763389914818    -0.529926375976
0.399    0.0    0.0
0.399    0.763389914818    0.529926375976
0.4    -0.761150146416    -0.531058137565
0.4    0.0    0.0
0.4    0.761150146416    0.531058137565
0.401    -0.758885200282    -0.53217813239
0.401    0.0    0.0
0.401    0.758885200282    0.53217813239
0.402    -0.756594588006    -0.533286002448
0.402    0.0    0.0
0.402    0.756594588006    0.533286002448
0.403    -0.754277804962    -0.534381375745
0.403    0.0    0.0
0.403    0.754277804962    0.534381375745
0.404    -0.751934329562    -0.535463865559
0.404    0.0    0.0
0.404    0.751934329562    0.535463865559
0.405    -0.749563622453    -0.536533069648
0.405    0.0    0.0
0.405    0.749563622453    0.536533069648
0.406    -0.747165125666    -0.53758856941
0.406    0.0    0.0
0.406    0.747165125666    0.53758856941
0.407    -0.744738261718    -0.538629928982
0.407    0.0    0.0
0.407    0.744738261718    0.538629928982
0.408    -0.742282432655    -0.539656694278
0.408    0.0    0.0
0.408    0.742282432655    0.539656694278
0.409    -0.739797019039    -0.540668391968
0.409    0.0    0.0
0.409    0.739797019039    0.540668391968
0.41    -0.737281378864    -0.541664528376
0.41    0.0    0.0
0.41    0.737281378864    0.541664528376
0.411    -0.73473484641    -0.542644588306
0.411    0.0    0.0
0.411    0.73473484641    0.542644588306
0.412    -0.732156731017    -0.543608033781
0.412    0.0    0.0
0.412    0.732156731017    0.543608033781
0.413    -0.729546315784    -0.544554302694
0.413    0.0    0.0
0.413    0.729546315784    0.544554302694
0.414    -0.726902856173    -0.545482807356
0.414    0.0    0.0
0.414    0.726902856173    0.545482807356
0.415    -0.724225578528    -0.546392932938
0.415    0.0    0.0
0.415    0.724225578528    0.546392932938
0.416    -0.721513678483    -0.547284035796
0.416    0.0    0.0
0.416    0.721513678483    0.547284035796
0.417    -0.71876631927    -0.548155441662
0.417    0.0    0.0
0.417    0.71876631927    0.548155441662
0.418    -0.715982629897    -0.549006443706
0.418    0.0    0.0
0.418    0.715982629897    0.549006443706
0.419    -0.713161703204    -0.549836300433
0.419    0.0    0.0
0.419    0.713161703204    0.549836300433
0.42    -0.710302593774    -0.55064423342
0.42    0.0    0.0
0.42    0.710302593774    0.55064423342
0.421    -0.707404315693    -0.551429424865
0.421    0.0    0.0
0.421    0.707404315693    0.551429424865
0.422    -0.704465840138    -0.552191014937
0.422    0.0    0.0
0.422    0.704465840138    0.552191014937
0.423    -0.701486092793    -0.552928098906
0.423    0.0    0.0
0.423    0.701486092793    0.552928098906
0.424    -0.69846395105    -0.553639724024
0.424    0.0    0.0
0.424    0.69846395105    0.553639724024
0.425    -0.695398241011    -0.554324886144
0.425    0.0    0.0
0.425    0.695398241011    0.554324886144
0.426    -0.692287734238    -0.55498252604
0.426    0.0    0.0
0.426    0.692287734238    0.55498252604
0.427    -0.689131144248    -0.555611525398
0.427    0.0    0.0
0.427    0.689131144248    0.555611525398
0.428    -0.685927122721    -0.556210702452
0.428    0.0    0.0
0.428    0.685927122721    0.556210702452
0.429    -0.682674255396    -0.556778807214
0.429    0.0    0.0
0.429    0.682674255396    0.556778807214
0.43    -0.679371057618    -0.557314516259
0.43    0.0    0.0
0.43    0.679371057618    0.557314516259
0.431    -0.676015969504    -0.55781642702
0.431    0.0    0.0
0.431    0.676015969504    0.55781642702
0.432    -0.672607350694    -0.558283051531
0.432    0.0    0.0
0.432    0.672607350694    0.558283051531
0.433    -0.669143474631    -0.558712809555
0.433    0.0    0.0
0.433    0.669143474631    0.558712809555
0.434    -0.665622522334    -0.559104021028
0.434    0.0    0.0
0.434    0.665622522334    0.559104021028
0.435    -0.662042575599    -0.559454897736
0.435    0.0    0.0
0.435    0.662042575599    0.559454897736
0.436    -0.658401609568    -0.559763534135
0.436    0.0    0.0
0.436    0.658401609568    0.559763534135
0.437    -0.654697484601    -0.560027897195
0.437    0.0    0.0
0.437    0.654697484601    0.560027897195
0.438    -0.650927937364    -0.560245815171
0.438    0.0    0.0
0.438    0.650927937364    0.560245815171
0.439    -0.647090571052    -0.56041496514
0.439    0.0    0.0
0.439    0.647090571052    0.56041496514
0.44    -0.643182844632    -0.560532859149
0.44    0.0    0.0
0.44    0.643182844632    0.560532859149
0.441    -0.639202061014    -0.560596828807
0.441    0.0    0.0
0.441    0.639202061014    0.560596828807
0.442    -0.635145353997    -0.560604008086
0.442    0.0    0.0
0.442    0.635145353997    0.560604008086
0.443    -0.631009673854    -0.560551314108
0.443    0.0    0.0
0.443    0.631009673854    0.560551314108
0.444    -0.626791771391    -0.560435425617
0.444    0.0    0.0
0.444    0.626791771391    0.560435425617
0.445    -0.622488180279    -0.560252758834
0.445    0.0    0.0
0.445    0.622488180279    0.560252758834
0.446    -0.618095197452    -0.559999440282
0.446    0.0    0.0
0.446    0.618095197452    0.559999440282
0.447    -0.613608861316    -0.55967127617
0.447    0.0    0.0
0.447    0.613608861316    0.55967127617
0.448    -0.60902492749    -0.559263717793
0.448    0.0    0.0
0.448    0.60902492749    0.559263717793
0.449    -0.60433884176    -0.558771822362
0.449    0.0    0.0
0.449    0.60433884176    0.558771822362
0.45    -0.599545709873    -0.558190208546
0.45    0.0    0.0
0.45    0.599545709873    0.558190208546
0.451    -0.594640263764    -0.55751300589
0.451    0.0    0.0
0.451    0.594640263764    0.55751300589
0.452    -0.589616823741    -0.556733797145
0.452    0.0    0.0
0.452    0.589616823741    0.556733797145
0.453    -0.584469256086    -0.555845552347
0.453    0.0    0.0
0.453    0.584469256086    0.555845552347
0.454    -0.579190925501    -0.554840553292
0.454    0.0    0.0
0.454    0.579190925501    0.554840553292
0.455    -0.573774641698    -0.553710306826
0.455    0.0    0.0
0.455    0.573774641698    0.553710306826
0.456    -0.568212599427    -0.552445445047
0.456    0.0    0.0
0.456    0.568212599427    0.552445445047
0.457    -0.56249631113    -0.551035610241
0.457    0.0    0.0
0.457    0.56249631113    0.551035610241
0.458    -0.5566165314    -0.549469321949
0.458    0.0    0.0
0.458    0.5566165314    0.549469321949
0.459    -0.550563172369    -0.547733823167
0.459    0.0    0.0
0.459    0.550563172369    0.547733823167
0.46    -0.544325209242    -0.545814902189
0.46    0.0    0.0
0.46    0.544325209242    0.545814902189
0.461    -0.537890575312    -0.543696686129
0.461    0.0    0.0
0.461    0.537890575312    0.543696686129
0.462    -0.531246046093    -0.54136140165
0.462    0.0    0.0
0.462    0.531246046093    0.54136140165
0.463    -0.524377112786    -0.538789098064
0.463    0.0    0.0
0.463    0.524377112786    0.538789098064
0.464    -0.517267846221    -0.535957327751
0.464    0.0    0.0
0.464    0.517267846221    0.535957327751
0.465    -0.509900754039    -0.53284077913
0.465    0.0    0.0
0.465    0.509900754039    0.53284077913
0.466    -0.502256636338    -0.529410858481
0.466    0.0    0.0
0.466    0.502256636338    0.529410858481
0.467    -0.494314448995    -0.525635219403
0.467    0.0    0.0
0.467    0.494314448995    0.525635219403
0.468    -0.486051189888    -0.521477243655
0.468    0.0    0.0
0.468    0.486051189888    0.521477243655
0.469    -0.477441832388    -0.516895485954
0.469    0.0    0.0
0.469    0.477441832388    0.516895485954
0.47    -0.468459343892    -0.511843110564
0.47    0.0    0.0
0.47    0.468459343892    0.511843110564
0.471    -0.459074846454    -0.50626737236
0.471    0.0    0.0
0.471    0.459074846454    0.50626737236
0.472    -0.449258002972    -0.500109234253
0.472    0.0    0.0
0.472    0.449258002972    0.500109234253
0.473    -0.438977746459    -0.493303271572
0.473    0.0    0.0
0.473    0.438977746459    0.493303271572
0.474    -0.428203508778    -0.485778096542
0.474    0.0    0.0
0.474    0.428203508778    0.485778096542
0.475    -0.416907139389    -0.477457640752
0.475    0.0    0.0
0.475    0.416907139389    0.477457640752
0.476    -0.405065710965    -0.46826374312
0.476    0.0    0.0
0.476    0.405065710965    0.46826374312
0.477    -0.392665343736    -0.458120555289
0.477    0.0    0.0
0.477    0.392665343736    0.458120555289
0.478    -0.379705978462    -0.446961193896
0.478    0.0    0.0
0.478    0.379705978462    0.446961193896
0.479    -0.366206623174    -0.434736685324
0.479    0.0    0.0
0.479    0.366206623174    0.434736685324
0.48    -0.352209993615    -0.421426420378
0.48    0.0    0.0
0.48    0.352209993615    0.421426420378
0.481    -0.337784848582    -0.407048110984
0.481    0.0    0.0
0.481    0.337784848582    0.407048110984
0.482    -0.323024131917    -0.391664097001
0.482    0.0    0.0
0.482    0.323024131917    0.391664097001
0.483    -0.308037795362    -0.37538071525
0.483    0.0    0.0
0.483    0.308037795362    0.37538071525
0.484    -0.292940971757    -0.358339100593
0.484    0.0    0.0
0.484    0.292940971757    0.358339100593
0.485    -0.277840183607    -0.340698887688
0.485    0.0    0.0
0.485    0.277840183607    0.340698887688
0.486    -0.262821174811    -0.322619078221
0.486    0.0    0.0
0.486    0.262821174811    0.322619078221
0.487    -0.247941060546    -0.304241006348
0.487    0.0    0.0
0.487    0.247941060546    0.304241006348
0.488    -0.233225457805    -0.285676636817
0.488    0.0    0.0
0.488    0.233225457805    0.285676636817
0.489    -0.21866940649    -0.267002768164
0.489    0.0    0.0
0.489    0.21866940649    0.267002768164
0.49    -0.204240027754    -0.248259661116
0.49    0.0    0.0
0.49    0.204240027754    0.248259661116
0.491    -0.189878897248    -0.229451753168
0.491    0.0    0.0
0.491    0.189878897248    0.229451753168
0.492    -0.175502463004    -0.210548093762
0.492    0.0    0.0
0.492    0.175502463004    0.210548093762
0.493    -0.160998937475    -0.191480239408
0.493    0.0    0.0
0.493    0.160998937475    0.191480239408
0.494    -0.146219433007    -0.172134868976
0.494    0.0    0.0
0.494    0.146219433007    0.172134868976
0.495    -0.130958827659    -0.152336312102
0.495    0.0    0.0
0.495    0.130958827659    0.152336312102
0.496    -0.114915378085    -0.131807912907
0.496    0.0    0.0
0.496    0.114915378085    0.131807912907
0.497    -0.0975978696812    -0.110081142983
0.497    0.0    0.0
0.497    0.0975978696812    0.110081142983
0.498    -0.0780694039112    -0.086242117458
0.498    0.0    0.0
0.498    0.0780694039112    0.086242117458
0.499    -0.0539375489628    -0.0579274744998
0.499    0.0    0.0
0.499    0.0539375489628    0.0579274744998
0.5    0.0    0.0
0.501    0.0    0.0
0.502    0.0    0.0
0.503    0.0    0.0
0.504    0.0    0.0
0.505    0.0    0.0
0.506    0.0    0.0
0.507    0.0    0.0
0.508    0.0    0.0
0.509    0.0    0.0
0.51    0.0    0.0
0.511    0.0    0.0
0.512    0.0    0.0
0.513    0.0    0.0
0.514    0.0    0.0
0.515    0.0    0.0
0.516    0.0    0.0
0.517    0.0    0.0
0.518    0.0    0.0
0.519    0.0    0.0
0.52    0.0    0.0
0.521    0.0    0.0
0.522    0.0    0.0
0.523    0.0    0.0
0.524    0.0    0.0
0.525    0.0    0.0
0.526    0.0    0.0
0.527    0.0    0.0
0.528    0.0    0.0
0.529    0.0    0.0
0.53    0.0    0.0
0.531    0.0    0.0
0.532    0.0    0.0
0.533    0.0    0.0
0.534    0.0    0.0
0.535    0.0    0.0
0.536    0.0    0.0
0.537    0.0    0.0
0.538    0.0    0.0
0.539    0.0    0.0
0.54    0.0    0.0
0.541    0.0    0.0
0.542    0.0    0.0
0.543    0.0    0.0
0.544    0.0    0.0
0.545    0.0    0.0
0.546    0.0    0.0
0.547    0.0    0.0
0.548    0.0    0.0
0.549    0.0    0.0
0.55    0.0    0.0
0.551    0.0    0.0
0.552    0.0    0.0
0.553    0.0    0.0
0.554    0.0    0.0
0.555    0.0    0.0
0.556    0.0    0.0
0.557    0.0    0.0
0.558    0.0    0.0
0.559    0.0    0.0
0.56    0.0    0.0
0.561    0.0    0.0
0.562    0.0    0.0
0.563    0.0    0.0
0.564    0.0    0.0
0.565    0.0    0.0
0.566    0.0    0.0
0.567    0.0    0.0
0.568    0.0    0.0
0.569    0.0    0.0
0.57    0.0    0.0
0.571    0.0    0.0
0.572    0.0    0.0
0.573    0.0    0.0
0.574    0.0    0.0
0.575    0.0    0.0
0.576    0.0    0.0
0.577    0.0    0.0
0.578    0.0    0.0
0.579    0.0    0.0
0.58    0.0    0.0
0.581    0.0    0.0
0.582    0.0    0.0
0.583    0.0    0.0
0.584    0.0    0.0
0.585    0.0    0.0
0.586    0.0    0.0
0.587    0.0    0.0
0.588    0.0    0.0
0.589    0.0    0.0
0.59    0.0    0.0
0.591    0.0    0.0
0.592    0.0    0.0
0.593    0.0    0.0
0.594    0.0    0.0
0.595    0.0    0.0
0.596    0.0    0.0
0.597    0.0    0.0
0.598    0.0    0.0
0.599    0.0    0.0
0.6    0.0    0.0
0.601    0.0    0.0
0.602    0.0    0.0
0.603    0.0    0.0
0.604    0.0    0.0
0.605    0.0    0.0
0.606    0.0    0.0
0.607    0.0    0.0
0.608    0.0    0.0
0.609    0.0    0.0
0.61    0.0    0.0
0.611    0.0    0.0
0.612    0.0    0.0
0.613    0.0    0.0
0.614    0.0    0.0
0.615    0.0    0.0
0.616    0.0    0.0
0.617    0.0    0.0
0.618    0.0    0.0
0.619    0.0    0.0
0.62    0.0    0.0
0.621    0.0    0.0
0.622    0.0    0.0
0.623    0.0    0.0
0.624    0.0    0.0
0.625    0.0    0.0
0.626    0.0    0.0
0.627    0.0    0.0
0.628    0.0    0.0
0.629    0.0    0.0
0.63    0.0    0.0
0.631    0.0    0.0
0.632    0.0    0.0
0.633    0.0    0.0
0.634    0.0    0.0
0.635    0.0    0.0
0.636    0.0    0.0
0.637    0.0    0.0
0.638    0.0    0.0
0.639    0.0    0.0
0.64    0.0    0.0
0.641    0.0    0.0
0.642    0.0    0.0
0.643    0.0    0.0
0.644    0.0    0.0
0.645    0.0    0.0
0.646    0.0    0.0
0.647    0.0    0.0
0.648    0.0    0.0
0.649    0.0    0.0
0.65    0.0    0.0
0.651    0.0    0.0
0.652    0.0    0.0
0.653    0.0    0.0
0.654    0.0    0.0
0.655    0.0    0.0
0.656    0.0    0.0
0.657    0.0    0.0
0.658    0.0    0.0
0.659    0.0    0.0
0.66    0.0    0.0
0.661    0.0    0.0
0.662    0.0    0.0
0.663    0.0    0.0
0.664    0.0    0.0
0.665    0.0    0.0
0.666    0.0    0.0
0.667    0.0    0.0
0.668    0.0    0.0
0.669    0.0    0.0
0.67    0.0    0.0
0.671    0.0    0.0
0.672    0.0    0.0
0.673    0.0    0.0
0.674    0.0    0.0
0.675    0.0    0.0
0.676    0.0    0.0
0.677    0.0    0.0
0.678    0.0    0.0
0.679    0.0    0.0
0.68    0.0    0.0
0.681    0.0    0.0
0.682    0.0    0.0
0.683    0.0    0.0
0.684    0.0    0.0
0.685    0.0    0.0
0.686    0.0    0.0
0.687    0.0    0.0
0.688    0.0    0.0
0.689    0.0    0.0
0.69    0.0    0.0
0.691    0.0    0.0
0.692    0.0    0.0
0.693    0.0    0.0
0.694    0.0    0.0
0.695    0.0    0.0
0.696    0.0    0.0
0.697    0.0    0.0
0.698    0.0    0.0
0.699    0.0    0.0
0.7    0.0    0.0
0.701    0.0    0.0
0.702    0.0    0.0
0.703    0.0    0.0
0.704    0.0    0.0
0.705    0.0    0.0
0.706    0.0    0.0
0.707    0.0    0.0
0.708    0.0    0.0
0.709    0.0    0.0
0.71    0.0    0.0
0.711    0.0    0.0
0.712    0.0    0.0
0.713    0.0    0.0
0.714    0.0    0.0
0.715    0.0    0.0
0.716    0.0    0.0
0.717    0.0    0.0
0.718    0.0    0.0
0.719    0.0    0.0
0.72    0.0    0.0
0.721    0.0    0.0
0.722    0.0    0.0
0.723    0.0    0.0
0.724    0.0    0.0
0.725    0.0    0.0
0.726    0.0    0.0
0.727    0.0    0.0
0.728    0.0    0.0
0.729    0.0    0.0
0.73    0.0    0.0
0.731    0.0    0.0
0.732    0.0    0.0
0.733    0.0    0.0
0.734    0.0    0.0
0.735    0.0    0.0
0.736    0.0    0.0
0.737    0.0    0.0
0.738    0.0    0.0
0.739    0.0    0.0
0.74    0.0    0.0
0.741    0.0    0.0
0.742    0.0    0.0
0.743    0.0    0.0
0.744    0.0    0.0
0.745    0.0    0.0
0.746    0.0    0.0
0.747    0.0    0.0
0.748    0.0    0.0
0.749    0.0    0.0
0.75    0.0    0.0
0.751    0.0    0.0
0.752    0.0    0.0
0.753    0.0    0.0
0.754    0.0    0.0
0.755    0.0    0.0
0.756    0.0    0.0
0.757    0.0    0.0
0.758    0.0    0.0
0.759    0.0    0.0
0.76    0.0    0.0
0.761    0.0    0.0
0.762    0.0    0.0
0.763    0.0    0.0
0.764    0.0    0.0
0.765    0.0    0.0
0.766    0.0    0.0
0.767    0.0    0.0
0.768    0.0    0.0
0.769    0.0    0.0
0.77    0.0    0.0
0.771    0.0    0.0
0.772    0.0    0.0
0.773    0.0    0.0
0.774    0.0    0.0
0.775    0.0    0.0
0.776    0.0    0.0
0.777    0.0    0.0
0.778    0.0    0.0
0.779    0.0    0.0
0.78    0.0    0.0
0.781    0.0    0.0
0.782    0.0    0.0
0.783    0.0    0.0
0.784    0.0    0.0
0.785    0.0    0.0
0.786    0.0    0.0
0.787    0.0    0.0
0.788    0.0    0.0
0.789    0.0    0.0
0.79    0.0    0.0
0.791    0.0    0.0
0.792    0.0    0.0
0.793    0.0    0.0
0.794    0.0    0.0
0.795    0.0    0.0
0.796    0.0    0.0
0.797    0.0    0.0
0.798    0.0    0.0
0.799    0.0    0.0
0.8    0.0    0.0
0.801    0.0    0.0
0.802    0.0    0.0
0.803    0.0    0.0
0.804    0.0    0.0
0.805    0.0    0.0
0.806    0.0    0.0
0.807    0.0    0.0
0.808    0.0    0.0
0.809    0.0    0.0
0.81    0.0    0.0
0.811    0.0    0.0
0.812    0.0    0.0
0.813    0.0    0.0
0.814    0.0    0.0
0.815    0.0    0.0
0.816    0.0    0.0
0.817    0.0    0.0
0.818    0.0    0.0
0.819    0.0    0.0
0.82    0.0    0.0
0.821    0.0    0.0
0.822    0.0    0.0
0.823    0.0    0.0
0.824    0.0    0.0
0.825    0.0    0.0
0.826    0.0    0.0
0.827    0.0    0.0
0.828    0.0    0.0
0.829    0.0    0.0
0.83    0.0    0.0
0.831    0.0    0.0
0.832    0.0    0.0
0.833    0.0    0.0
0.834    0.0    0.0
0.835    0.0    0.0
0.836    0.0    0.0
0.837    0.0    0.0
0.838    0.0    0.0
0.839    0.0    0.0
0.84    0.0    0.0
0.841    0.0    0.0
0.842    0.0    0.0
0.843    0.0    0.0
0.844    0.0    0.0
0.845    0.0    0.0
0.846    0.0    0.0
0.847    0.0    0.0
0.848    0.0    0.0
0.849    0.0    0.0
0.85    0.0    0.0
0.851    0.0    0.0
0.852    0.0    0.0
0.853    0.0    0.0
0.854    0.0    0.0
0.855    0.0    0.0
0.856    0.0    0.0
0.857    0.0    0.0
0.858    0.0    0.0
0.859    0.0    0.0
0.86    0.0    0.0
0.861    0.0    0.0
0.862    0.0    0.0
0.863    0.0    0.0
0.864    0.0    0.0
0.865    0.0    0.0
0.866    0.0    0.0
0.867    0.0    0.0
0.868    0.0    0.0
0.869    0.0    0.0
0.87    0.0    0.0
0.871    0.0    0.0
0.872    0.0    0.0
0.873    0.0    0.0
0.874    0.0    0.0
0.875    0.0    0.0
0.876    0.0    0.0
0.877    0.0    0.0
0.878    0.0    0.0
0.879    0.0    0.0
0.88    0.0    0.0
0.881    0.0    0.0
0.882    0.0    0.0
0.883    0.0    0.0
0.884    0.0    0.0
0.885    0.0    0.0
0.886    0.0    0.0
0.887    0.0    0.0
0.888    0.0    0.0
0.889    0.0    0.0
0.89    0.0    0.0
0.891    0.0    0.0
0.892    0.0    0.0
0.893    0.0    0.0
0.894    0.0    0.0
0.895    0.0    0.0
0.896    0.0    0.0
0.897    0.0    0.0
0.898    0.0    0.0
0.899    0.0    0.0
0.9    0.0    0.0
0.901    0.0    0.0
0.902    0.0    0.0
0.903    0.0    0.0
0.904    0.0    0.0
0.905    0.0    0.0
0.906    0.0    0.0
0.907    0.0    0.0
0.908    0.0    0.0
0.909    0.0    0.0
0.91    0.0    0.0
0.911    0.0    0.0
0.912    0.0    0.0
0.913    0.0    0.0
0.914    0.0    0.0
0.915    0.0    0.0
0.916    0.0    0.0
0.917    0.0    0.0
0.918    0.0    0.0
0.919    0.0    0.0
0.92    0.0    0.0
0.921    0.0    0.0
0.922    0.0    0.0
0.923    0.0    0.0
0.924    0.0    0.0
0.925    0.0    0.0
0.926    0.0    0.0
0.927    0.0    0.0
0.928    0.0    0.0
0.929    0.0    0.0
0.93    0.0    0.0
0.931    0.0    0.0
0.932    0.0    0.0
0.933    0.0    0.0
0.934    0.0    0.0
0.935    0.0    0.0
0.936    0.0    0.0
0.937    0.0    0.0
0.938    0.0    0.0
0.939    0.0    0.0
0.94    0.0    0.0
0.941    0.0    0.0
0.942    0.0    0.0
0.943    0.0    0.0
0.944    0.0    0.0
0.945    0.0    0.0
0.946    0.0    0.0
0.947    0.0    0.0
0.948    0.0    0.0
0.949    0.0    0.0
0.95    0.0    0.0
0.951    0.0    0.0
0.952    0.0    0.0
0.953    0.0    0.0
0.954    0.0    0.0
0.955    0.0    0.0
0.956    0.0    0.0
0.957    0.0    0.0
0.958    0.0    0.0
0.959    0.0    0.0
0.96    0.0    0.0
0.961    0.0    0.0
0.962    0.0    0.0
0.963    0.0    0.0
0.964    0.0    0.0
0.965    0.0    0.0
0.966    0.0    0.0
0.967    0.0    0.0
0.968    0.0    0.0
0.969    0.0    0.0
0.97    0.0    0.0
0.971    0.0    0.0
0.972    0.0    0.0
0.973    0.0    0.0
0.974    0.0    0.0
0.975    0.0    0.0
0.976    0.0    0.0
0.977    0.0    0.0
0.978    0.0    0.0
0.979    0.0    0.0
0.98    0.0    0.0
0.981    0.0    0.0
0.982    0.0    0.0
0.983    0.0    0.0
0.984    0.0    0.0
0.985    0.0    0.0
0.986    0.0    0.0
0.987    0.0    0.0
0.988    0.0    0.0
0.989    0.0    0.0
0.99    0.0    0.0
0.991    0.0    0.0
0.992    0.0    0.0
0.993    0.0    0.0
0.994    0.0    0.0
0.995    0.0    0.0
0.996    0.0    0.0
0.997    0.0    0.0
0.998    0.0    0.0
0.999    0.0    0.0
1.0    0.0    0.0
