1 1 0 0 0 0 1 0 1 0 1.61695 0 0.618448 0 
1 1 0 0.000666728 0.000666728 0 0.999666 0.000666506 0.999666 0.000666506 0.135606 0 0.36788 0 
1 1 0 0.00133358 0.00133358 0 0.999333 0.00133269 0.999333 0.00133269 0.135878 0 0.36788 0 
1 1 0 0.00266764 0.00266764 0 0.998664 0.00266411 0.998664 0.00266411 0.136424 0 0.367881 0 
1 1 0 0.00533719 0.00533719 0 0.997321 0.00532311 0.997321 0.00532311 0.137526 0 0.367884 0 
1 1 0 0.00867667 0.00867667 0 0.995633 0.00863976 0.995633 0.00863976 0.13892 0 0.367892 0 
1 1 0 0.0120189 0.0120189 0 0.993936 0.0119486 0.993936 0.0119486 0.140335 0 0.367903 0 
1 1 0 0.0153636 0.0153636 0 0.992228 0.0152496 0.992228 0.0152496 0.141771 0 0.367917 0 
1 1 0 0.0187107 0.0187107 0 0.99051 0.0185429 0.99051 0.0185429 0.143228 0 0.367934 0 
1 1 0 0.0220601 0.0220601 0 0.988782 0.0218285 0.988782 0.0218285 0.144707 0 0.367952 0 
1 1 0 0.0254116 0.0254116 0 0.987043 0.0251066 0.987043 0.0251066 0.146208 0 0.367972 0 
1 1 0 0.028765 0.028765 0 0.985295 0.0283771 0.985295 0.0283771 0.147732 0 0.367994 0 
1 1 0 0.0321202 0.0321202 0 0.983535 0.0316402 0.983535 0.0316402 0.149278 0 0.368016 0 
1 1 0 0.0354771 0.0354771 0 0.981765 0.0348959 0.981765 0.0348959 0.150849 0 0.368039 0 
1 1 0 0.0388354 0.0388354 0 0.979985 0.0381442 0.979985 0.0381442 0.152444 0 0.368061 0 
1 1 0 0.0421951 0.0421951 0 0.978194 0.0413852 0.978194 0.0413852 0.154063 0 0.368083 0 
1 1 0 0.045556 0.045556 0 0.976392 0.044619 0.976392 0.044619 0.155708 0 0.368104 0 
1 1 0 0.0489179 0.0489179 0 0.974579 0.0478456 0.974579 0.0478456 0.157379 0 0.368124 0 
1 1 0 0.0522808 0.0522808 0 0.972755 0.0510651 0.972755 0.0510651 0.159077 0 0.368141 0 
1 1 0 0.0556443 0.0556443 0 0.97092 0.0542775 0.97092 0.0542775 0.160802 0 0.368156 0 
1 1 0 0.0590085 0.0590085 0 0.969074 0.0574829 0.969074 0.0574829 0.162555 0 0.368167 0 
1 1 0 0.0623731 0.0623731 0 0.967217 0.0606812 0.967217 0.0606812 0.164337 0 0.368175 0 
1 1 0 0.065738 0.065738 0 0.965348 0.0638727 0.965348 0.0638727 0.166149 0 0.368178 0 
1 1 0 0.069103 0.069103 0 0.963467 0.0670572 0.963467 0.0670572 0.167991 0 0.368175 0 
1 1 0 0.072468 0.072468 0 0.961575 0.0702348 0.961575 0.0702348 0.169865 0 0.368167 0 
1 1 0 0.0758328 0.0758328 0 0.959672 0.0734056 0.959672 0.0734056 0.171771 0 0.368152 0 
1 1 0 0.0791974 0.0791974 0 0.957756 0.0765697 0.957756 0.0765697 0.173711 0 0.36813 0 
1 1 0 0.0825614 0.0825614 0 0.955829 0.0797269 0.955829 0.0797269 0.175684 0 0.368099 0 
1 1 0 0.0859248 0.0859248 0 0.953889 0.0828774 0.953889 0.0828774 0.177693 0 0.368058 0 
1 1 0 0.0892875 0.0892875 0 0.951937 0.0860212 0.951937 0.0860212 0.179738 0 0.368007 0 
1 1 0 0.0926492 0.0926492 0 0.949973 0.0891583 0.949973 0.0891583 0.181822 0 0.367945 0 
1 1 0 0.0960098 0.0960098 0 0.947997 0.0922888 0.947997 0.0922888 0.183944 0 0.367871 0 
1 1 0 0.0993692 0.0993692 0 0.946008 0.0954125 0.946008 0.0954125 0.186106 0 0.367783 0 
1 1 0 0.102727 0.102727 0 0.944006 0.0985297 0.944006 0.0985297 0.188311 0 0.367679 0 
1 1 0 0.106084 0.106084 0 0.941991 0.10164 0.941991 0.10164 0.190559 0 0.36756 0 
1 1 0 0.109438 0.109438 0 0.939963 0.104744 0.939963 0.104744 0.192852 0 0.367423 0 
1 1 0 0.112791 0.112791 0 0.937922 0.107841 0.937922 0.107841 0.195191 0 0.367266 0 
1 1 0 0.116142 0.116142 0 0.935868 0.110932 0.935868 0.110932 0.19758 0 0.367089 0 
1 1 0 0.119491 0.119491 0 0.9338 0.114016 0.9338 0.114016 0.20002 0 0.366888 0 
1 1 0 0.122837 0.122837 0 0.931718 0.117093 0.931718 0.117093 0.202513 0 0.366662 0 
1 1 0 0.126181 0.126181 0 0.929623 0.120164 0.929623 0.120164 0.205062 0 0.366409 0 
1 1 0 0.129522 0.129522 0 0.927514 0.123228 0.927514 0.123228 0.207669 0 0.366127 0 
1 1 0 0.13286 0.13286 0 0.925391 0.126285 0.925391 0.126285 0.210338 0 0.365811 0 
1 1 0 0.136196 0.136196 0 0.923253 0.129335 0.923253 0.129335 0.213072 0 0.365461 0 
1 1 0 0.139528 0.139528 0 0.921101 0.132379 0.921101 0.132379 0.215874 0 0.365071 0 
1 1 0 0.142857 0.142857 0 0.918934 0.135416 0.918934 0.135416 0.218749 0 0.364638 0 
1 1 0 0.146183 0.146183 0 0.916752 0.138446 0.916752 0.138446 0.221701 0 0.364158 0 
1 1 0 0.149505 0.149505 0 0.914555 0.141469 0.914555 0.141469 0.224735 0 0.363627 0 
1 1 0 0.152823 0.152823 0 0.912344 0.144486 0.912344 0.144486 0.227859 0 0.363037 0 
1 1 0 0.156137 0.156137 0 0.910116 0.147495 0.910116 0.147495 0.231077 0 0.362383 0 
1 1 0 0.159447 0.159447 0 0.907873 0.150497 0.907873 0.150497 0.234399 0 0.361658 0 
1 1 0 0.162753 0.162753 0 0.905614 0.153492 0.905614 0.153492 0.237833 0 0.360852 0 
1 1 0 0.166054 0.166054 0 0.90334 0.15648 0.90334 0.15648 0.241391 0 0.359954 0 
1 1 0 0.169351 0.169351 0 0.901048 0.15946 0.901048 0.15946 0.245086 0 0.358951 0 
1 1 0 0.172642 0.172642 0 0.898741 0.162433 0.898741 0.162433 0.248934 0 0.357828 0 
1 1 0 0.175929 0.175929 0 0.896417 0.165399 0.896417 0.165399 0.252956 0 0.356564 0 
1 1 0 0.179211 0.179211 0 0.894076 0.168357 0.894076 0.168357 0.257178 0 0.355134 0 
1 1 0 0.182488 0.182488 0 0.891718 0.171308 0.891718 0.171308 0.261635 0 0.353503 0 
1 1 0 0.185758 0.185758 0 0.889342 0.17425 0.889342 0.17425 0.266375 0 0.351624 0 
1 1 0 0.189024 0.189024 0 0.886949 0.177185 0.886949 0.177185 0.271465 0 0.349429 0 
1 1 0 0.192283 0.192283 0 0.884539 0.180111 0.884539 0.180111 0.277012 0 0.346813 0 
1 1 0 0.195537 0.195537 0 0.88211 0.18303 0.88211 0.18303 0.283193 0 0.343599 0 
1 1 0 0.198784 0.198784 0 0.879663 0.18594 0.879663 0.18594 0.290361 0 0.339433 0 
1 1 0 0.202025 0.202025 0 0.877197 0.188841 0.877197 0.188841 0.299464 0 0.333369 0 
1 1 0 0.205259 0.205259 354.739 0.874713 0.191734 0.874713 0.191734 0.317955 0.00563225 0.317955 -0.00563225 
1 1 0 0.208486 0.208486 106.621 0.87221 0.194618 0.87221 0.194618 0.319512 0.0188507 0.319512 -0.0188507 
1 1 0 0.211707 0.211707 77.3349 0.869688 0.197493 0.869688 0.197493 0.321088 0.0261448 0.321088 -0.0261448 
1 1 0 0.21492 0.21492 63.8024 0.867146 0.200359 0.867146 0.200359 0.322683 0.0318806 0.322683 -0.0318806 
1 1 0 0.218127 0.218127 55.6149 0.864584 0.203216 0.864584 0.203216 0.324298 0.0367948 0.324298 -0.0367948 
1 1 0 0.221325 0.221325 49.9901 0.862003 0.206063 0.862003 0.206063 0.325933 0.0411832 0.325933 -0.0411832 
1 1 0 0.224516 0.224516 45.8255 0.859401 0.2089 0.859401 0.2089 0.327588 0.0451996 0.327588 -0.0451996 
1 1 0 0.227699 0.227699 42.5855 0.856779 0.211727 0.856779 0.211727 0.329264 0.0489361 0.329264 -0.0489361 
1 1 0 0.230874 0.230874 39.9745 0.854136 0.214544 0.854136 0.214544 0.33096 0.0524529 0.33096 -0.0524529 
1 1 0 0.23404 0.23404 37.8142 0.851472 0.217351 0.851472 0.217351 0.332677 0.0557919 0.332677 -0.0557919 
1 1 0 0.237198 0.237198 35.9899 0.848786 0.220146 0.848786 0.220146 0.334416 0.0589835 0.334416 -0.0589835 
1 1 0 0.240348 0.240348 34.4239 0.846079 0.222931 0.846079 0.222931 0.336176 0.0620507 0.336176 -0.0620507 
1 1 0 0.243488 0.243488 33.0618 0.84335 0.225705 0.84335 0.225705 0.337958 0.0650113 0.337958 -0.0650113 
1 1 0 0.246619 0.246619 31.8638 0.8406 0.228467 0.8406 0.228467 0.339763 0.0678795 0.339763 -0.0678795 
1 1 0 0.249741 0.249741 30.8003 0.837826 0.231217 0.837826 0.231217 0.34159 0.0706666 0.34159 -0.0706666 
1 1 0 0.252853 0.252853 29.8485 0.83503 0.233955 0.83503 0.233955 0.34344 0.0733819 0.34344 -0.0733819 
1 1 0 0.255956 0.255956 28.9911 0.832212 0.236681 0.832212 0.236681 0.345313 0.0760333 0.345313 -0.0760333 
1 1 0 0.259049 0.259049 28.2139 0.82937 0.239394 0.82937 0.239394 0.34721 0.0786272 0.34721 -0.0786272 
1 1 0 0.262131 0.262131 27.5058 0.826504 0.242093 0.826504 0.242093 0.349131 0.0811692 0.349131 -0.0811692 
1 1 0 0.265203 0.265203 26.8577 0.823615 0.24478 0.823615 0.24478 0.351076 0.083664 0.351076 -0.083664 
1 1 0 0.268264 0.268264 26.262 0.820702 0.247452 0.820702 0.247452 0.353046 0.0861157 0.353046 -0.0861157 
1 1 0 0.271314 0.271314 25.7126 0.817764 0.250111 0.817764 0.250111 0.355041 0.0885278 0.355041 -0.0885278 
1 1 0 0.274353 0.274353 25.2042 0.814802 0.252755 0.814802 0.252755 0.357062 0.0909034 0.357062 -0.0909034 
1 1 0 0.277381 0.277381 24.7324 0.811815 0.255384 0.811815 0.255384 0.359108 0.0932451 0.359108 -0.0932451 
1 1 0 0.280397 0.280397 24.2934 0.808803 0.257998 0.808803 0.257998 0.361181 0.0955553 0.361181 -0.0955553 
1 1 0 0.283402 0.283402 23.8839 0.805766 0.260596 0.805766 0.260596 0.36328 0.0978361 0.36328 -0.0978361 
1 1 0 0.286394 0.286394 23.5013 0.802703 0.263178 0.802703 0.263178 0.365406 0.100089 0.365406 -0.100089 
1 1 0 0.289374 0.289374 23.143 0.799614 0.265743 0.799614 0.265743 0.36756 0.102316 0.36756 -0.102316 
1 1 0 0.292341 0.292341 22.807 0.796499 0.268291 0.796499 0.268291 0.369742 0.104519 0.369742 -0.104519 
1 1 0 0.295296 0.295296 22.4914 0.793358 0.270822 0.793358 0.270822 0.371952 0.106698 0.371952 -0.106698 
1 1 0 0.298237 0.298237 22.1945 0.79019 0.273334 0.79019 0.273334 0.37419 0.108856 0.37419 -0.108856 
1 1 0 0.301165 0.301165 21.9149 0.786995 0.275828 0.786995 0.275828 0.376458 0.110991 0.376458 -0.110991 
1 1 0 0.304079 0.304079 21.6514 0.783773 0.278303 0.783773 0.278303 0.378755 0.113107 0.378755 -0.113107 
1 1 0 0.30698 0.30698 21.4027 0.780523 0.280759 0.780523 0.280759 0.381082 0.115203 0.381082 -0.115203 
1 1 0 0.309866 0.309866 21.1679 0.777247 0.283195 0.777247 0.283195 0.38344 0.11728 0.38344 -0.11728 
1 1 0 0.312738 0.312738 20.946 0.773942 0.28561 0.773942 0.28561 0.385829 0.119338 0.385829 -0.119338 
1 1 0 0.315595 0.315595 20.7363 0.770609 0.288004 0.770609 0.288004 0.388248 0.121379 0.388248 -0.121379 
1 1 0 0.318437 0.318437 20.5379 0.767248 0.290376 0.767248 0.290376 0.3907 0.123402 0.3907 -0.123402 
1 1 0 0.321264 0.321264 20.3502 0.763859 0.292726 0.763859 0.292726 0.393184 0.125407 0.393184 -0.125407 
1 1 0 0.324075 0.324075 20.1725 0.760441 0.295053 0.760441 0.295053 0.3957 0.127396 0.3957 -0.127396 
1 1 0 0.326871 0.326871 20.0045 0.756994 0.297357 0.756994 0.297357 0.39825 0.129368 0.39825 -0.129368 
1 1 0 0.32965 0.32965 19.8454 0.753518 0.299636 0.753518 0.299636 0.400833 0.131324 0.400833 -0.131324 
1 1 0 0.332413 0.332413 19.6949 0.750013 0.301891 0.750013 0.301891 0.403449 0.133263 0.403449 -0.133263 
1 1 0 0.335159 0.335159 19.5526 0.746479 0.304121 0.746479 0.304121 0.406101 0.135185 0.406101 -0.135185 
1 1 0 0.337888 0.337888 19.418 0.742916 0.306324 0.742916 0.306324 0.408787 0.137092 0.408787 -0.137092 
1 1 0 0.3406 0.3406 19.2909 0.739323 0.308501 0.739323 0.308501 0.411509 0.138981 0.411509 -0.138981 
1 1 0 0.343295 0.343295 19.1708 0.735701 0.310651 0.735701 0.310651 0.414266 0.140854 0.414266 -0.140854 
1 1 0 0.345971 0.345971 19.0576 0.732048 0.312773 0.732048 0.312773 0.417059 0.142711 0.417059 -0.142711 
1 1 0 0.348629 0.348629 18.9509 0.728367 0.314866 0.728367 0.314866 0.419889 0.14455 0.419889 -0.14455 
1 1 0 0.351268 0.351268 18.8505 0.724655 0.316929 0.724655 0.316929 0.422756 0.146372 0.422756 -0.146372 
1 1 0 0.353889 0.353889 18.7562 0.720913 0.318963 0.720913 0.318963 0.42566 0.148178 0.42566 -0.148178 
1 1 0 0.35649 0.35649 18.6678 0.717142 0.320965 0.717142 0.320965 0.428602 0.149965 0.428602 -0.149965 
1 1 0 0.359072 0.359072 18.585 0.71334 0.322937 0.71334 0.322937 0.431583 0.151735 0.431583 -0.151735 
1 1 0 0.361634 0.361634 18.5076 0.709509 0.324876 0.709509 0.324876 0.434602 0.153486 0.434602 -0.153486 
1 1 0 0.364176 0.364176 18.4357 0.705648 0.326782 0.705648 0.326782 0.437659 0.155219 0.437659 -0.155219 
1 1 0 0.366698 0.366698 18.3689 0.701757 0.328654 0.701757 0.328654 0.440757 0.156932 0.440757 -0.156932 
1 1 0 0.369199 0.369199 18.3071 0.697837 0.330492 0.697837 0.330492 0.443894 0.158626 0.443894 -0.158626 
1 1 0 0.371678 0.371678 18.2503 0.693887 0.332294 0.693887 0.332294 0.447071 0.160301 0.447071 -0.160301 
1 1 0 0.374137 0.374137 18.1983 0.689907 0.334061 0.689907 0.334061 0.450288 0.161955 0.450288 -0.161955 
1 1 0 0.376573 0.376573 18.151 0.685898 0.335791 0.685898 0.335791 0.453546 0.163588 0.453546 -0.163588 
1 1 0 0.378988 0.378988 18.1083 0.68186 0.337483 0.68186 0.337483 0.456845 0.165199 0.456845 -0.165199 
1 1 0 0.38138 0.38138 18.0701 0.677792 0.339138 0.677792 0.339138 0.460185 0.166789 0.460185 -0.166789 
1 1 0 0.38375 0.38375 18.0363 0.673696 0.340753 0.673696 0.340753 0.463567 0.168356 0.463567 -0.168356 
1 1 0 0.386097 0.386097 18.0069 0.669571 0.342328 0.669571 0.342328 0.46699 0.169899 0.46699 -0.169899 
1 1 0 0.38842 0.38842 17.9819 0.665418 0.343863 0.665418 0.343863 0.470456 0.171419 0.470456 -0.171419 
1 1 0 0.39072 0.39072 17.9611 0.661237 0.345357 0.661237 0.345357 0.473963 0.172915 0.473963 -0.172915 
1 1 0 0.392997 0.392997 17.9444 0.657028 0.346809 0.657028 0.346809 0.477513 0.174385 0.477513 -0.174385 
1 1 0 0.395249 0.395249 17.932 0.652792 0.348218 0.652792 0.348218 0.481106 0.17583 0.481106 -0.17583 
1 1 0 0.397476 0.397476 17.9236 0.648529 0.349584 0.648529 0.349584 0.484741 0.177248 0.484741 -0.177248 
1 1 0 0.399679 0.399679 17.9194 0.644239 0.350905 0.644239 0.350905 0.488419 0.178639 0.488419 -0.178639 
1 1 0 0.401857 0.401857 17.9191 0.639922 0.352182 0.639922 0.352182 0.49214 0.180003 0.49214 -0.180003 
1 1 0 0.40401 0.40401 17.923 0.63558 0.353413 0.63558 0.353413 0.495903 0.181337 0.495903 -0.181337 
1 1 0 0.406137 0.406137 17.9308 0.631213 0.354598 0.631213 0.354598 0.49971 0.182642 0.49971 -0.182642 
1 1 0 0.408238 0.408238 17.9426 0.626821 0.355736 0.626821 0.355736 0.503559 0.183917 0.503559 -0.183917 
1 1 0 0.410314 0.410314 17.9585 0.622404 0.356826 0.622404 0.356826 0.507452 0.185161 0.507452 -0.185161 
1 1 0 0.412363 0.412363 17.9783 0.617963 0.357868 0.617963 0.357868 0.511387 0.186374 0.511387 -0.186374 
1 1 0 0.414386 0.414386 18.0021 0.613499 0.358861 0.613499 0.358861 0.515365 0.187554 0.515365 -0.187554 
1 1 0 0.416382 0.416382 18.0299 0.609013 0.359805 0.609013 0.359805 0.519386 0.1887 0.519386 -0.1887 
1 1 0 0.418351 0.418351 18.0617 0.604504 0.360699 0.604504 0.360699 0.523449 0.189813 0.523449 -0.189813 
1 1 0 0.420293 0.420293 18.0976 0.599974 0.361542 0.599974 0.361542 0.527555 0.190891 0.527555 -0.190891 
1 1 0 0.422208 0.422208 18.1374 0.595423 0.362334 0.595423 0.362334 0.531702 0.191933 0.531702 -0.191933 
1 1 0 0.424095 0.424095 18.1813 0.590852 0.363075 0.590852 0.363075 0.535892 0.192938 0.535892 -0.192938 
1 1 0 0.425955 0.425955 18.2293 0.586262 0.363763 0.586262 0.363763 0.540123 0.193907 0.540123 -0.193907 
1 1 0 0.427786 0.427786 18.2815 0.581653 0.364398 0.581653 0.364398 0.544395 0.194837 0.544395 -0.194837 
1 1 0 0.42959 0.42959 18.3377 0.577026 0.364981 0.577026 0.364981 0.548709 0.195728 0.548709 -0.195728 
1 1 0 0.431366 0.431366 18.3982 0.572381 0.36551 0.572381 0.36551 0.553063 0.19658 0.553063 -0.19658 
1 1 0 0.433114 0.433114 18.4629 0.56772 0.365985 0.56772 0.365985 0.557458 0.197391 0.557458 -0.197391 
1 1 0 0.434833 0.434833 18.5318 0.563044 0.366406 0.563044 0.366406 0.561892 0.19816 0.561892 -0.19816 
1 1 0 0.436524 0.436524 18.6051 0.558352 0.366772 0.558352 0.366772 0.566366 0.198888 0.566366 -0.198888 
1 1 0 0.438187 0.438187 18.6828 0.553647 0.367084 0.553647 0.367084 0.570878 0.199572 0.570878 -0.199572 
1 1 0 0.439821 0.439821 18.765 0.548928 0.36734 0.548928 0.36734 0.575429 0.200213 0.575429 -0.200213 
1 1 0 0.441426 0.441426 18.8516 0.544196 0.36754 0.544196 0.36754 0.580018 0.200809 0.580018 -0.200809 
1 1 0 0.443003 0.443003 18.9429 0.539453 0.367686 0.539453 0.367686 0.584645 0.20136 0.584645 -0.20136 
1 1 0 0.444551 0.444551 19.0388 0.534699 0.367775 0.534699 0.367775 0.589308 0.201865 0.589308 -0.201865 
1 1 0 0.446071 0.446071 19.1395 0.529936 0.367808 0.529936 0.367808 0.594007 0.202324 0.594007 -0.202324 
1 1 0 0.447562 0.447562 19.2451 0.525163 0.367785 0.525163 0.367785 0.598742 0.202734 0.598742 -0.202734 
1 1 0 0.449024 0.449024 19.3555 0.520382 0.367706 0.520382 0.367706 0.603512 0.203096 0.603512 -0.203096 
1 1 0 0.450458 0.450458 19.4711 0.515593 0.367571 0.515593 0.367571 0.608316 0.203409 0.608316 -0.203409 
1 1 0 0.451864 0.451864 19.5918 0.510798 0.367379 0.510798 0.367379 0.613153 0.203673 0.613153 -0.203673 
1 1 0 0.45324 0.45324 19.7177 0.505997 0.367131 0.505997 0.367131 0.618024 0.203885 0.618024 -0.203885 
1 1 0 0.454589 0.454589 19.8491 0.501192 0.366826 0.501192 0.366826 0.622926 0.204047 0.622926 -0.204047 
1 1 0 0.455909 0.455909 19.986 0.496382 0.366466 0.496382 0.366466 0.62786 0.204156 0.62786 -0.204156 
1 1 0 0.457201 0.457201 20.1287 0.49157 0.366049 0.49157 0.366049 0.632824 0.204213 0.632824 -0.204213 
1 1 0 0.458465 0.458465 20.2771 0.486755 0.365576 0.486755 0.365576 0.637818 0.204217 0.637818 -0.204217 
1 1 0 0.459701 0.459701 20.4316 0.481939 0.365047 0.481939 0.365047 0.642842 0.204166 0.642842 -0.204166 
1 1 0 0.460909 0.460909 20.5922 0.477122 0.364462 0.477122 0.364462 0.647893 0.20406 0.647893 -0.20406 
1 1 0 0.46209 0.46209 20.7592 0.472305 0.363822 0.472305 0.363822 0.652972 0.2039 0.652972 -0.2039 
1 1 0 0.463243 0.463243 20.9328 0.46749 0.363126 0.46749 0.363126 0.658077 0.203683 0.658077 -0.203683 
1 1 0 0.464369 0.464369 21.1131 0.462676 0.362375 0.462676 0.362375 0.663208 0.203409 0.663208 -0.203409 
1 1 0 0.465467 0.465467 21.3005 0.457865 0.361569 0.457865 0.361569 0.668364 0.203077 0.668364 -0.203077 
1 1 0 0.466539 0.466539 21.4952 0.453057 0.360709 0.453057 0.360709 0.673544 0.202688 0.673544 -0.202688 
1 1 0 0.467584 0.467584 21.6973 0.448253 0.359794 0.448253 0.359794 0.678748 0.202239 0.678748 -0.202239 
1 1 0 0.468602 0.468602 21.9073 0.443454 0.358825 0.443454 0.358825 0.683973 0.201731 0.683973 -0.201731 
1 1 0 0.469594 0.469594 22.1253 0.438661 0.357803 0.438661 0.357803 0.689221 0.201163 0.689221 -0.201163 
1 1 0 0.47056 0.47056 22.3518 0.433874 0.356727 0.433874 0.356727 0.694488 0.200534 0.694488 -0.200534 
1 1 0 0.4715 0.4715 22.5871 0.429095 0.355599 0.429095 0.355599 0.699776 0.199842 0.699776 -0.199842 
1 1 0 0.472414 0.472414 22.8315 0.424323 0.354418 0.424323 0.354418 0.705083 0.199089 0.705083 -0.199089 
1 1 0 0.473304 0.473304 23.0855 0.419559 0.353185 0.419559 0.353185 0.710407 0.198272 0.710407 -0.198272 
1 1 0 0.474168 0.474168 23.3494 0.414804 0.3519 0.414804 0.3519 0.715749 0.197391 0.715749 -0.197391 
1 1 0 0.475007 0.475007 23.6238 0.410059 0.350564 0.410059 0.350564 0.721108 0.196446 0.721108 -0.196446 
1 1 0 0.475821 0.475821 23.9092 0.405325 0.349178 0.405325 0.349178 0.726481 0.195434 0.726481 -0.195434 
1 1 0 0.476612 0.476612 24.2061 0.400601 0.347741 0.400601 0.347741 0.73187 0.194356 0.73187 -0.194356 
1 1 0 0.477378 0.477378 24.5151 0.395888 0.346254 0.395888 0.346254 0.737272 0.193211 0.737272 -0.193211 
1 1 0 0.47812 0.47812 24.8369 0.391188 0.344719 0.391188 0.344719 0.742688 0.191997 0.742688 -0.191997 
1 1 0 0.478839 0.478839 25.1721 0.3865 0.343134 0.3865 0.343134 0.748116 0.190714 0.748116 -0.190714 
1 1 0 0.479535 0.479535 25.5215 0.381826 0.341501 0.381826 0.341501 0.753555 0.18936 0.753555 -0.18936 
1 1 0 0.480208 0.480208 25.886 0.377165 0.33982 0.377165 0.33982 0.759005 0.187935 0.759005 -0.187935 
1 1 0 0.480859 0.480859 26.2665 0.372518 0.338093 0.372518 0.338093 0.764464 0.186437 0.764464 -0.186437 
1 1 0 0.481487 0.481487 26.6639 0.367885 0.336318 0.367885 0.336318 0.769933 0.184864 0.769933 -0.184864 
1 1 0 0.482093 0.482093 27.0794 0.363268 0.334498 0.363268 0.334498 0.77541 0.183217 0.77541 -0.183217 
1 1 0 0.482677 0.482677 27.5142 0.358666 0.332631 0.358666 0.332631 0.780894 0.181492 0.780894 -0.181492 
1 1 0 0.48324 0.48324 27.9697 0.35408 0.33072 0.35408 0.33072 0.786386 0.179689 0.786386 -0.179689 
1 1 0 0.483782 0.483782 28.4472 0.34951 0.328764 0.34951 0.328764 0.791883 0.177805 0.791883 -0.177805 
1 1 0 0.484303 0.484303 28.9486 0.344956 0.326765 0.344956 0.326765 0.797385 0.17584 0.797385 -0.17584 
1 1 0 0.484804 0.484804 29.4755 0.34042 0.324722 0.34042 0.324722 0.802892 0.17379 0.802892 -0.17379 
1 1 0 0.485284 0.485284 30.0301 0.335901 0.322636 0.335901 0.322636 0.808403 0.171654 0.808403 -0.171654 
1 1 0 0.485745 0.485745 30.6147 0.3314 0.320508 0.3314 0.320508 0.813918 0.169429 0.813918 -0.169429 
1 1 0 0.486186 0.486186 31.2319 0.326916 0.318338 0.326916 0.318338 0.819434 0.167113 0.819434 -0.167113 
1 1 0 0.486607 0.486607 31.8846 0.322451 0.316128 0.322451 0.316128 0.824953 0.164703 0.824953 -0.164703 
1 1 0 0.48701 0.48701 32.5762 0.318005 0.313876 0.318005 0.313876 0.830472 0.162195 0.830472 -0.162195 
1 1 0 0.487394 0.487394 33.3105 0.313577 0.311585 0.313577 0.311585 0.835993 0.159586 0.835993 -0.159586 
1 1 0 0.487759 0.487759 34.0918 0.309168 0.309254 0.309168 0.309254 0.841513 0.156872 0.841513 -0.156872 
1 1 0 0.488107 0.488107 34.9253 0.304779 0.306884 0.304779 0.306884 0.847032 0.154049 0.847032 -0.154049 
1 1 0 0.488436 0.488436 35.8169 0.300409 0.304476 0.300409 0.304476 0.85255 0.151112 0.85255 -0.151112 
1 1 0 0.488748 0.488748 36.7734 0.296059 0.302031 0.296059 0.302031 0.858066 0.148055 0.858066 -0.148055 
1 1 0 0.489043 0.489043 37.8029 0.291729 0.299548 0.291729 0.299548 0.86358 0.144871 0.86358 -0.144871 
1 1 0 0.489321 0.489321 38.915 0.287419 0.297028 0.287419 0.297028 0.86909 0.141555 0.86909 -0.141555 
1 1 0 0.489582 0.489582 40.1214 0.283129 0.294472 0.283129 0.294472 0.874597 0.138097 0.874597 -0.138097 
1 1 0 0.489827 0.489827 41.4359 0.27886 0.291881 0.27886 0.291881 0.8801 0.134488 0.8801 -0.134488 
1 1 0 0.490055 0.490055 42.8756 0.274611 0.289254 0.274611 0.289254 0.885598 0.130717 0.885598 -0.130717 
1 1 0 0.490268 0.490268 44.4618 0.270384 0.286593 0.270384 0.286593 0.891091 0.126771 0.891091 -0.126771 
1 1 0 0.490465 0.490465 46.2211 0.266177 0.283898 0.266177 0.283898 0.896579 0.122635 0.896579 -0.122635 
1 1 0 0.490647 0.490647 48.1874 0.26199 0.281169 0.26199 0.281169 0.90206 0.118291 0.90206 -0.118291 
1 1 0 0.490814 0.490814 50.4051 0.257825 0.278408 0.257825 0.278408 0.907534 0.113717 0.907534 -0.113717 
1 1 0 0.490966 0.490966 52.933 0.253682 0.275614 0.253682 0.275614 0.913002 0.108886 0.913002 -0.108886 
1 1 0 0.491103 0.491103 55.8514 0.249559 0.272788 0.249559 0.272788 0.918461 0.103763 0.918461 -0.103763 
1 1 0 0.491227 0.491227 59.2734 0.245458 0.26993 0.245458 0.26993 0.923913 0.0983064 0.923913 -0.0983064 
1 1 0 0.491336 0.491336 63.3642 0.241378 0.267041 0.241378 0.267041 0.929356 0.0924581 0.929356 -0.0924581 
1 1 0 0.491431 0.491431 68.3768 0.237319 0.264122 0.237319 0.264122 0.934791 0.0861411 0.934791 -0.0861411 
1 1 0 0.491513 0.491513 74.7229 0.233282 0.261173 0.233282 0.261173 0.940216 0.0792462 0.940216 -0.0792462 
1 1 0 0.491582 0.491582 83.1299 0.229267 0.258194 0.229267 0.258194 0.945631 0.0716098 0.945631 -0.0716098 
1 1 0 0.491637 0.491637 95.0398 0.225273 0.255187 0.225273 0.255187 0.951037 0.0629659 0.951037 -0.0629659 
1 1 0 0.49168 0.49168 113.874 0.2213 0.25215 0.2213 0.25215 0.956432 0.0528262 0.956432 -0.0528262 
1 1 0 0.49171 0.49171 150.88 0.21735 0.249086 0.21735 0.249086 0.961816 0.0400766 0.961816 -0.0400766 
1 1 0 0.491728 0.491728 299.552 0.21342 0.245993 0.21342 0.245993 0.967189 0.0202901 0.967189 -0.0202901 
2 1 0 0.491734 0.491734 299.552 0.209613 0.242954 0.209613 0.242954 1.00001 0 0.94482 0 
2 1 0 0.491728 0.491728 299.552 0.205726 0.239808 0.205726 0.239808 1.0222 0 0.933331 0 
2 1 0 0.49171 0.49171 299.552 0.201861 0.236636 0.201861 0.236636 1.03963 0 0.92657 0 
2 1 0 0.491681 0.491681 299.552 0.198018 0.233437 0.198018 0.233437 1.05495 0 0.921902 0 
2 1 0 0.491641 0.491641 299.552 0.194196 0.230214 0.194196 0.230214 1.06899 0 0.918485 0 
2 1 0 0.491589 0.491589 299.552 0.190396 0.226965 0.190396 0.226965 1.08215 0 0.915923 0 
2 1 0 0.491527 0.491527 299.552 0.186617 0.223691 0.186617 0.223691 1.09466 0 0.913991 0 
2 1 0 0.491454 0.491454 299.552 0.182859 0.220393 0.182859 0.220393 1.10665 0 0.912547 0 
2 1 0 0.491371 0.491371 299.552 0.179123 0.21707 0.179123 0.21707 1.11822 0 0.911495 0 
2 1 0 0.491277 0.491277 299.552 0.175409 0.213725 0.175409 0.213725 1.12944 0 0.910766 0 
2 1 0 0.491174 0.491174 299.552 0.171716 0.210356 0.171716 0.210356 1.14035 0 0.910309 0 
2 1 0 0.49106 0.49106 299.552 0.168043 0.206964 0.168043 0.206964 1.15101 0 0.910086 0 
2 1 0 0.490937 0.490937 299.552 0.164393 0.20355 0.164393 0.20355 1.16143 0 0.910065 0 
2 1 0 0.490804 0.490804 299.552 0.160763 0.200113 0.160763 0.200113 1.17165 0 0.910221 0 
2 1 0 0.490662 0.490662 299.552 0.157154 0.196655 0.157154 0.196655 1.18167 0 0.910535 0 
2 1 0 0.490511 0.490511 299.552 0.153567 0.193176 0.153567 0.193176 1.19153 0 0.91099 0 
2 1 0 0.490351 0.490351 299.552 0.15 0.189675 0.15 0.189675 1.20123 0 0.911571 0 
2 1 0 0.490182 0.490182 299.552 0.146454 0.186154 0.146454 0.186154 1.21078 0 0.912267 0 
2 1 0 0.490004 0.490004 299.552 0.142929 0.182612 0.142929 0.182612 1.22019 0 0.913067 0 
2 1 0 0.489818 0.489818 299.552 0.139425 0.179051 0.139425 0.179051 1.22948 0 0.913963 0 
2 1 0 0.489624 0.489624 299.552 0.135941 0.175469 0.135941 0.175469 1.23864 0 0.914947 0 
2 1 0 0.489421 0.489421 299.552 0.132477 0.171868 0.132477 0.171868 1.24769 0 0.916011 0 
2 1 0 0.489211 0.489211 299.552 0.129035 0.168249 0.129035 0.168249 1.25664 0 0.917151 0 
2 1 0 0.488993 0.488993 299.552 0.125612 0.16461 0.125612 0.16461 1.26548 0 0.91836 0 
2 1 0 0.488767 0.488767 299.552 0.12221 0.160953 0.12221 0.160953 1.27422 0 0.919635 0 
2 1 0 0.488533 0.488533 299.552 0.118828 0.157277 0.118828 0.157277 1.28286 0 0.92097 0 
2 1 0 0.488292 0.488292 299.552 0.115466 0.153584 0.115466 0.153584 1.29141 0 0.922362 0 
2 1 0 0.488044 0.488044 299.552 0.112124 0.149873 0.112124 0.149873 1.29988 0 0.923808 0 
2 1 0 0.487789 0.487789 299.552 0.108802 0.146145 0.108802 0.146145 1.30826 0 0.925304 0 
2 1 0 0.487527 0.487527 299.552 0.105499 0.1424 0.105499 0.1424 1.31655 0 0.926847 0 
2 1 0 0.487258 0.487258 299.552 0.102217 0.138638 0.102217 0.138638 1.32477 0 0.928435 0 
2 1 0 0.486982 0.486982 299.552 0.0989535 0.13486 0.0989535 0.13486 1.33291 0 0.930066 0 
2 1 0 0.4867 0.4867 299.552 0.0957098 0.131065 0.0957098 0.131065 1.34097 0 0.931736 0 
2 1 0 0.486411 0.486411 299.552 0.0924854 0.127255 0.0924854 0.127255 1.34895 0 0.933445 0 
2 1 0 0.486116 0.486116 299.552 0.0892804 0.123428 0.0892804 0.123428 1.35687 0 0.93519 0 
2 1 0 0.485815 0.485815 299.552 0.0860944 0.119586 0.0860944 0.119586 1.36471 0 0.93697 0 
2 1 0 0.485508 0.485508 299.552 0.0829275 0.115729 0.0829275 0.115729 1.37248 0 0.938782 0 
2 1 0 0.485195 0.485195 299.552 0.0797796 0.111857 0.0797796 0.111857 1.38019 0 0.940626 0 
2 1 0 0.484876 0.484876 299.552 0.0766504 0.10797 0.0766504 0.10797 1.38783 0 0.9425 0 
2 1 0 0.484551 0.484551 299.552 0.07354 0.104069 0.07354 0.104069 1.3954 0 0.944402 0 
2 1 0 0.484221 0.484221 299.552 0.0704482 0.100153 0.0704482 0.100153 1.4029 0 0.946332 0 
2 1 0 0.483885 0.483885 299.552 0.0673748 0.0962237 0.0673748 0.0962237 1.41035 0 0.948288 0 
2 1 0 0.483544 0.483544 299.552 0.0643199 0.0922802 0.0643199 0.0922802 1.41773 0 0.95027 0 
2 1 0 0.483197 0.483197 299.552 0.0612832 0.088323 0.0612832 0.088323 1.42505 0 0.952275 0 
2 1 0 0.482846 0.482846 299.552 0.0582647 0.0843525 0.0582647 0.0843525 1.4323 0 0.954304 0 
2 1 0 0.482489 0.482489 299.552 0.0552642 0.0803687 0.0552642 0.0803687 1.4395 0 0.956355 0 
2 1 0 0.482127 0.482127 299.552 0.0522816 0.0763719 0.0522816 0.0763719 1.44664 0 0.958427 0 
2 1 0 0.481761 0.481761 299.552 0.0493169 0.0723623 0.0493169 0.0723623 1.45372 0 0.96052 0 
2 1 0 0.48139 0.48139 299.552 0.0463699 0.0683402 0.0463699 0.0683402 1.46074 0 0.962633 0 
2 1 0 0.481014 0.481014 299.552 0.0434405 0.0643056 0.0434405 0.0643056 1.4677 0 0.964765 0 
2 1 0 0.480634 0.480634 299.552 0.0405285 0.0602588 0.0405285 0.0602588 1.47461 0 0.966915 0 
2 1 0 0.480249 0.480249 299.552 0.037634 0.0562 0.037634 0.0562 1.48146 0 0.969083 0 
2 1 0 0.479859 0.479859 299.552 0.0347566 0.0521294 0.0347566 0.0521294 1.48825 0 0.971269 0 
2 1 0 0.479466 0.479466 299.552 0.0318965 0.0480471 0.0318965 0.0480471 1.49499 0 0.973471 0 
2 1 0 0.479068 0.479068 299.552 0.0290534 0.0439533 0.0290534 0.0439533 1.50168 0 0.975689 0 
2 1 0 0.478666 0.478666 299.552 0.0262272 0.0398483 0.0262272 0.0398483 1.50831 0 0.977922 0 
2 1 0 0.478261 0.478261 299.552 0.0234178 0.0357321 0.0234178 0.0357321 1.51489 0 0.98017 0 
2 1 0 0.477851 0.477851 299.552 0.0206251 0.0316049 0.0206251 0.0316049 1.52141 0 0.982433 0 
2 1 0 0.477437 0.477437 299.552 0.017849 0.027467 0.017849 0.027467 1.52788 0 0.98471 0 
2 1 0 0.47702 0.47702 299.552 0.0150894 0.0233184 0.0150894 0.0233184 1.5343 0 0.987001 0 
2 1 0 0.476599 0.476599 299.552 0.0123462 0.0191593 0.0123462 0.0191593 1.54067 0 0.989304 0 
2 1 0 0.476174 0.476174 299.552 0.00961922 0.01499 0.00961922 0.01499 1.54699 0 0.99162 0 
2 1 0 0.475746 0.475746 299.552 0.00690839 0.0108104 0.00690839 0.0108104 1.55325 0 0.993949 0 
2 1 0 0.475314 0.475314 299.552 0.00421361 0.00662093 0.00421361 0.00662093 1.55947 0 0.996289 0 
2 1 0 0.474879 0.474879 299.552 0.00153475 0.00242155 0.00153475 0.00242155 1.56563 0 0.998641 0 
2 1 0 0.474632 0.474632 299.552 3.45012e-05 5.45623e-05 3.45012e-05 5.45623e-05 1.56908 0 0.999969 0 
2 1 0 0.474638 0.474638 299.552 7.2768e-08 1.15085e-07 7.2768e-08 1.15085e-07 1.5691 0 1.00006 0 
2 1 0 0.475064 0.475064 299.552 -0.00267041 -0.00420604 -0.00267041 -0.00420604 1.56302 0 0.997641 0 
2 1 0 0.475498 0.475498 299.552 -0.00535602 -0.00840126 -0.00535602 -0.00840126 1.55684 0 0.995294 0 
2 1 0 0.475928 0.475928 299.552 -0.00805761 -0.0125866 -0.00805761 -0.0125866 1.5506 0 0.992958 0 
2 1 0 0.476355 0.476355 299.552 -0.0107753 -0.0167618 -0.0107753 -0.0167618 1.54431 0 0.990635 0 
2 1 0 0.476778 0.476778 299.552 -0.0135091 -0.0209268 -0.0135091 -0.0209268 1.53797 0 0.988324 0 
2 1 0 0.477197 0.477197 299.552 -0.0162593 -0.0250814 -0.0162593 -0.0250814 1.53158 0 0.986026 0 
2 1 0 0.477613 0.477613 299.552 -0.0190259 -0.0292255 -0.0190259 -0.0292255 1.52514 0 0.983742 0 
2 1 0 0.478025 0.478025 299.552 -0.021809 -0.0333589 -0.021809 -0.0333589 1.51865 0 0.981471 0 
2 1 0 0.478433 0.478433 299.552 -0.0246088 -0.0374814 -0.0246088 -0.0374814 1.5121 0 0.979214 0 
2 1 0 0.478838 0.478838 299.552 -0.0274253 -0.0415929 -0.0274253 -0.0415929 1.5055 0 0.976972 0 
2 1 0 0.479238 0.479238 299.552 -0.0302587 -0.0456932 -0.0302587 -0.0456932 1.49884 0 0.974745 0 
2 1 0 0.479634 0.479634 299.552 -0.033109 -0.0497821 -0.033109 -0.0497821 1.49214 0 0.972534 0 
2 1 0 0.480025 0.480025 299.552 -0.0359764 -0.0538595 -0.0359764 -0.0538595 1.48537 0 0.970339 0 
2 1 0 0.480413 0.480413 299.552 -0.038861 -0.0579251 -0.038861 -0.0579251 1.47855 0 0.96816 0 
2 1 0 0.480796 0.480796 299.552 -0.041763 -0.0619788 -0.041763 -0.0619788 1.47168 0 0.966 0 
2 1 0 0.481174 0.481174 299.552 -0.0446823 -0.0660204 -0.0446823 -0.0660204 1.46475 0 0.963857 0 
2 1 0 0.481548 0.481548 299.552 -0.0476192 -0.0700497 -0.0476192 -0.0700497 1.45776 0 0.961733 0 
2 1 0 0.481917 0.481917 299.552 -0.0505737 -0.0740666 -0.0505737 -0.0740666 1.45072 0 0.959629 0 
2 1 0 0.482282 0.482282 299.552 -0.053546 -0.0780707 -0.053546 -0.0780707 1.44361 0 0.957544 0 
2 1 0 0.482641 0.482641 299.552 -0.0565362 -0.082062 -0.0565362 -0.082062 1.43645 0 0.955481 0 
2 1 0 0.482995 0.482995 299.552 -0.0595443 -0.0860402 -0.0595443 -0.0860402 1.42923 0 0.953439 0 
2 1 0 0.483345 0.483345 299.552 -0.0625705 -0.0900051 -0.0625705 -0.0900051 1.42195 0 0.951421 0 
2 1 0 0.483689 0.483689 299.552 -0.065615 -0.0939565 -0.065615 -0.0939565 1.4146 0 0.949425 0 
2 1 0 0.484028 0.484028 299.552 -0.0686777 -0.0978942 -0.0686777 -0.0978942 1.40719 0 0.947454 0 
2 1 0 0.484361 0.484361 299.552 -0.0717589 -0.101818 -0.0717589 -0.101818 1.39972 0 0.945509 0 
2 1 0 0.484689 0.484689 299.552 -0.0748586 -0.105727 -0.0748586 -0.105727 1.39219 0 0.943591 0 
2 1 0 0.485012 0.485012 299.552 -0.077977 -0.109623 -0.077977 -0.109623 1.38459 0 0.941701 0 
2 1 0 0.485328 0.485328 299.552 -0.0811141 -0.113503 -0.0811141 -0.113503 1.37693 0 0.939839 0 
2 1 0 0.485639 0.485639 299.552 -0.0842701 -0.117369 -0.0842701 -0.117369 1.36919 0 0.938009 0 
2 1 0 0.485944 0.485944 299.552 -0.087445 -0.12122 -0.087445 -0.12122 1.36139 0 0.93621 0 
2 1 0 0.486242 0.486242 299.552 -0.0906391 -0.125055 -0.0906391 -0.125055 1.35352 0 0.934445 0 
2 1 0 0.486535 0.486535 299.552 -0.0938523 -0.128875 -0.0938523 -0.128875 1.34557 0 0.932715 0 
2 1 0 0.486821 0.486821 299.552 -0.0970848 -0.132679 -0.0970848 -0.132679 1.33755 0 0.931022 0 
2 1 0 0.4871 0.4871 299.552 -0.100337 -0.136466 -0.100337 -0.136466 1.32946 0 0.929368 0 
2 1 0 0.487373 0.487373 299.552 -0.103608 -0.140238 -0.103608 -0.140238 1.32129 0 0.927755 0 
2 1 0 0.487639 0.487639 299.552 -0.106899 -0.143993 -0.106899 -0.143993 1.31304 0 0.926186 0 
2 1 0 0.487898 0.487898 299.552 -0.11021 -0.147731 -0.11021 -0.147731 1.30471 0 0.924663 0 
2 1 0 0.488151 0.488151 299.552 -0.113541 -0.151451 -0.113541 -0.151451 1.29629 0 0.923188 0 
2 1 0 0.488396 0.488396 299.552 -0.116891 -0.155155 -0.116891 -0.155155 1.28779 0 0.921764 0 
2 1 0 0.488633 0.488633 299.552 -0.120262 -0.15884 -0.120262 -0.15884 1.2792 0 0.920396 0 
2 1 0 0.488864 0.488864 299.552 -0.123652 -0.162508 -0.123652 -0.162508 1.27052 0 0.919086 0 
2 1 0 0.489086 0.489086 299.552 -0.127063 -0.166157 -0.127063 -0.166157 1.26174 0 0.917839 0 
2 1 0 0.489301 0.489301 299.552 -0.130494 -0.169788 -0.130494 -0.169788 1.25285 0 0.916658 0 
2 1 0 0.489508 0.489508 299.552 -0.133946 -0.1734 -0.133946 -0.1734 1.24386 0 0.91555 0 
2 1 0 0.489707 0.489707 299.552 -0.137418 -0.176992 -0.137418 -0.176992 1.23477 0 0.914519 0 
2 1 0 0.489898 0.489898 299.552 -0.14091 -0.180566 -0.14091 -0.180566 1.22555 0 0.913571 0 
2 1 0 0.490081 0.490081 299.552 -0.144423 -0.184119 -0.144423 -0.184119 1.21621 0 0.912715 0 
2 1 0 0.490255 0.490255 299.552 -0.147957 -0.187652 -0.147957 -0.187652 1.20674 0 0.911958 0 
2 1 0 0.49042 0.49042 299.552 -0.151512 -0.191164 -0.151512 -0.191164 1.19713 0 0.91131 0 
2 1 0 0.490576 0.490576 299.552 -0.155088 -0.194656 -0.155088 -0.194656 1.18736 0 0.910781 0 
2 1 0 0.490724 0.490724 299.552 -0.158684 -0.198126 -0.158684 -0.198126 1.17744 0 0.910384 0 
2 1 0 0.490862 0.490862 299.552 -0.162302 -0.201575 -0.162302 -0.201575 1.16733 0 0.910135 0 
2 1 0 0.49099 0.49099 299.552 -0.16594 -0.205002 -0.16594 -0.205002 1.15703 0 0.910051 0 
2 1 0 0.491109 0.491109 299.552 -0.1696 -0.208407 -0.1696 -0.208407 1.14651 0 0.910154 0 
2 1 0 0.491219 0.491219 299.552 -0.173281 -0.211789 -0.173281 -0.211789 1.13575 0 0.910473 0 
2 1 0 0.491318 0.491318 299.552 -0.176984 -0.215148 -0.176984 -0.215148 1.12471 0 0.911039 0 
2 1 0 0.491407 0.491407 299.552 -0.180707 -0.218484 -0.180707 -0.218484 1.11335 0 0.911898 0 
2 1 0 0.491486 0.491486 299.552 -0.184452 -0.221796 -0.184452 -0.221796 1.10161 0 0.913107 0 
2 1 0 0.491555 0.491555 299.552 -0.188219 -0.225084 -0.188219 -0.225084 1.08942 0 0.914745 0 
2 1 0 0.491612 0.491612 299.552 -0.192007 -0.228347 -0.192007 -0.228347 1.07666 0 0.916923 0 
2 1 0 0.491659 0.491659 299.552 -0.195816 -0.231586 -0.195816 -0.231586 1.06316 0 0.919814 0 
2 1 0 0.491695 0.491695 299.552 -0.199647 -0.234799 -0.199647 -0.234799 1.04864 0 0.923698 0 
2 1 0 0.491719 0.491719 299.552 -0.2035 -0.237986 -0.2035 -0.237986 1.03257 0 0.929106 0 
2 1 0 0.491732 0.491732 299.552 -0.207374 -0.241147 -0.207374 -0.241147 1.01368 0 0.937308 0 
2 1 0 0.491734 0.491734 299.552 -0.209605 -0.242947 -0.209605 -0.242947 1.00006 0 0.944787 0 
1 1 0 0.491728 0.491728 289.747 -0.213513 -0.246066 -0.213513 -0.246066 0.967062 0.0209741 0.967062 -0.0209741 
1 1 0 0.49171 0.49171 149.564 -0.217442 -0.249158 -0.217442 -0.249158 0.961689 0.0404244 0.961689 -0.0404244 
1 1 0 0.491679 0.491679 113.298 -0.221394 -0.252222 -0.221394 -0.252222 0.956305 0.0530883 0.956305 -0.0530883 
1 1 0 0.491636 0.491636 94.7001 -0.225367 -0.255258 -0.225367 -0.255258 0.95091 0.0631839 0.95091 -0.0631839 
1 1 0 0.49158 0.49158 82.8997 -0.229361 -0.258265 -0.229361 -0.258265 0.945504 0.0717998 0.945504 -0.0717998 
1 1 0 0.491511 0.491511 74.5537 -0.233377 -0.261243 -0.233377 -0.261243 0.940088 0.0794163 0.940088 -0.0794163 
1 1 0 0.491429 0.491429 68.2455 -0.237414 -0.264191 -0.237414 -0.264191 0.934663 0.0862959 0.934663 -0.0862959 
1 1 0 0.491333 0.491333 63.2586 -0.241473 -0.26711 -0.241473 -0.26711 0.929228 0.0926007 0.929228 -0.0926007 
1 1 0 0.491224 0.491224 59.186 -0.245554 -0.269998 -0.245554 -0.269998 0.923785 0.0984391 0.923785 -0.0984391 
1 1 0 0.4911 0.4911 55.7775 -0.249656 -0.272854 -0.249656 -0.272854 0.918333 0.103888 0.918333 -0.103888 
1 1 0 0.490963 0.490963 52.8694 -0.253779 -0.27568 -0.253779 -0.27568 0.912873 0.109003 0.912873 -0.109003 
1 1 0 0.49081 0.49081 50.3496 -0.257923 -0.278473 -0.257923 -0.278473 0.907405 0.113828 0.907405 -0.113828 
1 1 0 0.490643 0.490643 48.1385 -0.262089 -0.281234 -0.262089 -0.281234 0.901931 0.118396 0.901931 -0.118396 
1 1 0 0.490461 0.490461 46.1775 -0.266275 -0.283962 -0.266275 -0.283962 0.89645 0.122735 0.89645 -0.122735 
1 1 0 0.490263 0.490263 44.4226 -0.270483 -0.286656 -0.270483 -0.286656 0.890962 0.126866 0.890962 -0.126866 
1 1 0 0.49005 0.49005 42.8402 -0.274711 -0.289316 -0.274711 -0.289316 0.885469 0.130807 0.885469 -0.130807 
1 1 0 0.489821 0.489821 41.4036 -0.27896 -0.291942 -0.27896 -0.291942 0.879971 0.134574 0.879971 -0.134574 
1 1 0 0.489576 0.489576 40.0918 -0.28323 -0.294533 -0.28323 -0.294533 0.874468 0.13818 0.874468 -0.13818 
1 1 0 0.489315 0.489315 38.8878 -0.28752 -0.297088 -0.28752 -0.297088 0.868961 0.141634 0.868961 -0.141634 
1 1 0 0.489036 0.489036 37.7777 -0.291831 -0.299606 -0.291831 -0.299606 0.86345 0.144948 0.86345 -0.144948 
1 1 0 0.488741 0.488741 36.7501 -0.296161 -0.302089 -0.296161 -0.302089 0.857936 0.148128 0.857936 -0.148128 
1 1 0 0.488429 0.488429 35.7952 -0.300512 -0.304534 -0.300512 -0.304534 0.85242 0.151182 0.85242 -0.151182 
1 1 0 0.488099 0.488099 34.9051 -0.304882 -0.306941 -0.304882 -0.306941 0.846902 0.154117 0.846902 -0.154117 
1 1 0 0.487751 0.487751 34.0729 -0.309272 -0.309309 -0.309272 -0.309309 0.841383 0.156938 0.841383 -0.156938 
1 1 0 0.487385 0.487385 33.2927 -0.313681 -0.311639 -0.313681 -0.311639 0.835863 0.159649 0.835863 -0.159649 
1 1 0 0.487001 0.487001 32.5594 -0.318109 -0.31393 -0.318109 -0.31393 0.830343 0.162255 0.830343 -0.162255 
1 1 0 0.486598 0.486598 31.8688 -0.322556 -0.31618 -0.322556 -0.31618 0.824823 0.164761 0.824823 -0.164761 
1 1 0 0.486176 0.486176 31.217 -0.327022 -0.31839 -0.327022 -0.31839 0.819304 0.167169 0.819304 -0.167169 
1 1 0 0.485734 0.485734 30.6006 -0.331505 -0.320559 -0.331505 -0.320559 0.813788 0.169483 0.813788 -0.169483 
1 1 0 0.485273 0.485273 30.0167 -0.336007 -0.322686 -0.336007 -0.322686 0.808274 0.171705 0.808274 -0.171705 
1 1 0 0.484792 0.484792 29.4628 -0.340526 -0.32477 -0.340526 -0.32477 0.802763 0.173839 0.802763 -0.173839 
1 1 0 0.484291 0.484291 28.9365 -0.345063 -0.326812 -0.345063 -0.326812 0.797256 0.175887 0.797256 -0.175887 
1 1 0 0.48377 0.48377 28.4357 -0.349617 -0.328811 -0.349617 -0.328811 0.791754 0.17785 0.791754 -0.17785 
1 1 0 0.483227 0.483227 27.9587 -0.354187 -0.330766 -0.354187 -0.330766 0.786256 0.179732 0.786256 -0.179732 
1 1 0 0.482664 0.482664 27.5038 -0.358774 -0.332676 -0.358774 -0.332676 0.780765 0.181533 0.780765 -0.181533 
1 1 0 0.482079 0.482079 27.0694 -0.363376 -0.334541 -0.363376 -0.334541 0.775281 0.183256 0.775281 -0.183256 
1 1 0 0.481472 0.481472 26.6544 -0.367994 -0.33636 -0.367994 -0.33636 0.769804 0.184902 0.769804 -0.184902 
1 1 0 0.480844 0.480844 26.2573 -0.372627 -0.338134 -0.372627 -0.338134 0.764336 0.186473 0.764336 -0.186473 
1 1 0 0.480193 0.480193 25.8773 -0.377274 -0.33986 -0.377274 -0.33986 0.758876 0.187969 0.758876 -0.187969 
1 1 0 0.479519 0.479519 25.5131 -0.381935 -0.34154 -0.381935 -0.34154 0.753427 0.189393 0.753427 -0.189393 
1 1 0 0.478823 0.478823 25.164 -0.38661 -0.343172 -0.38661 -0.343172 0.747988 0.190745 0.747988 -0.190745 
1 1 0 0.478103 0.478103 24.8292 -0.391299 -0.344755 -0.391299 -0.344755 0.742561 0.192026 0.742561 -0.192026 
1 1 0 0.47736 0.47736 24.5077 -0.395999 -0.34629 -0.395999 -0.34629 0.737145 0.193239 0.737145 -0.193239 
1 1 0 0.476593 0.476593 24.199 -0.400712 -0.347775 -0.400712 -0.347775 0.731743 0.194382 0.731743 -0.194382 
1 1 0 0.475802 0.475802 23.9024 -0.405436 -0.349211 -0.405436 -0.349211 0.726355 0.195459 0.726355 -0.195459 
1 1 0 0.474987 0.474987 23.6173 -0.410171 -0.350596 -0.410171 -0.350596 0.720981 0.196469 0.720981 -0.196469 
1 1 0 0.474148 0.474148 23.3431 -0.414916 -0.351931 -0.414916 -0.351931 0.715624 0.197413 0.715624 -0.197413 
1 1 0 0.473283 0.473283 23.0794 -0.419671 -0.353215 -0.419671 -0.353215 0.710282 0.198292 0.710282 -0.198292 
1 1 0 0.472393 0.472393 22.8257 -0.424435 -0.354446 -0.424435 -0.354446 0.704958 0.199107 0.704958 -0.199107 
1 1 0 0.471478 0.471478 22.5815 -0.429207 -0.355626 -0.429207 -0.355626 0.699652 0.199859 0.699652 -0.199859 
1 1 0 0.470538 0.470538 22.3464 -0.433987 -0.356753 -0.433987 -0.356753 0.694364 0.200549 0.694364 -0.200549 
1 1 0 0.469571 0.469571 22.1201 -0.438774 -0.357828 -0.438774 -0.357828 0.689097 0.201177 0.689097 -0.201177 
1 1 0 0.468578 0.468578 21.9022 -0.443567 -0.358849 -0.443567 -0.358849 0.68385 0.201744 0.68385 -0.201744 
1 1 0 0.467559 0.467559 21.6925 -0.448366 -0.359816 -0.448366 -0.359816 0.678625 0.20225 0.678625 -0.20225 
1 1 0 0.466514 0.466514 21.4905 -0.45317 -0.36073 -0.45317 -0.36073 0.673422 0.202698 0.673422 -0.202698 
1 1 0 0.465442 0.465442 21.296 -0.457978 -0.361589 -0.457978 -0.361589 0.668243 0.203086 0.668243 -0.203086 
1 1 0 0.464342 0.464342 21.1088 -0.462789 -0.362393 -0.462789 -0.362393 0.663087 0.203416 0.663087 -0.203416 
1 1 0 0.463216 0.463216 20.9286 -0.467603 -0.363143 -0.467603 -0.363143 0.657957 0.203688 0.657957 -0.203688 
1 1 0 0.462062 0.462062 20.7552 -0.472418 -0.363837 -0.472418 -0.363837 0.652852 0.203904 0.652852 -0.203904 
1 1 0 0.460881 0.460881 20.5884 -0.477235 -0.364476 -0.477235 -0.364476 0.647774 0.204064 0.647774 -0.204064 
1 1 0 0.459672 0.459672 20.4279 -0.482052 -0.36506 -0.482052 -0.36506 0.642723 0.204168 0.642723 -0.204168 
1 1 0 0.458436 0.458436 20.2736 -0.486868 -0.365587 -0.486868 -0.365587 0.637701 0.204217 0.637701 -0.204217 
1 1 0 0.457171 0.457171 20.1252 -0.491683 -0.366059 -0.491683 -0.366059 0.632707 0.204212 0.632707 -0.204212 
1 1 0 0.455878 0.455878 19.9828 -0.496495 -0.366475 -0.496495 -0.366475 0.627744 0.204154 0.627744 -0.204154 
1 1 0 0.454558 0.454558 19.846 -0.501305 -0.366834 -0.501305 -0.366834 0.622811 0.204044 0.622811 -0.204044 
1 1 0 0.453208 0.453208 19.7147 -0.50611 -0.367137 -0.50611 -0.367137 0.617909 0.203881 0.617909 -0.203881 
1 1 0 0.451831 0.451831 19.5889 -0.510911 -0.367384 -0.510911 -0.367384 0.613039 0.203667 0.613039 -0.203667 
1 1 0 0.450425 0.450425 19.4683 -0.515706 -0.367574 -0.515706 -0.367574 0.608203 0.203403 0.608203 -0.203403 
1 1 0 0.44899 0.44899 19.3529 -0.520494 -0.367708 -0.520494 -0.367708 0.603399 0.203088 0.603399 -0.203088 
1 1 0 0.447527 0.447527 19.2425 -0.525275 -0.367786 -0.525275 -0.367786 0.598631 0.202725 0.598631 -0.202725 
1 1 0 0.446036 0.446036 19.1371 -0.530048 -0.367808 -0.530048 -0.367808 0.593896 0.202313 0.593896 -0.202313 
1 1 0 0.444515 0.444515 19.0365 -0.534811 -0.367773 -0.534811 -0.367773 0.589198 0.201854 0.589198 -0.201854 
1 1 0 0.442966 0.442966 18.9407 -0.539565 -0.367683 -0.539565 -0.367683 0.584536 0.201348 0.584536 -0.201348 
1 1 0 0.441389 0.441389 18.8496 -0.544308 -0.367536 -0.544308 -0.367536 0.57991 0.200796 0.57991 -0.200796 
1 1 0 0.439783 0.439783 18.763 -0.549039 -0.367334 -0.549039 -0.367334 0.575322 0.200199 0.575322 -0.200199 
1 1 0 0.438148 0.438148 18.681 -0.553757 -0.367077 -0.553757 -0.367077 0.570772 0.199557 0.570772 -0.199557 
1 1 0 0.436485 0.436485 18.6034 -0.558463 -0.366764 -0.558463 -0.366764 0.56626 0.198871 0.56626 -0.198871 
1 1 0 0.434793 0.434793 18.5302 -0.563154 -0.366397 -0.563154 -0.366397 0.561787 0.198143 0.561787 -0.198143 
1 1 0 0.433073 0.433073 18.4613 -0.56783 -0.365974 -0.56783 -0.365974 0.557354 0.197372 0.557354 -0.197372 
1 1 0 0.431325 0.431325 18.3967 -0.572491 -0.365498 -0.572491 -0.365498 0.55296 0.19656 0.55296 -0.19656 
1 1 0 0.429548 0.429548 18.3364 -0.577135 -0.364968 -0.577135 -0.364968 0.548607 0.195708 0.548607 -0.195708 
1 1 0 0.427744 0.427744 18.2802 -0.581761 -0.364384 -0.581761 -0.364384 0.544295 0.194815 0.544295 -0.194815 
1 1 0 0.425911 0.425911 18.2282 -0.58637 -0.363747 -0.58637 -0.363747 0.540023 0.193884 0.540023 -0.193884 
1 1 0 0.424051 0.424051 18.1803 -0.59096 -0.363058 -0.59096 -0.363058 0.535793 0.192915 0.535793 -0.192915 
1 1 0 0.422163 0.422163 18.1364 -0.595531 -0.362316 -0.595531 -0.362316 0.531604 0.191909 0.531604 -0.191909 
1 1 0 0.420248 0.420248 18.0967 -0.600081 -0.361523 -0.600081 -0.361523 0.527458 0.190866 0.527458 -0.190866 
1 1 0 0.418305 0.418305 18.0609 -0.604611 -0.360678 -0.604611 -0.360678 0.523353 0.189787 0.523353 -0.189787 
1 1 0 0.416335 0.416335 18.0292 -0.609119 -0.359784 -0.609119 -0.359784 0.519291 0.188674 0.519291 -0.188674 
1 1 0 0.414339 0.414339 18.0015 -0.613605 -0.358839 -0.613605 -0.358839 0.515271 0.187526 0.515271 -0.187526 
1 1 0 0.412315 0.412315 17.9778 -0.618068 -0.357844 -0.618068 -0.357844 0.511294 0.186346 0.511294 -0.186346 
1 1 0 0.410265 0.410265 17.9581 -0.622508 -0.356801 -0.622508 -0.356801 0.50736 0.185132 0.50736 -0.185132 
1 1 0 0.408189 0.408189 17.9423 -0.626924 -0.355709 -0.626924 -0.355709 0.503469 0.183888 0.503469 -0.183888 
1 1 0 0.406087 0.406087 17.9306 -0.631316 -0.35457 -0.631316 -0.35457 0.49962 0.182612 0.49962 -0.182612 
1 1 0 0.403959 0.403959 17.9228 -0.635683 -0.353384 -0.635683 -0.353384 0.495814 0.181306 0.495814 -0.181306 
1 1 0 0.401806 0.401806 17.9191 -0.640024 -0.352152 -0.640024 -0.352152 0.492052 0.179971 0.492052 -0.179971 
1 1 0 0.399628 0.399628 17.9194 -0.64434 -0.350875 -0.64434 -0.350875 0.488332 0.178607 0.488332 -0.178607 
1 1 0 0.397424 0.397424 17.9238 -0.648629 -0.349552 -0.648629 -0.349552 0.484655 0.177215 0.484655 -0.177215 
1 1 0 0.395196 0.395196 17.9322 -0.652892 -0.348185 -0.652892 -0.348185 0.481021 0.175796 0.481021 -0.175796 
1 1 0 0.392943 0.392943 17.9448 -0.657127 -0.346775 -0.657127 -0.346775 0.477429 0.174351 0.477429 -0.174351 
1 1 0 0.390667 0.390667 17.9615 -0.661336 -0.345322 -0.661336 -0.345322 0.47388 0.17288 0.47388 -0.17288 
1 1 0 0.388366 0.388366 17.9824 -0.665516 -0.343828 -0.665516 -0.343828 0.470374 0.171384 0.470374 -0.171384 
1 1 0 0.386042 0.386042 18.0076 -0.669669 -0.342292 -0.669669 -0.342292 0.466909 0.169863 0.466909 -0.169863 
1 1 0 0.383695 0.383695 18.0371 -0.673793 -0.340715 -0.673793 -0.340715 0.463487 0.168319 0.463487 -0.168319 
1 1 0 0.381324 0.381324 18.0709 -0.677888 -0.339099 -0.677888 -0.339099 0.460106 0.166752 0.460106 -0.166752 
1 1 0 0.378932 0.378932 18.1092 -0.681955 -0.337444 -0.681955 -0.337444 0.456767 0.165161 0.456767 -0.165161 
1 1 0 0.376516 0.376516 18.152 -0.685992 -0.335751 -0.685992 -0.335751 0.453469 0.163549 0.453469 -0.163549 
1 1 0 0.374079 0.374079 18.1995 -0.690001 -0.33402 -0.690001 -0.33402 0.450212 0.161916 0.450212 -0.161916 
1 1 0 0.37162 0.37162 18.2516 -0.69398 -0.332252 -0.69398 -0.332252 0.446995 0.160262 0.446995 -0.160262 
1 1 0 0.36914 0.36914 18.3085 -0.697929 -0.330449 -0.697929 -0.330449 0.443819 0.158587 0.443819 -0.158587 
1 1 0 0.366639 0.366639 18.3704 -0.701849 -0.32861 -0.701849 -0.32861 0.440683 0.156892 0.440683 -0.156892 
1 1 0 0.364117 0.364117 18.4373 -0.705739 -0.326737 -0.705739 -0.326737 0.437587 0.155178 0.437587 -0.155178 
1 1 0 0.361574 0.361574 18.5094 -0.7096 -0.32483 -0.7096 -0.32483 0.43453 0.153445 0.43453 -0.153445 
1 1 0 0.359012 0.359012 18.5868 -0.71343 -0.322891 -0.71343 -0.322891 0.431512 0.151693 0.431512 -0.151693 
1 1 0 0.356429 0.356429 18.6698 -0.717231 -0.320919 -0.717231 -0.320919 0.428533 0.149923 0.428533 -0.149923 
1 1 0 0.353827 0.353827 18.7584 -0.721002 -0.318915 -0.721002 -0.318915 0.425591 0.148135 0.425591 -0.148135 
1 1 0 0.351206 0.351206 18.8528 -0.724743 -0.316881 -0.724743 -0.316881 0.422688 0.14633 0.422688 -0.14633 
1 1 0 0.348566 0.348566 18.9534 -0.728454 -0.314817 -0.728454 -0.314817 0.419822 0.144507 0.419822 -0.144507 
1 1 0 0.345908 0.345908 19.0602 -0.732135 -0.312723 -0.732135 -0.312723 0.416993 0.142667 0.416993 -0.142667 
1 1 0 0.343231 0.343231 19.1736 -0.735786 -0.310601 -0.735786 -0.310601 0.4142 0.14081 0.4142 -0.14081 
1 1 0 0.340537 0.340537 19.2938 -0.739408 -0.30845 -0.739408 -0.30845 0.411444 0.138937 0.411444 -0.138937 
1 1 0 0.337824 0.337824 19.4211 -0.743 -0.306273 -0.743 -0.306273 0.408723 0.137047 0.408723 -0.137047 
1 1 0 0.335095 0.335095 19.5558 -0.746563 -0.304069 -0.746563 -0.304069 0.406038 0.13514 0.406038 -0.13514 
1 1 0 0.332348 0.332348 19.6984 -0.750096 -0.301838 -0.750096 -0.301838 0.403388 0.133217 0.403388 -0.133217 
1 1 0 0.329585 0.329585 19.849 -0.7536 -0.299583 -0.7536 -0.299583 0.400771 0.131278 0.400771 -0.131278 
1 1 0 0.326805 0.326805 20.0083 -0.757075 -0.297303 -0.757075 -0.297303 0.398189 0.129322 0.398189 -0.129322 
1 1 0 0.324009 0.324009 20.1766 -0.760521 -0.294999 -0.760521 -0.294999 0.395641 0.12735 0.395641 -0.12735 
1 1 0 0.321198 0.321198 20.3545 -0.763939 -0.292671 -0.763939 -0.292671 0.393125 0.12536 0.393125 -0.12536 
1 1 0 0.318371 0.318371 20.5424 -0.767327 -0.29032 -0.767327 -0.29032 0.390642 0.123354 0.390642 -0.123354 
1 1 0 0.315528 0.315528 20.7411 -0.770688 -0.287948 -0.770688 -0.287948 0.388191 0.121331 0.388191 -0.121331 
1 1 0 0.312671 0.312671 20.9511 -0.77402 -0.285553 -0.77402 -0.285553 0.385772 0.11929 0.385772 -0.11929 
1 1 0 0.309798 0.309798 21.1733 -0.777324 -0.283138 -0.777324 -0.283138 0.383384 0.117231 0.383384 -0.117231 
1 1 0 0.306912 0.306912 21.4084 -0.7806 -0.280702 -0.7806 -0.280702 0.381027 0.115154 0.381027 -0.115154 
1 1 0 0.304011 0.304011 21.6574 -0.783849 -0.278245 -0.783849 -0.278245 0.378701 0.113057 0.378701 -0.113057 
1 1 0 0.301096 0.301096 21.9213 -0.78707 -0.27577 -0.78707 -0.27577 0.376404 0.110941 0.376404 -0.110941 
1 1 0 0.298168 0.298168 22.2013 -0.790265 -0.273275 -0.790265 -0.273275 0.374137 0.108805 0.374137 -0.108805 
1 1 0 0.295226 0.295226 22.4986 -0.793432 -0.270762 -0.793432 -0.270762 0.371899 0.106647 0.371899 -0.106647 
1 1 0 0.292272 0.292272 22.8147 -0.796573 -0.268231 -0.796573 -0.268231 0.36969 0.104468 0.36969 -0.104468 
1 1 0 0.289304 0.289304 23.1512 -0.799687 -0.265683 -0.799687 -0.265683 0.367509 0.102264 0.367509 -0.102264 
1 1 0 0.286324 0.286324 23.51 -0.802775 -0.263117 -0.802775 -0.263117 0.365356 0.100037 0.365356 -0.100037 
1 1 0 0.283331 0.283331 23.8933 -0.805838 -0.260535 -0.805838 -0.260535 0.36323 0.0977827 0.36323 -0.0977827 
1 1 0 0.280327 0.280327 24.3033 -0.808874 -0.257936 -0.808874 -0.257936 0.361132 0.0955012 0.361132 -0.0955012 
1 1 0 0.27731 0.27731 24.7431 -0.811886 -0.255322 -0.811886 -0.255322 0.35906 0.0931903 0.35906 -0.0931903 
1 1 0 0.274282 0.274282 25.2157 -0.814872 -0.252693 -0.814872 -0.252693 0.357014 0.0908478 0.357014 -0.0908478 
1 1 0 0.271243 0.271243 25.725 -0.817834 -0.250049 -0.817834 -0.250049 0.354994 0.0884714 0.354994 -0.0884714 
1 1 0 0.268192 0.268192 26.2755 -0.820771 -0.24739 -0.820771 -0.24739 0.352999 0.0860585 0.352999 -0.0860585 
1 1 0 0.265131 0.265131 26.8723 -0.823683 -0.244717 -0.823683 -0.244717 0.35103 0.0836058 0.35103 -0.0836058 
1 1 0 0.262058 0.262058 27.5217 -0.826572 -0.24203 -0.826572 -0.24203 0.349085 0.0811099 0.349085 -0.0811099 
1 1 0 0.258976 0.258976 28.2314 -0.829437 -0.23933 -0.829437 -0.23933 0.347165 0.0785668 0.347165 -0.0785668 
1 1 0 0.255883 0.255883 29.0103 -0.832278 -0.236617 -0.832278 -0.236617 0.345269 0.0759715 0.345269 -0.0759715 
1 1 0 0.25278 0.25278 29.8698 -0.835097 -0.233891 -0.835097 -0.233891 0.343396 0.0733187 0.343396 -0.0733187 
1 1 0 0.249668 0.249668 30.8239 -0.837892 -0.231152 -0.837892 -0.231152 0.341547 0.0706018 0.341547 -0.0706018 
1 1 0 0.246546 0.246546 31.8904 -0.840665 -0.228402 -0.840665 -0.228402 0.33972 0.0678129 0.33972 -0.0678129 
1 1 0 0.243414 0.243414 33.0919 -0.843415 -0.225639 -0.843415 -0.225639 0.337916 0.0649427 0.337916 -0.0649427 
1 1 0 0.240274 0.240274 34.4583 -0.846143 -0.222866 -0.846143 -0.222866 0.336134 0.0619798 0.336134 -0.0619798 
1 1 0 0.237124 0.237124 36.0296 -0.84885 -0.220081 -0.84885 -0.220081 0.334375 0.0589098 0.334375 -0.0589098 
1 1 0 0.233966 0.233966 37.8608 -0.851535 -0.217285 -0.851535 -0.217285 0.332637 0.055715 0.332637 -0.055715 
1 1 0 0.230799 0.230799 40.0303 -0.854198 -0.214478 -0.854198 -0.214478 0.33092 0.0523723 0.33092 -0.0523723 
1 1 0 0.227624 0.227624 42.6537 -0.856841 -0.211661 -0.856841 -0.211661 0.329224 0.0488508 0.329224 -0.0488508 
1 1 0 0.224441 0.224441 45.9114 -0.859462 -0.208833 -0.859462 -0.208833 0.327549 0.0451085 0.327549 -0.0451085 
1 1 0 0.22125 0.22125 50.1029 -0.862064 -0.205996 -0.862064 -0.205996 0.325895 0.0410846 0.325895 -0.0410846 
1 1 0 0.218051 0.218051 55.7721 -0.864645 -0.203149 -0.864645 -0.203149 0.32426 0.0366859 0.32426 -0.0366859 
1 1 0 0.214845 0.214845 64.0426 -0.867206 -0.200292 -0.867206 -0.200292 0.322646 0.0317566 0.322646 -0.0317566 
1 1 0 0.211631 0.211631 77.7681 -0.869747 -0.197426 -0.869747 -0.197426 0.321051 0.0259955 0.321051 -0.0259955 
1 1 0 0.208411 0.208411 107.776 -0.872269 -0.19455 -0.872269 -0.19455 0.319475 0.018646 0.319475 -0.018646 
1 1 0 0.205183 0.205183 406.483 -0.874772 -0.191666 -0.874772 -0.191666 0.317918 0.0049146 0.317918 -0.0049146 
1 1 0 0.201948 0.201948 406.483 -0.877256 -0.188773 -0.877256 -0.188773 0.29921 0 0.333552 0 
1 1 0 0.198707 0.198707 406.483 -0.879721 -0.185871 -0.879721 -0.185871 0.290176 0 0.339547 0 
1 1 0 0.19546 0.19546 406.483 -0.882167 -0.182961 -0.882167 -0.182961 0.283038 0 0.343683 0 
1 1 0 0.192207 0.192207 406.483 -0.884596 -0.180042 -0.884596 -0.180042 0.276875 0 0.346881 0 
1 1 0 0.188947 0.188947 406.483 -0.887006 -0.177116 -0.887006 -0.177116 0.271341 0 0.349485 0 
1 1 0 0.185681 0.185681 406.483 -0.889398 -0.174181 -0.889398 -0.174181 0.26626 0 0.351672 0 
1 1 0 0.18241 0.18241 406.483 -0.891773 -0.171238 -0.891773 -0.171238 0.261527 0 0.353544 0 
1 1 0 0.179134 0.179134 406.483 -0.894131 -0.168288 -0.894131 -0.168288 0.257076 0 0.35517 0 
1 1 0 0.175852 0.175852 406.483 -0.896472 -0.165329 -0.896472 -0.165329 0.252859 0 0.356596 0 
1 1 0 0.172565 0.172565 406.483 -0.898796 -0.162364 -0.898796 -0.162364 0.248841 0 0.357856 0 
1 1 0 0.169273 0.169273 406.483 -0.901103 -0.15939 -0.901103 -0.15939 0.244997 0 0.358976 0 
1 1 0 0.165976 0.165976 406.483 -0.903393 -0.15641 -0.903393 -0.15641 0.241305 0 0.359976 0 
1 1 0 0.162675 0.162675 406.483 -0.905668 -0.153422 -0.905668 -0.153422 0.237751 0 0.360872 0 
1 1 0 0.159369 0.159369 406.483 -0.907926 -0.150426 -0.907926 -0.150426 0.234319 0 0.361676 0 
1 1 0 0.156059 0.156059 406.483 -0.910169 -0.147424 -0.910169 -0.147424 0.231 0 0.3624 0 
1 1 0 0.152745 0.152745 406.483 -0.912396 -0.144415 -0.912396 -0.144415 0.227784 0 0.363052 0 
1 1 0 0.149426 0.149426 406.483 -0.914607 -0.141398 -0.914607 -0.141398 0.224663 0 0.36364 0 
1 1 0 0.146104 0.146104 406.483 -0.916804 -0.138375 -0.916804 -0.138375 0.22163 0 0.36417 0 
1 1 0 0.142779 0.142779 406.483 -0.918985 -0.135345 -0.918985 -0.135345 0.21868 0 0.364649 0 
1 1 0 0.13945 0.13945 406.483 -0.921152 -0.132308 -0.921152 -0.132308 0.215807 0 0.36508 0 
1 1 0 0.136117 0.136117 406.483 -0.923303 -0.129264 -0.923303 -0.129264 0.213006 0 0.365469 0 
1 1 0 0.132782 0.132782 406.483 -0.925441 -0.126213 -0.925441 -0.126213 0.210274 0 0.365819 0 
1 1 0 0.129443 0.129443 406.483 -0.927564 -0.123156 -0.927564 -0.123156 0.207607 0 0.366134 0 
1 1 0 0.126102 0.126102 406.483 -0.929673 -0.120091 -0.929673 -0.120091 0.205001 0 0.366416 0 
1 1 0 0.122758 0.122758 406.483 -0.931768 -0.117021 -0.931768 -0.117021 0.202454 0 0.366668 0 
1 1 0 0.119412 0.119412 406.483 -0.933849 -0.113943 -0.933849 -0.113943 0.199962 0 0.366893 0 
1 1 0 0.116063 0.116063 406.483 -0.935916 -0.110859 -0.935916 -0.110859 0.197523 0 0.367093 0 
1 1 0 0.112712 0.112712 406.483 -0.93797 -0.107768 -0.93797 -0.107768 0.195136 0 0.36727 0 
1 1 0 0.109359 0.109359 406.483 -0.940011 -0.104671 -0.940011 -0.104671 0.192797 0 0.367426 0 
1 1 0 0.106005 0.106005 406.483 -0.942039 -0.101567 -0.942039 -0.101567 0.190505 0 0.367563 0 
1 1 0 0.102648 0.102648 406.483 -0.944053 -0.0984563 -0.944053 -0.0984563 0.188258 0 0.367682 0 
1 1 0 0.0992901 0.0992901 406.483 -0.946055 -0.095339 -0.946055 -0.095339 0.186055 0 0.367785 0 
1 1 0 0.0959306 0.0959306 406.483 -0.948044 -0.0922151 -0.948044 -0.0922151 0.183893 0 0.367873 0 
1 1 0 0.09257 0.09257 406.483 -0.95002 -0.0890845 -0.95002 -0.0890845 0.181772 0 0.367947 0 
1 1 0 0.0892082 0.0892082 406.483 -0.951984 -0.0859472 -0.951984 -0.0859472 0.17969 0 0.368009 0 
1 1 0 0.0858456 0.0858456 406.483 -0.953935 -0.0828033 -0.953935 -0.0828033 0.177645 0 0.368059 0 
1 1 0 0.0824821 0.0824821 406.483 -0.955874 -0.0796526 -0.955874 -0.0796526 0.175637 0 0.368099 0 
1 1 0 0.0791181 0.0791181 406.483 -0.957802 -0.0764952 -0.957802 -0.0764952 0.173664 0 0.36813 0 
1 1 0 0.0757536 0.0757536 406.483 -0.959717 -0.073331 -0.959717 -0.073331 0.171726 0 0.368153 0 
1 1 0 0.0723887 0.0723887 406.483 -0.96162 -0.07016 -0.96162 -0.07016 0.169821 0 0.368167 0 
1 1 0 0.0690237 0.0690237 406.483 -0.963512 -0.0669822 -0.963512 -0.0669822 0.167948 0 0.368176 0 
1 1 0 0.0656587 0.0656587 406.483 -0.965392 -0.0637975 -0.965392 -0.0637975 0.166106 0 0.368178 0 
1 1 0 0.0622938 0.0622938 406.483 -0.96726 -0.0606059 -0.96726 -0.0606059 0.164295 0 0.368175 0 
1 1 0 0.0589292 0.0589292 406.483 -0.969118 -0.0574074 -0.969118 -0.0574074 0.162513 0 0.368167 0 
1 1 0 0.0555651 0.0555651 406.483 -0.970963 -0.0542019 -0.970963 -0.0542019 0.160761 0 0.368156 0 
1 1 0 0.0522015 0.0522015 406.483 -0.972798 -0.0509893 -0.972798 -0.0509893 0.159036 0 0.368141 0 
1 1 0 0.0488387 0.0488387 406.483 -0.974622 -0.0477697 -0.974622 -0.0477697 0.157339 0 0.368123 0 
1 1 0 0.0454768 0.0454768 406.483 -0.976434 -0.0445429 -0.976434 -0.0445429 0.155669 0 0.368104 0 
1 1 0 0.0421159 0.0421159 406.483 -0.978236 -0.0413089 -0.978236 -0.0413089 0.154025 0 0.368083 0 
1 1 0 0.0387563 0.0387563 406.483 -0.980027 -0.0380677 -0.980027 -0.0380677 0.152406 0 0.368061 0 
1 1 0 0.0353979 0.0353979 406.483 -0.981807 -0.0348192 -0.981807 -0.0348192 0.150812 0 0.368038 0 
1 1 0 0.0320411 0.0320411 406.483 -0.983577 -0.0315634 -0.983577 -0.0315634 0.149242 0 0.368015 0 
1 1 0 0.0286859 0.0286859 406.483 -0.985336 -0.0283002 -0.985336 -0.0283002 0.147696 0 0.367993 0 
1 1 0 0.0253326 0.0253326 406.483 -0.987085 -0.0250294 -0.987085 -0.0250294 0.146173 0 0.367972 0 
1 1 0 0.0219812 0.0219812 406.483 -0.988823 -0.0217512 -0.988823 -0.0217512 0.144672 0 0.367952 0 
1 1 0 0.0186318 0.0186318 406.483 -0.990551 -0.0184654 -0.990551 -0.0184654 0.143194 0 0.367933 0 
1 1 0 0.0152848 0.0152848 406.483 -0.992268 -0.0151719 -0.992268 -0.0151719 0.141737 0 0.367917 0 
1 1 0 0.0119401 0.0119401 406.483 -0.993976 -0.0118707 -0.993976 -0.0118707 0.140302 0 0.367903 0 
1 1 0 0.00859795 0.00859795 406.483 -0.995673 -0.0085617 -0.995673 -0.0085617 0.138887 0 0.367892 0 
1 1 0 0.00525853 0.00525853 406.483 -0.99736 -0.00524487 -0.99736 -0.00524487 0.137493 0 0.367884 0 
1 1 0 0.00192195 0.00192195 406.483 -0.999038 -0.00192011 -0.999038 -0.00192011 0.136119 0 0.36788 0 
1 1 0 -0.00141162 -0.00141162 406.483 -1.00071 0.00141262 -1.00071 0.00141262 0.134764 0 0.36788 0 
2 2 0 0.474643 0.474643 406.483 7.2768e-08 1.15085e-07 7.2768e-08 1.15085e-07 0.134764 0 0.36788 0 
1 2 0 0.475141 0.475141 406.483 -3.36888e-07 -5.31494e-07 -3.36888e-07 -5.31494e-07 0.134764 0 0.36788 0 
2 2 0 0.475645 0.475645 406.483 -1.28576e-09 -2.03483e-09 -1.28576e-09 -2.03483e-09 1.56352 0 1.00555 0 
2 2 0 0.476645 0.476645 406.483 -3.39631e-11 -5.26191e-11 -3.39631e-11 -5.26191e-11 1.55786 0 1.01113 0 
2 2 0 0.478645 0.478645 406.483 -4.41978e-15 -6.68027e-15 -4.41978e-15 -6.68027e-15 1.54614 0 1.02269 0 
2 2 0 0.482645 0.482645 406.483 -7.75727e-17 -1.13809e-16 -7.75727e-17 -1.13809e-16 1.52082 0 1.04775 0 
2 2 0 0.487645 0.487645 406.483 -3.7957e-21 -5.30397e-21 -3.7957e-21 -5.30397e-21 1.48437 0 1.08394 0 
2 2 0 0.492645 0.492645 406.483 -3.96116e-23 -5.25522e-23 -3.96116e-23 -5.25522e-23 1.43905 0 1.12909 0 
2 2 0 0.497645 0.497645 406.483 -1.44191e-27 -1.80147e-27 -1.44191e-27 -1.80147e-27 1.37201 0 1.19605 0 
2 2 0 0.502645 0.502645 86.3845 -1.2159e-29 -1.41818e-29 -1.2159e-29 -1.41818e-29 1.28403 0.0935592 1.28403 -0.0935592 
2 2 0 0.507645 0.507645 50.8125 -3.52593e-34 -3.79205e-34 -3.52593e-34 -3.79205e-34 1.28408 0.159596 1.28408 -0.159596 
2 2 0 0.512645 0.512645 39.5095 -2.46644e-36 -2.39334e-36 -2.46644e-36 -2.39334e-36 1.28416 0.205959 1.28416 -0.205959 
2 2 0 0.517645 0.517645 33.4466 -5.76553e-41 -4.88037e-41 -5.76553e-41 -4.88037e-41 1.28429 0.244142 1.28429 -0.244142 
2 2 0 0.522645 0.522645 29.5241 -3.25691e-43 -2.21056e-43 -3.25691e-43 -2.21056e-43 1.28446 0.277556 1.28446 -0.277556 
2 2 0 0.527645 0.527645 26.7211 -5.74603e-48 -2.4754e-48 -5.74603e-48 -2.4754e-48 1.28467 0.307771 1.28467 -0.307771 
2 2 0 0.532645 0.532645 24.5898 -2.11669e-50 2.72118e-51 -2.11669e-50 2.72118e-51 1.28493 0.335662 1.28493 -0.335662 
2 2 0 0.537645 0.537645 22.8987 -1.16907e-55 4.0698e-55 -1.16907e-55 4.0698e-55 1.28523 0.36178 1.28523 -0.36178 
2 2 0 0.542645 0.542645 21.5144 1.5535e-57 4.269e-57 1.5535e-57 4.269e-57 1.28556 0.386494 1.28556 -0.386494 
2 2 0 0.547645 0.547645 20.3543 6.99192e-62 1.08046e-61 6.99192e-62 1.08046e-61 1.28594 0.410069 1.28594 -0.410069 
2 2 0 0.552645 0.552645 19.3636 5.95211e-64 6.55415e-64 5.95211e-64 6.55415e-64 1.28637 0.4327 1.28637 -0.4327 
2 2 0 0.557645 0.557645 18.5048 1.32814e-68 1.1069e-68 1.32814e-68 1.1069e-68 1.28683 0.454539 1.28683 -0.454539 
2 2 0 0.562645 0.562645 17.7509 7.40684e-71 3.97306e-71 7.40684e-71 3.97306e-71 1.28733 0.475703 1.28733 -0.475703 
2 2 0 0.567645 0.567645 17.0823 1.13752e-75 1.98792e-76 1.13752e-75 1.98792e-76 1.28787 0.49629 1.28787 -0.49629 
2 2 0 0.572645 0.572645 16.484 3.48509e-78 -2.81003e-78 3.48509e-78 -2.81003e-78 1.28846 0.516375 1.28846 -0.516375 
2 2 0 0.577645 0.577645 15.9444 3.86046e-84 -1.08003e-82 3.86046e-84 -1.08003e-82 1.28908 0.536026 1.28908 -0.536026 
2 2 0 0.582645 0.582645 15.4545 -3.96388e-85 -8.63399e-85 -3.96388e-85 -8.63399e-85 1.28975 0.555297 1.28975 -0.555297 
2 2 0 0.587645 0.587645 15.0072 -1.25223e-89 -1.6611e-89 -1.25223e-89 -1.6611e-89 1.29045 0.574235 1.29045 -0.574235 
2 2 0 0.592645 0.592645 14.5967 -9.39746e-92 -8.06507e-92 -9.39746e-92 -8.06507e-92 1.2912 0.592881 1.2912 -0.592881 
2 2 0 0.597645 0.597645 14.218 -1.71664e-96 -9.48206e-97 -1.71664e-96 -9.48206e-97 1.29199 0.61127 1.29199 -0.61127 
2 2 0 0.602645 0.602645 13.8674 -8.11257e-99 -8.40913e-100 -8.11257e-99 -8.40913e-100 1.29281 0.629433 1.29281 -0.629433 
2 2 0 0.607645 0.607645 13.5415 -9.25983e-104 5.39841e-104 -9.25983e-104 5.39841e-104 1.29368 0.647398 1.29368 -0.647398 
2 2 0 0.612645 0.612645 13.2376 -6.9892e-107 7.24229e-106 -6.9892e-107 7.24229e-106 1.29458 0.66519 1.29458 -0.66519 
2 2 0 0.617645 0.617645 12.9532 5.27576e-111 1.57704e-110 5.27576e-111 1.57704e-110 1.29552 0.68283 1.29552 -0.68283 
2 2 0 0.622645 0.622645 12.6864 7.0859e-113 9.40544e-113 7.0859e-113 9.40544e-113 1.29651 0.700339 1.29651 -0.700339 
2 2 0 0.627645 0.627645 12.4355 1.51238e-117 1.33307e-117 1.51238e-117 1.33307e-117 1.29753 0.717735 1.29753 -0.717735 
2 2 0 0.632645 0.632645 12.1989 9.19366e-120 4.06916e-120 9.19366e-120 4.06916e-120 1.29859 0.735034 1.29859 -0.735034 
2 2 0 0.637645 0.637645 11.9752 1.31829e-124 9.57463e-126 1.31829e-124 9.57463e-126 1.29969 0.752252 1.29969 -0.752252 
2 2 0 0.642645 0.642645 11.7635 4.40765e-127 -3.90989e-127 4.40765e-127 -3.90989e-127 1.30083 0.769403 1.30083 -0.769403 
2 2 0 0.647645 0.647645 11.5626 2.12929e-132 -1.05573e-131 2.12929e-132 -1.05573e-131 1.302 0.7865 1.302 -0.7865 
2 2 0 0.652645 0.652645 11.3716 -2.95701e-134 -7.91128e-134 -2.95701e-134 -7.91128e-134 1.30322 0.803555 1.30322 -0.803555 
2 2 0 0.657645 0.657645 11.1899 -8.69487e-139 -1.24329e-138 -8.69487e-139 -1.24329e-138 1.30447 0.820579 1.30447 -0.820579 
2 2 0 0.662645 0.662645 11.0165 -7.08954e-141 -5.35031e-141 -7.08954e-141 -5.35031e-141 1.30576 0.837583 1.30576 -0.837583 
2 2 0 0.667645 0.667645 10.851 -1.15019e-145 -4.85173e-146 -1.15019e-145 -4.85173e-146 1.30709 0.854577 1.30709 -0.854577 
2 2 0 0.672645 0.672645 10.6927 -5.48588e-148 7.29455e-149 -5.48588e-148 7.29455e-149 1.30846 0.87157 1.30846 -0.87157 
2 2 0 0.677645 0.677645 10.5412 -5.813e-153 4.68776e-153 -5.813e-153 4.68776e-153 1.30986 0.888572 1.30986 -0.888572 
2 2 0 0.682645 0.682645 10.3959 -3.72189e-156 5.05866e-155 -3.72189e-156 5.05866e-155 1.3113 0.905591 1.3113 -0.905591 
2 2 0 0.687645 0.687645 10.2564 2.5515e-160 8.71907e-160 2.5515e-160 8.71907e-160 1.31278 0.922635 1.31278 -0.922635 
2 2 0 0.692645 0.692645 10.1225 3.87094e-162 4.77112e-162 3.87094e-162 4.77112e-162 1.31429 0.939712 1.31429 -0.939712 
2 2 0 0.697645 0.697645 9.99359 7.14264e-167 5.60452e-167 7.14264e-167 5.60452e-167 1.31585 0.956829 1.31585 -0.956829 
2 2 0 0.702645 0.702645 9.86953 4.45202e-169 1.14146e-169 4.45202e-169 1.14146e-169 1.31744 0.973994 1.31744 -0.973994 
2 2 0 0.707645 0.707645 9.74998 5.75833e-174 -5.99766e-175 5.75833e-174 -5.99766e-175 1.31906 0.991213 1.31906 -0.991213 
2 2 0 0.712645 0.712645 9.63467 1.87248e-176 -2.36247e-176 1.87248e-176 -2.36247e-176 1.32072 1.00849 1.32072 -1.00849 
2 2 0 0.717645 0.717645 9.52336 9.57339e-182 -4.65719e-181 9.57339e-182 -4.65719e-181 1.32242 1.02584 1.32242 -1.02584 
2 2 0 0.722645 0.722645 9.41582 -1.25675e-183 -3.26298e-183 -1.25675e-183 -3.26298e-183 1.32416 1.04326 1.32416 -1.04326 
2 2 0 0.727645 0.727645 9.31184 -3.05518e-188 -4.3491e-188 -3.05518e-188 -4.3491e-188 1.32593 1.06076 1.32593 -1.06076 
2 2 0 0.732645 0.732645 9.21123 -2.65389e-190 -1.65613e-190 -2.65389e-190 -1.65613e-190 1.32773 1.07835 1.32773 -1.07835 
2 2 0 0.737645 0.737645 9.11382 -3.85344e-195 -1.2109e-195 -3.85344e-195 -1.2109e-195 1.32957 1.09603 1.32957 -1.09603 
2 2 0 0.742645 0.742645 9.01943 -1.89132e-197 5.93822e-198 -1.89132e-197 5.93822e-198 1.33145 1.11381 1.33145 -1.11381 
2 2 0 0.747645 0.747645 8.92791 -1.92908e-202 1.72222e-202 -1.92908e-202 1.72222e-202 1.33336 1.13169 1.33336 -1.13169 
2 2 0 0.752645 0.752645 8.83913 -1.42692e-205 1.73699e-204 -1.42692e-205 1.73699e-204 1.3353 1.14968 1.3353 -1.14968 
2 2 0 0.757645 0.757645 8.75294 5.73647e-210 2.54435e-209 5.73647e-210 2.54435e-209 1.33729 1.16778 1.33729 -1.16778 
2 2 0 0.762645 0.762645 8.66922 1.12645e-211 1.35237e-211 1.12645e-211 1.35237e-211 1.3393 1.18601 1.3393 -1.18601 
2 2 0 0.767645 0.767645 8.58786 1.85192e-216 1.43105e-216 1.85192e-216 1.43105e-216 1.34135 1.20435 1.34135 -1.20435 
2 2 0 0.772645 0.772645 8.50875 1.25213e-218 2.09479e-219 1.25213e-218 2.09479e-219 1.34343 1.22283 1.34343 -1.22283 
2 2 0 0.777645 0.777645 8.43179 1.52672e-223 -2.03091e-224 1.52672e-223 -2.03091e-224 1.34555 1.24144 1.34555 -1.24144 
2 2 0 0.782645 0.782645 8.35688 5.48194e-226 -6.70812e-226 5.48194e-226 -6.70812e-226 1.3477 1.2602 1.3477 -1.2602 
2 2 0 0.787645 0.787645 8.28393 3.84794e-231 -1.10893e-230 3.84794e-231 -1.10893e-230 1.34988 1.2791 1.34988 -1.2791 
2 2 0 0.792645 0.792645 8.21285 -2.43406e-233 -8.04795e-233 -2.43406e-233 -8.04795e-233 1.3521 1.29815 1.3521 -1.29815 
2 2 0 0.797645 0.797645 8.14358 -5.60397e-238 -9.78828e-238 -5.60397e-238 -9.78828e-238 1.35435 1.31735 1.35435 -1.31735 
2 2 0 0.802645 0.802645 8.07603 -5.93699e-240 -3.79114e-240 -5.93699e-240 -3.79114e-240 1.35663 1.33672 1.35663 -1.33672 
2 2 0 0.807645 0.807645 8.01013 -8.0449e-245 -2.92822e-245 -8.0449e-245 -2.92822e-245 1.35895 1.35625 1.35895 -1.35625 
2 2 0 0.812645 0.812645 7.94582 -4.5089e-247 1.23317e-247 -4.5089e-247 1.23317e-247 1.36129 1.37595 1.36129 -1.37595 
2 2 0 0.817645 0.817645 7.88304 -4.74605e-252 3.01565e-252 -4.74605e-252 3.01565e-252 1.36367 1.39583 1.36367 -1.39583 
2 2 0 0.822645 0.822645 7.82172 -9.22538e-255 3.55099e-254 -9.22538e-255 3.55099e-254 1.36608 1.41589 1.36608 -1.41589 
2 2 0 0.827645 0.827645 7.76181 9.96648e-262 4.73793e-259 9.96648e-262 4.73793e-259 1.36852 1.43613 1.36852 -1.43613 
2 2 0 0.832645 0.832645 7.70325 1.79574e-261 2.77868e-261 1.79574e-261 2.77868e-261 1.37099 1.45657 1.37099 -1.45657 
2 2 0 0.837645 0.837645 7.646 2.80374e-266 2.91791e-266 2.80374e-266 2.91791e-266 1.37349 1.4772 1.37349 -1.4772 
2 2 0 0.842645 0.842645 7.59001 2.36179e-268 6.35506e-269 2.36179e-268 6.35506e-269 1.37603 1.49803 1.37603 -1.49803 
2 2 0 0.847645 0.847645 7.53523 2.81479e-273 1.35368e-274 2.81479e-273 1.35368e-274 1.37859 1.51907 1.37859 -1.51907 
2 2 0 0.852645 0.852645 7.48162 1.3205e-275 -1.00761e-275 1.3205e-275 -1.00761e-275 1.38118 1.54032 1.38118 -1.54032 
2 2 0 0.857645 0.857645 7.42914 1.22022e-280 -1.53933e-280 1.22022e-280 -1.53933e-280 1.3838 1.56178 1.3838 -1.56178 
2 2 0 0.862645 0.862645 7.37775 -4.58034e-284 -1.36728e-282 -4.58034e-284 -1.36728e-282 1.38645 1.58347 1.38645 -1.58347 
2 2 0 0.867645 0.867645 7.32741 -3.6932e-288 -1.59791e-287 -3.6932e-288 -1.59791e-287 1.38913 1.60538 1.38913 -1.60538 
2 2 0 0.872645 0.872645 7.27808 -8.04803e-290 -7.73965e-290 -8.04803e-290 -7.73965e-290 1.39183 1.62753 1.39183 -1.62753 
2 2 0 0.877645 0.877645 7.22974 -1.05276e-294 -7.17489e-295 -1.05276e-294 -7.17489e-295 1.39457 1.64991 1.39457 -1.64991 
2 2 0 0.882645 0.882645 7.18235 -7.81934e-297 1.06479e-298 -7.81934e-297 1.06479e-298 1.39733 1.67254 1.39733 -1.67254 
2 2 0 0.887645 0.887645 7.13588 -8.50514e-302 1.74507e-302 -8.50514e-302 1.74507e-302 1.40011 1.69541 1.40011 -1.69541 
2 2 0 0.892645 0.892645 7.0903 -3.3287e-304 4.44749e-304 -3.3287e-304 4.44749e-304 1.40293 1.71854 1.40293 -1.71854 
2 2 0 0.897645 0.897645 7.04558 -2.76473e-309 5.64157e-309 -2.76473e-309 5.64157e-309 1.40577 1.74193 1.40577 -1.74193 
2 2 0 0.902645 0.902645 7.0017 9.99258e-312 4.3384e-311 9.99258e-312 4.3384e-311 1.40863 1.76558 1.40863 -1.76558 
2 2 0 0.907645 0.907645 6.95863 1.82558e-316 4.62745e-316 1.82558e-316 4.62745e-316 1.41152 1.7895 1.41152 -1.7895 
2 2 0 0.912645 0.912645 6.91634 2.82636e-318 1.85076e-318 2.82636e-318 1.85076e-318 1.41444 1.8137 1.41444 -1.8137 
2 2 0 0.917645 0.917645 6.87482 3.45846e-323 1.4822e-323 3.45846e-323 1.4822e-323 1.41737 1.83818 1.41737 -1.83818 
2 2 0 0.922645 0.922645 6.83403 0 0 0 0 1.42034 1.86294 1.42034 -1.86294 
2 2 0 0.927645 0.927645 6.79396 4.94066e-324 -4.94066e-324 4.94066e-324 -4.94066e-324 1.42332 1.888 1.42332 -1.888 
2 2 0 0.932645 0.932645 6.75459 0 0 0 0 1.42633 1.91336 1.42633 -1.91336 
2 2 0 0.937645 0.937645 6.71589 0 0 0 0 1.42936 1.93903 1.42936 -1.93903 
2 2 0 0.942645 0.942645 6.67785 0 0 0 0 1.43241 1.96501 1.43241 -1.96501 
2 2 0 0.947645 0.947645 6.64046 0 0 0 0 1.43548 1.9913 1.43548 -1.9913 
2 2 0 0.952645 0.952645 6.60368 0 0 0 0 1.43857 2.01792 1.43857 -2.01792 
2 2 0 0.957645 0.957645 6.5675 0 0 0 0 1.44168 2.04487 1.44168 -2.04487 
2 2 0 0.962645 0.962645 6.53192 0 0 0 0 1.44481 2.07216 1.44481 -2.07216 
2 2 0 0.967645 0.967645 6.49691 0 0 0 0 1.44795 2.09979 1.44795 -2.09979 
2 2 0 0.972645 0.972645 6.46245 0 0 0 0 1.45112 2.12777 1.45112 -2.12777 
2 2 0 0.977645 0.977645 6.42854 0 0 0 0 1.4543 2.15611 1.4543 -2.15611 
2 2 0 0.982645 0.982645 6.39515 0 0 0 0 1.45749 2.18481 1.45749 -2.18481 
2 2 0 0.987645 0.987645 6.36228 0 0 0 0 1.4607 2.21388 1.4607 -2.21388 
2 2 0 0.992645 0.992645 6.32991 0 0 0 0 1.46393 2.24333 1.46393 -2.24333 
2 2 0 0.997645 0.997645 6.29803 0 0 0 0 1.46716 2.27317 1.46716 -2.27317 
2 2 0 1.00265 1.00265 6.26663 0 0 0 0 1.47041 2.3034 1.47041 -2.3034 
2 2 0 0.474643 0.474643 6.26663 7.2768e-08 1.15085e-07 7.2768e-08 1.15085e-07 1.47041 2.3034 1.47041 -2.3034 
2 2 0 0.474145 0.474145 6.26663 -4.38539e-09 -8.18891e-09 -4.38539e-09 -8.18891e-09 1.47041 2.3034 1.47041 -2.3034 
2 2 0 0.473641 0.473641 6.26663 -1.52693e-10 -2.41505e-10 -1.52693e-10 -2.41505e-10 1.5745 0 0.994748 0 
2 2 0 0.472641 0.472641 6.26663 7.254e-14 1.15719e-13 7.254e-14 1.15719e-13 1.57981 0 0.989528 0 
2 2 0 0.470641 0.470641 6.26663 6.46748e-16 1.06221e-15 6.46748e-16 1.06221e-15 1.59014 0 0.979402 0 
2 2 0 0.466641 0.466641 6.26663 -1.48299e-19 -2.53018e-19 -1.48299e-19 -2.53018e-19 1.6097 0 0.960269 0 
2 2 0 0.461641 0.461641 6.26663 -5.16455e-22 -9.21575e-22 -5.16455e-22 -9.21575e-22 1.63247 0 0.938131 0 
2 2 0 0.456641 0.456641 6.26663 6.90591e-26 1.28435e-25 6.90591e-26 1.28435e-25 1.65367 0 0.917634 0 
2 2 0 0.451641 0.451641 6.26663 1.95406e-28 3.77164e-28 1.95406e-28 3.77164e-28 1.67359 0 0.898513 0 
2 2 0 0.446641 0.446641 6.26663 -2.18431e-32 -4.3685e-32 -2.18431e-32 -4.3685e-32 1.69243 0 0.880569 0 
2 2 0 0.441641 0.441641 6.26663 -5.36663e-35 -1.11095e-34 -5.36663e-35 -1.11095e-34 1.71033 0 0.863647 0 
2 2 0 0.436641 0.436641 6.26663 5.25544e-39 1.12489e-38 5.25544e-39 1.12489e-38 1.72742 0 0.847624 0 
2 2 0 0.431641 0.431641 6.26663 1.16184e-41 2.56811e-41 1.16184e-41 2.56811e-41 1.7438 0 0.832403 0 
2 2 0 0.426641 0.426641 6.26663 -1.02535e-45 -2.33864e-45 -1.02535e-45 -2.33864e-45 1.75955 0 0.817901 0 
2 2 0 0.421641 0.421641 6.26663 -2.08116e-48 -4.89424e-48 -2.08116e-48 -4.89424e-48 1.77474 0 0.80405 0 
2 2 0 0.416641 0.416641 6.26663 1.68337e-52 4.07952e-52 1.68337e-52 4.07952e-52 1.78944 0 0.790792 0 
2 2 0 0.411641 0.411641 6.26663 3.17914e-55 7.93411e-55 3.17914e-55 7.93411e-55 1.80367 0 0.778078 0 
2 2 0 0.406641 0.406641 6.26663 -2.38484e-59 -6.12668e-59 -2.38484e-59 -6.12668e-59 1.81751 0 0.765864 0 
2 2 0 0.401641 0.401641 6.26663 -4.22956e-62 -1.11795e-61 -4.22956e-62 -1.11795e-61 1.83097 0 0.754114 0 
2 2 0 0.396641 0.396641 6.26663 2.96725e-66 8.06701e-66 2.96725e-66 8.06701e-66 1.84409 0 0.742794 0 
2 2 0 0.391641 0.391641 6.26663 4.97558e-69 1.39076e-68 4.97558e-69 1.39076e-68 1.85691 0 0.731875 0 
2 2 0 0.386641 0.386641 6.26663 -3.28523e-73 -9.43912e-73 -3.28523e-73 -9.43912e-73 1.86944 0 0.721331 0 
2 2 0 0.381641 0.381641 6.26663 -5.23514e-76 -1.54565e-75 -5.23514e-76 -1.54565e-75 1.88172 0 0.71114 0 
2 2 0 0.376641 0.376641 6.26663 3.26907e-80 9.91649e-80 3.26907e-80 9.91649e-80 1.89376 0 0.70128 0 
2 2 0 0.371641 0.371641 6.26663 4.97032e-83 1.54866e-82 4.97032e-83 1.54866e-82 1.90559 0 0.691733 0 
2 2 0 0.366641 0.366641 6.26663 -2.94667e-87 -9.42975e-87 -2.94667e-87 -9.42975e-87 1.91721 0 0.682481 0 
2 2 0 0.361641 0.361641 6.26663 -4.28792e-90 -1.40905e-89 -4.28792e-90 -1.40905e-89 1.92866 0 0.673509 0 
2 2 0 0.356641 0.356641 6.26663 2.42092e-94 8.16868e-94 2.42092e-94 8.16868e-94 1.93993 0 0.664802 0 
2 2 0 0.351641 0.351641 6.26663 3.38016e-97 1.17094e-96 3.38016e-97 1.17094e-96 1.95105 0 0.656347 0 
2 2 0 0.346641 0.346641 6.26663 -1.822e-101 -6.47989e-101 -1.822e-101 -6.47989e-101 1.96203 0 0.648132 0 
2 2 0 0.341641 0.341641 6.26663 -2.44578e-104 -8.92924e-104 -2.44578e-104 -8.92924e-104 1.97288 0 0.640147 0 
2 2 0 0.336641 0.336641 6.26663 1.26122e-108 4.72695e-108 1.26122e-108 4.72695e-108 1.98361 0 0.63238 0 
2 2 0 0.331641 0.331641 6.26663 1.63034e-111 6.27235e-111 1.63034e-111 6.27235e-111 1.99423 0 0.624823 0 
2 2 0 0.326641 0.326641 6.26663 -8.05641e-116 -3.18191e-115 -8.05641e-116 -3.18191e-115 2.00475 0 0.617465 0 
2 2 0 0.321641 0.321641 6.26663 -1.00418e-118 -4.07134e-118 -1.00418e-118 -4.07134e-118 2.01519 0 0.6103 0 
2 2 0 0.316641 0.316641 6.26663 4.76165e-123 1.98204e-122 4.76165e-123 1.98204e-122 2.02553 0 0.603319 0 
2 2 0 0.311641 0.311641 6.26663 5.72874e-126 2.44817e-125 5.72874e-126 2.44817e-125 2.03581 0 0.596514 0 
2 2 0 0.306641 0.306641 6.26663 -2.60959e-130 -1.1451e-129 -2.60959e-130 -1.1451e-129 2.04602 0 0.58988 0 
2 2 0 0.301641 0.301641 6.26663 -3.0329e-133 -1.36659e-132 -3.0329e-133 -1.36659e-132 2.05616 0 0.583409 0 
2 2 0 0.296641 0.296641 6.26663 1.32838e-137 6.14727e-137 1.32838e-137 6.14727e-137 2.06626 0 0.577095 0 
2 2 0 0.291641 0.291641 6.26663 1.49232e-140 7.09303e-140 1.49232e-140 7.09303e-140 2.07631 0 0.570934 0 
2 2 0 0.286641 0.286641 6.26663 -6.28895e-145 -3.07078e-144 -6.28895e-145 -3.07078e-144 2.08631 0 0.564919 0 
2 2 0 0.281641 0.281641 6.26663 -6.83215e-148 -3.42748e-147 -6.83215e-148 -3.42748e-147 2.09629 0 0.559046 0 
2 2 0 0.276641 0.276641 6.26663 2.77173e-152 1.42895e-151 2.77173e-152 1.42895e-151 2.10623 0 0.553309 0 
2 2 0 0.271641 0.271641 6.26663 2.91267e-155 1.54337e-154 2.91267e-155 1.54337e-154 2.11615 0 0.547704 0 
2 2 0 0.266641 0.266641 6.26663 -1.13793e-159 -6.19902e-159 -1.13793e-159 -6.19902e-159 2.12605 0 0.542228 0 
2 2 0 0.261641 0.261641 6.26663 -1.15684e-162 -6.4802e-162 -1.15684e-162 -6.4802e-162 2.13593 0 0.536875 0 
2 2 0 0.256641 0.256641 6.26663 4.35325e-167 2.50825e-166 4.35325e-167 2.50825e-166 2.14581 0 0.531641 0 
2 2 0 0.251641 0.251641 6.26663 4.28136e-170 2.5379e-169 4.28136e-170 2.5379e-169 2.15568 0 0.526524 0 
2 2 0 0.246641 0.246641 6.26663 -1.5519e-174 -9.46769e-174 -1.5519e-174 -9.46769e-174 2.16555 0 0.521519 0 
2 2 0 0.241641 0.241641 6.26663 -1.4763e-177 -9.27158e-177 -1.4763e-177 -9.27158e-177 2.17542 0 0.516624 0 
2 2 0 0.236641 0.236641 6.26663 5.15421e-182 3.33357e-181 5.15421e-182 3.33357e-181 2.1853 0 0.511835 0 
2 2 0 0.231641 0.231641 6.26663 4.74119e-185 3.15889e-184 4.74119e-185 3.15889e-184 2.19519 0 0.507148 0 
2 2 0 0.226641 0.226641 6.26663 -1.59396e-189 -1.0945e-188 -1.59396e-189 -1.0945e-188 2.20509 0 0.502562 0 
2 2 0 0.221641 0.221641 6.26663 -1.41718e-192 -1.00325e-191 -1.41718e-192 -1.00325e-191 2.21502 0 0.498072 0 
2 2 0 0.216641 0.216641 6.26663 4.58618e-197 3.3488e-196 4.58618e-197 3.3488e-196 2.22496 0 0.493678 0 
2 2 0 0.211641 0.211641 6.26663 3.93884e-200 2.96784e-199 3.93884e-200 2.96784e-199 2.23493 0 0.489375 0 
2 2 0 0.206641 0.206641 6.26663 -1.2263e-204 -9.53984e-204 -1.2263e-204 -9.53984e-204 2.24493 0 0.485161 0 
2 2 0 0.201641 0.201641 6.26663 -1.01662e-207 -8.16918e-207 -1.01662e-207 -8.16918e-207 2.25496 0 0.481035 0 
2 2 0 0.196641 0.196641 6.26663 3.04286e-212 2.52723e-211 3.04286e-212 2.52723e-211 2.26503 0 0.476993 0 
2 2 0 0.191641 0.191641 6.26663 2.43269e-215 2.08943e-214 2.43269e-215 2.08943e-214 2.27514 0 0.473035 0 
2 2 0 0.186641 0.186641 6.26663 -6.9939e-220 -6.21638e-219 -6.9939e-220 -6.21638e-219 2.28528 0 0.469156 0 
2 2 0 0.181641 0.181641 6.26663 -5.38622e-223 -4.95735e-222 -5.38622e-223 -4.95735e-222 2.29547 0 0.465356 0 
2 2 0 0.176641 0.176641 6.26663 1.48576e-227 1.4171e-226 1.48576e-227 1.4171e-226 2.30571 0 0.461633 0 
2 2 0 0.171641 0.171641 6.26663 1.10077e-230 1.08879e-229 1.10077e-230 1.08879e-229 2.316 0 0.457984 0 
2 2 0 0.166641 0.166641 6.26663 -2.90947e-235 -2.98704e-234 -2.90947e-235 -2.98704e-234 2.32634 0 0.454409 0 
2 2 0 0.161641 0.161641 6.26663 -2.0704e-238 -2.20811e-237 -2.0704e-238 -2.20811e-237 2.33674 0 0.450904 0 
2 2 0 0.156641 0.156641 6.26663 5.23515e-243 5.80594e-242 5.23515e-243 5.80594e-242 2.34719 0 0.447469 0 
2 2 0 0.151641 0.151641 6.26663 3.57147e-246 4.12272e-245 3.57147e-246 4.12272e-245 2.35771 0 0.444102 0 
2 2 0 0.146641 0.146641 6.26663 -8.62273e-251 -1.03723e-249 -8.62273e-251 -1.03723e-249 2.36829 0 0.440801 0 
2 2 0 0.141641 0.141641 6.26663 -5.62694e-254 -7.06132e-253 -5.62694e-254 -7.06132e-253 2.37894 0 0.437565 0 
2 2 0 0.136641 0.136641 6.26663 1.29416e-258 1.69654e-257 1.29416e-258 1.69654e-257 2.38965 0 0.434393 0 
2 2 0 0.131641 0.131641 6.26663 8.05696e-262 1.1048e-260 8.05696e-262 1.1048e-260 2.40044 0 0.431282 0 
2 2 0 0.126641 0.126641 6.26663 -1.76034e-266 -2.52883e-265 -1.76034e-266 -2.52883e-265 2.4113 0 0.428232 0 
2 2 0 0.121641 0.121641 6.26663 -1.0422e-269 -1.57097e-268 -1.0422e-269 -1.57097e-268 2.42224 0 0.425241 0 
2 2 0 0.116641 0.116641 6.26663 2.15583e-274 3.41607e-273 2.15583e-274 3.41607e-273 2.43325 0 0.422309 0 
2 2 0 0.111641 0.111641 6.26663 1.2091e-277 2.01785e-276 1.2091e-277 2.01785e-276 2.44435 0 0.419433 0 
2 2 0 0.106641 0.106641 6.26663 -2.35814e-282 -4.15402e-281 -2.35814e-282 -4.15402e-281 2.45553 0 0.416613 0 
2 2 0 0.101641 0.101641 6.26663 -1.24696e-285 -2.32395e-284 -1.24696e-285 -2.32395e-284 2.4668 0 0.413847 0 
2 2 0 0.0966414 0.0966414 6.26663 2.28119e-290 4.51004e-289 2.28119e-290 4.51004e-289 2.47815 0 0.411135 0 
2 2 0 0.0916414 0.0916414 6.26663 1.13062e-293 2.37805e-292 1.13062e-293 2.37805e-292 2.4896 0 0.408474 0 
2 2 0 0.0866414 0.0866414 6.26663 -1.92751e-298 -4.32758e-297 -1.92751e-298 -4.32758e-297 2.50114 0 0.405866 0 
2 2 0 0.0816414 0.0816414 6.26663 -8.88679e-302 -2.13756e-300 -8.88679e-302 -2.13756e-300 2.51278 0 0.403307 0 
2 2 0 0.0766414 0.0766414 6.26663 1.39999e-306 3.62314e-305 1.39999e-306 3.62314e-305 2.52451 0 0.400798 0 
2 2 0 0.0716414 0.0716414 6.26663 5.94538e-310 1.66339e-308 5.94538e-310 1.66339e-308 2.53634 0 0.398337 0 
2 2 0 0.0666414 0.0666414 6.26663 -8.5574e-315 -2.60303e-313 -8.5574e-315 -2.60303e-313 2.54828 0 0.395923 0 
2 2 0 0.0616414 0.0616414 6.26663 -3.30266e-318 -1.09935e-316 -3.30266e-318 -1.09935e-316 2.56032 0 0.393556 0 
2 2 0 0.0566414 0.0566414 6.26663 4.94066e-323 1.56619e-321 4.94066e-323 1.56619e-321 2.57247 0 0.391234 0 
2 2 0 0.0516414 0.0516414 6.26663 4.94066e-324 0 4.94066e-324 0 2.58472 0 0.388958 0 
2 2 0 0.0466414 0.0466414 6.26663 4.94066e-324 0 4.94066e-324 0 2.59709 0 0.386725 0 
2 2 0 0.0416414 0.0416414 6.26663 0 0 0 0 2.60958 0 0.384535 0 
2 2 0 0.0366414 0.0366414 6.26663 0 0 0 0 2.62217 0 0.382388 0 
2 2 0 0.0316414 0.0316414 6.26663 0 0 0 0 2.63489 0 0.380283 0 
2 2 0 0.0266414 0.0266414 6.26663 0 0 0 0 2.64773 0 0.378218 0 
2 2 0 0.0216414 0.0216414 6.26663 0 0 0 0 2.6607 0 0.376194 0 
2 2 0 0.0166414 0.0166414 6.26663 0 0 0 0 2.67378 0 0.374209 0 
2 2 0 0.0116414 0.0116414 6.26663 0 0 0 0 2.687 0 0.372263 0 
2 2 0 0.00664144 0.00664144 6.26663 0 0 0 0 2.70035 0 0.370355 0 
2 2 0 0.00164144 0.00164144 6.26663 0 0 0 0 2.71383 0 0.368485 0 
2 2 0 -0.00335856 -0.00335856 6.26663 0 0 0 0 2.72744 0 0.366652 0 
