3 -1 0 1 1 6.25 1 0.999731 -0.999756 -0.999687 0 0 0 0 
3 -1 0 0.999166 0.999166 6.29892 0.999058 0.999058 -0.999058 -0.999058 0.999711 0 0.00187647 0 
3 -1 0 0.989047 0.989047 6.49426 0.9887 0.988699 -0.9887 -0.988699 1 0 0.00200352 0 
3 -1 0 0.987907 0.987907 6.51676 0.987474 0.987522 -0.987473 -0.987522 0.999834 0 0.00201907 0 
3 -1 0 0.985635 0.985635 6.56193 0.985081 0.985128 -0.98508 -0.985128 0.9999 0 0.00204946 0 
3 -1 0 0.981123 0.981123 6.65287 0.980268 0.98031 -0.980265 -0.980308 0.999599 0 0.00211331 0 
3 -1 0 0.974366 0.974366 6.79225 0.972904 0.972942 -0.972897 -0.972937 1 0 0.00221212 0 
3 -1 0 0.967702 0.967702 6.93353 0.96546 0.965479 -0.965446 -0.965468 1 0 0.00231805 0 
3 -1 0 0.961131 0.961131 7.07672 0.957941 0.957931 -0.957916 -0.957912 1 0 0.00243019 0 
3 -1 0 0.95465 0.95465 7.22184 0.950354 0.950307 -0.950314 -0.950275 1 0 0.00254888 0 
3 -1 0 0.948257 0.948257 7.36889 0.9427 0.942599 -0.94264 -0.942551 1 0 0.00267446 0 
3 -1 0 0.94195 0.94195 7.5179 0.934985 0.934816 -0.934901 -0.934748 1 0 0.00280731 0 
3 -1 0 0.935727 0.935727 7.66889 0.927217 0.926977 -0.9271 -0.92688 1 0 0.0029478 0 
3 -1 0 0.929586 0.929586 7.82188 0.919393 0.919051 -0.91924 -0.918924 1 0 0.00309636 0 
3 -1 0 0.923525 0.923525 7.97691 0.91152 0.911058 -0.911325 -0.910896 1 0 0.0032534 0 
3 -1 0 0.917541 0.917541 8.13401 0.903611 0.903058 -0.903423 -0.902826 1 0 0.00341938 0 
3 -1 0 0.911632 0.911632 8.29321 0.895651 0.894939 -0.895406 -0.894658 1 0 0.00359477 0 
3 -1 0 0.905796 0.905796 8.45455 0.887654 0.886762 -0.887343 -0.886424 1 0 0.00378006 0 
3 -1 0 0.900031 0.900031 8.61807 0.879628 0.878489 -0.879279 -0.878091 1 0 0.00397579 0 
3 -1 0 0.894335 0.894335 8.78383 0.871565 0.870199 -0.871137 -0.869731 1 0 0.00418248 0 
3 -1 0 0.888705 0.888705 8.95187 0.863473 0.861857 -0.86296 -0.86131 1 0 0.00440073 0 
3 -1 0 0.883139 0.883139 9.12225 0.855361 0.853411 -0.854708 -0.852769 1 0 0.00463113 0 
3 -1 0 0.877635 0.877635 9.29503 0.84722 0.844971 -0.846468 -0.844245 1 0 0.0048743 0 
3 -1 0 0.87219 0.87219 9.47027 0.839059 0.836485 -0.838202 -0.835668 1 0 0.00513089 0 
3 -1 0 0.866804 0.866804 9.64805 0.830888 0.828041 -0.829898 -0.827078 1 0 0.0054016 0 
3 -1 0 0.861472 0.861472 9.82845 0.822693 0.819473 -0.821584 -0.818389 1 0 0.00568713 0 
3 -1 0 0.856194 0.856194 10.0115 0.814485 0.810867 -0.813249 -0.809651 1 0 0.00598822 0 
3 -1 0 0.850967 0.850967 10.1974 0.80627 0.802242 -0.804934 -0.800926 1 0 0.00630563 0 
3 -1 0 0.845789 0.845789 10.3862 0.798042 0.793577 -0.796564 -0.79211 1 0 0.00664017 0 
3 -1 0 0.840657 0.840657 10.578 0.789806 0.78488 -0.78818 -0.783254 1 0 0.00699265 0 
3 -1 0 0.83557 0.83557 10.7728 0.781569 0.776118 -0.779778 -0.774335 1 0 0.00736391 0 
3 -1 0 0.830526 0.830526 10.9709 0.773325 0.767369 -0.771375 -0.765405 1 0 0.00775483 0 
3 -1 0 0.825522 0.825522 11.1724 0.765079 0.758596 -0.762964 -0.75644 1 0 0.00816628 0 
3 -1 0 0.820557 0.820557 11.3773 0.756836 0.749799 -0.754514 -0.747365 1 0 0.00859919 0 
3 -1 0 0.815628 0.815628 11.586 0.748593 0.740965 -0.746087 -0.738326 1 0 0.00905445 0 
3 -1 0 0.810733 0.810733 11.7985 0.740355 0.732112 -0.737659 -0.729278 1 0 0.009533 0 
3 -1 0 0.80587 0.80587 12.015 0.732123 0.723244 -0.729253 -0.720232 1 0 0.0100358 0 
3 -1 0 0.801036 0.801036 12.2357 0.723899 0.714358 -0.720831 -0.711107 1 0 0.0105636 0 
3 -1 0 0.796231 0.796231 12.461 0.715686 0.705458 -0.712414 -0.701959 1 0 0.0111175 0 
3 -1 0 0.79145 0.79145 12.6909 0.707481 0.696629 -0.704031 -0.692737 1 0 0.0116983 0 
3 -1 0 0.786693 0.786693 12.9258 0.699293 0.687721 -0.695658 -0.683589 1 0 0.0123067 0 
3 -1 0 0.781957 0.781957 13.1661 0.691123 0.678807 -0.687299 -0.674437 1 0 0.0129436 0 
3 -1 0 0.777239 0.777239 13.4119 0.683013 0.66996 -0.678957 -0.665322 1 0 0.0136096 0 
3 -1 0 0.772537 0.772537 13.6638 0.674926 0.661075 -0.670615 -0.656111 1 0 0.0143051 0 
3 -1 0 0.76785 0.76785 13.922 0.666865 0.652193 -0.662295 -0.646891 1 0 0.0150308 0 
3 -1 0 0.763173 0.763173 14.1872 0.658833 0.643245 -0.654002 -0.63774 1 0 0.0157866 0 
3 -1 0 0.758506 0.758506 14.4597 0.650837 0.634417 -0.645738 -0.628551 1 0 0.0165727 0 
3 -1 0 0.753844 0.753844 14.7401 0.642878 0.625601 -0.637545 -0.619364 1 0 0.0173886 0 
3 -1 0 0.749185 0.749185 15.0292 0.634961 0.616806 -0.629411 -0.610184 1 0 0.0182337 0 
3 -1 0 0.744528 0.744528 15.3275 0.627089 0.608008 -0.621279 -0.601011 1 0 0.019107 0 
3 -1 0 0.739867 0.739867 15.636 0.61927 0.599233 -0.613193 -0.591849 1 0 0.0200067 0 
3 -1 0 0.735202 0.735202 15.9556 0.611526 0.59056 -0.605137 -0.582775 1 0 0.0209305 0 
3 -1 0 0.730528 0.730528 16.2873 0.603904 0.581886 -0.597175 -0.573682 1 0 0.0218755 0 
3 -1 0 0.725842 0.725842 16.6323 0.596358 0.573251 -0.589318 -0.564614 1 0 0.0228375 0 
3 -1 0 0.72114 0.72114 16.9921 0.588899 0.564684 -0.581544 -0.55566 0.999999 0 0.0238114 0 
3 -1 0 0.716421 0.716421 17.3681 0.581539 0.556233 -0.573831 -0.546737 0.999999 0 0.0247907 0 
3 -1 0 0.71168 0.71168 17.7624 0.57429 0.547887 -0.566213 -0.537858 0.999999 0 0.0257672 0 
3 -1 0 0.706913 0.706913 18.1768 0.567185 0.539607 -0.558758 -0.529019 0.999999 0 0.0267306 0 
3 -1 0 0.702119 0.702119 18.6141 0.560313 0.531402 -0.551403 -0.520372 0.999999 0 0.0276686 0 
3 -1 0 0.697293 0.697293 19.0769 0.553615 0.523382 -0.544189 -0.511799 0.999998 0 0.028566 0 
3 -1 0 0.692434 0.692434 19.5688 0.547118 0.515535 -0.537246 -0.503317 0.999998 0 0.0294043 0 
3 -1 0 0.687541 0.687541 20.0935 0.540855 0.507788 -0.530436 -0.494957 0.999997 0 0.0301616 0 
3 -1 0 0.682613 0.682613 20.6556 0.534941 0.500381 -0.523886 -0.486879 0.999996 0 0.030812 0 
3 -1 0 0.677653 0.677653 21.2604 0.5294 0.493104 -0.517678 -0.478952 0.999995 0 0.0313252 0 
3 -1 0 0.672666 0.672666 21.9139 0.52424 0.486242 -0.511743 -0.471225 0.999994 0 0.0316674 0 
3 -1 0 0.66766 0.66766 22.6227 0.519519 0.479632 -0.506152 -0.463841 0.999993 0 0.0318009 0 
3 -1 0 0.66265 0.66265 23.3946 0.515398 0.473423 -0.501085 -0.456749 0.99999 0 0.0316872 0 
3 -1 0 0.657655 0.657655 24.2376 0.511964 0.467771 -0.496418 -0.450067 0.999988 0 0.031288 0 
3 -1 0 0.652703 0.652703 25.1601 0.509202 0.462542 -0.492359 -0.443772 0.999985 0 0.0305717 0 
3 -1 0 0.647828 0.647828 26.1704 0.50724 0.457979 -0.488883 -0.437979 0.999982 0 0.0295177 0 
3 -1 0 0.643069 0.643069 27.2764 0.506105 0.453972 -0.486041 -0.432785 0.999979 0 0.028123 0 
3 -1 0 0.638468 0.638468 28.4851 0.505826 0.450706 -0.483785 -0.428098 0.999977 0 0.0264062 0 
3 -1 0 0.634063 0.634063 29.803 0.506606 0.44809 -0.48217 -0.423918 0.999976 0 0.0244079 0 
3 -1 0 0.629889 0.629889 31.2357 0.508162 0.446159 -0.481135 -0.420388 0.999976 0 0.0221939 0 
3 -1 0 0.625969 0.625969 32.7886 0.510529 0.444835 -0.480633 -0.417341 0.999976 0 0.0198397 0 
3 -1 0 0.62232 0.62232 34.4677 0.513667 0.444032 -0.48051 -0.414746 0.999976 0 0.0174289 0 
3 -1 0 0.618948 0.618948 36.2787 0.51749 0.443804 -0.480686 -0.412541 0.999977 0 0.0150422 0 
3 -1 0 0.615854 0.615854 38.2273 0.521849 0.443991 -0.48104 -0.410654 0.999978 0 0.0127527 0 
3 -1 0 0.613034 0.613034 40.3184 0.52668 0.444474 -0.481624 -0.409155 0.99998 0 0.0106217 0 
3 -1 0 0.610481 0.610481 42.5541 0.531838 0.445273 -0.482208 -0.407805 0.999981 0 0.00869468 0 
3 -1 0 0.608186 0.608186 44.9329 0.537175 0.446289 -0.482725 -0.406623 0.999984 0 0.00700067 0 
3 -1 0 0.60614 0.60614 47.4478 0.5426 0.447442 -0.483189 -0.405652 0.999989 0 0.00555242 0 
3 -1 0 0.60433 0.60433 50.0856 0.547935 0.448692 -0.483514 -0.404783 0.999992 0 0.00434551 0 
3 -1 0 0.602742 0.602742 52.8267 0.553201 0.449969 -0.483652 -0.403927 0.999998 0 0.00336534 0 
3 -1 0 0.60136 0.60136 55.6472 0.558182 0.451221 -0.483697 -0.403236 1 0 0.00258614 0 
3 -1 0 0.600163 0.600163 58.5212 0.562826 0.452418 -0.483646 -0.402583 1.00001 0 0.00197788 0 
3 -1 0 0.599133 0.599133 61.4237 0.567163 0.453536 -0.483422 -0.401921 1.00001 0 0.00150976 0 
3 -1 0 0.598246 0.598246 64.3333 0.571117 0.454549 -0.48311 -0.401414 1.00001 0 0.00115262 0 
3 -1 0 0.597484 0.597484 67.233 0.574706 0.455496 -0.482776 -0.400892 1.00001 0 0.000881997 0 
3 -1 0 0.596829 0.596829 70.1109 0.577938 0.45635 -0.482386 -0.400362 1.00001 0 0.000677193 0 
3 -1 0 0.596262 0.596262 72.9594 0.580851 0.457077 -0.481959 -0.399939 1.00002 0 0.000522492 0 
3 -1 0 0.595772 0.595772 75.7745 0.58349 0.457782 -0.481518 -0.399567 1.00001 0 0.000404565 0 
3 -1 0 0.595345 0.595345 78.5548 0.585858 0.45841 -0.481059 -0.399209 1.00001 0 0.000314627 0 
3 -1 0 0.594971 0.594971 81.301 0.587931 0.458979 -0.480674 -0.398849 1.00001 0 0.000245745 0 
3 -1 0 0.594643 0.594643 84.0151 0.58983 0.459477 -0.48015 -0.398525 1.00001 0 0.000192659 0 
3 -1 0 0.594354 0.594354 86.7 0.591575 0.459928 -0.479863 -0.398231 1.00001 0 0.000151575 0 
3 -1 0 0.594097 0.594097 89.3592 0.59314 0.460321 -0.479486 -0.39801 1 0 0.000119626 0 
3 -1 0 0.593869 0.593869 91.9965 0.594524 0.460693 -0.479082 -0.397768 1 0 9.46647e-05 0 
3 -1 0 0.593665 0.593665 94.6158 0.595776 0.461027 -0.4788 -0.397544 1 0 7.50795e-05 0 
3 -1 0 0.593481 0.593481 97.2211 0.596991 0.461334 -0.478474 -0.397337 1 0 5.9662e-05 0 
3 -1 0 0.593316 0.593316 99.8163 0.598054 0.461609 -0.478163 -0.397138 1 0 4.74624e-05 0 
3 -1 0 0.593167 0.593167 102.405 0.599013 0.461863 -0.477914 -0.396944 1 0 3.77889e-05 0 
3 -1 0 0.593032 0.593032 104.992 0.599808 0.462095 -0.477644 -0.396815 0.999999 0 3.01055e-05 0 
3 -1 0 0.592909 0.592909 107.58 0.600617 0.462306 -0.477401 -0.396644 0.999999 0 2.3984e-05 0 
3 -1 0 0.592796 0.592796 110.173 0.601366 0.462497 -0.477202 -0.396465 0.999998 0 1.91007e-05 0 
3 -1 0 0.592694 0.592694 112.775 0.602147 0.462678 -0.476952 -0.39636 0.999998 0 1.51929e-05 0 
3 -1 0 0.5926 0.5926 115.388 0.602736 0.462841 -0.47683 -0.396288 0.999998 0 1.20742e-05 0 
3 -1 0 0.592513 0.592513 118.017 0.603345 0.46299 -0.476564 -0.396206 0.999997 0 9.58039e-06 0 
3 -1 0 0.592434 0.592434 120.664 0.603871 0.463122 -0.476445 -0.396069 0.999997 0 7.59856e-06 0 
3 -1 0 0.59236 0.59236 123.333 0.604329 0.463244 -0.476346 -0.396016 0.999997 0 6.00577e-06 0 
3 -1 0 0.592292 0.592292 126.026 0.604829 0.463351 -0.476132 -0.395941 0.999997 0 4.73363e-06 0 
3 -1 0 0.592229 0.592229 128.747 0.60532 0.463458 -0.476102 -0.395835 0.999996 0 3.71346e-06 0 
3 -1 0 0.592171 0.592171 131.499 0.605725 0.463578 -0.475866 -0.395795 0.999996 0 2.90445e-06 0 
3 -1 0 0.592117 0.592117 134.284 0.606104 0.463689 -0.475883 -0.395722 0.999996 0 2.26099e-06 0 
3 -1 0 0.592067 0.592067 137.106 0.606382 0.463794 -0.475746 -0.395636 0.999996 0 1.70601e-06 0 
3 -1 0 0.59202 0.59202 139.968 0.606632 0.463876 -0.475688 -0.395616 0.999996 0 1.29862e-06 0 
3 -1 0 0.591976 0.591976 142.873 0.607058 0.463947 -0.475499 -0.395552 0.999995 0 9.75856e-07 0 
3 -1 0 0.591935 0.591935 145.824 0.607265 0.46402 -0.475302 -0.395504 0.999995 0 7.24831e-07 0 
3 -1 0 0.591897 0.591897 148.823 0.607545 0.464097 -0.47543 -0.395387 0.999995 0 5.2339e-07 0 
3 -1 0 0.591861 0.591861 151.873 0.607814 0.464167 -0.47533 -0.395385 0.999995 0 3.64149e-07 0 
3 -1 0 0.591827 0.591827 154.979 0.608151 0.464229 -0.475264 -0.395368 0.999994 0 2.6825e-07 0 
3 -1 0 0.591796 0.591796 158.143 0.60836 0.46429 -0.475279 -0.395235 0.999994 0 1.70433e-07 0 
3 -1 0 0.591766 0.591766 161.367 0.608584 0.464342 -0.475063 -0.395294 0.999994 0 9.34051e-08 0 
3 -1 0 0.591739 0.591739 164.656 0.60867 0.464381 -0.475164 -0.395267 0.999994 0 2.28987e-08 0 
3 -1 0 0.591712 0.591712 168.013 0.608864 0.464416 -0.475105 -0.395267 0.999993 0 -2.61304e-08 0 
3 -1 0 0.591688 0.591688 171.441 0.609044 0.464441 -0.474998 -0.395192 0.999993 0 -6.5812e-08 0 
3 -1 0 0.591665 0.591665 174.943 0.609166 0.464476 -0.475031 -0.395188 0.999993 0 -1.82263e-07 0 
3 -1 0 0.591643 0.591643 178.524 0.60936 0.464533 -0.4749 -0.39519 0.999993 0 -2.12387e-07 0 
3 -1 0 0.591622 0.591622 182.186 0.60957 0.464587 -0.474937 -0.395109 0.999993 0 -2.39462e-07 0 
3 -1 0 0.591603 0.591603 185.935 0.609765 0.464583 -0.474913 -0.395145 0.999992 0 -2.37539e-07 0 
3 -1 0 0.591585 0.591585 189.773 0.609878 0.464636 -0.474825 -0.395105 0.999992 0 -2.59654e-07 0 
3 -1 0 0.591567 0.591567 193.704 0.610021 0.464686 -0.474894 -0.394967 0.999992 0 -2.82294e-07 0 
3 -1 0 0.591551 0.591551 197.734 0.610089 0.464685 -0.474712 -0.395038 0.999991 0 -3.27193e-07 0 
3 -1 0 0.591536 0.591536 201.867 0.610231 0.464697 -0.474829 -0.394981 0.999991 0 -3.49326e-07 0 
3 -1 0 0.591521 0.591521 206.107 0.610354 0.464745 -0.474762 -0.395054 0.99999 0 -3.73954e-07 0 
3 -1 0 0.591507 0.591507 210.458 0.61041 0.464818 -0.474799 -0.395042 0.999989 0 -1.61874e-07 0 
3 -1 0 0.591494 0.591494 214.927 0.610518 0.464832 -0.474675 -0.394935 0.999989 0 -1.72063e-07 0 
3 -1 0 0.591482 0.591482 219.518 0.610616 0.464838 -0.474709 -0.39497 0.999989 0 -1.83397e-07 0 
3 -1 0 0.59147 0.59147 224.237 0.610658 0.464847 -0.474687 -0.394981 0.999988 0 -2.02373e-07 0 
3 -1 0 0.591459 0.591459 229.088 0.610731 0.464852 -0.474727 -0.394878 0.999988 0 -2.15353e-07 0 
3 -1 0 0.591448 0.591448 234.08 0.610793 0.46485 -0.474414 -0.394975 0.999987 0 -2.2849e-07 0 
3 -1 0 0.591438 0.591438 239.217 0.610891 0.464933 -0.474607 -0.394938 0.999987 0 -2.76015e-07 0 
3 -1 0 0.591429 0.591429 244.506 0.610967 0.464956 -0.474596 -0.394965 0.999986 0 -2.92869e-07 0 
3 -1 0 0.59142 0.59142 249.954 0.611043 0.464979 -0.474554 -0.394859 0.999985 0 -3.08709e-07 0 
3 -1 0 0.591411 0.591411 255.569 0.611109 0.465004 -0.474636 -0.394822 0.999984 0 -2.7353e-07 0 
3 -1 0 0.591403 0.591403 261.358 0.611215 0.465019 -0.474602 -0.394904 0.999984 0 -2.88067e-07 0 
3 -1 0 0.591395 0.591395 267.328 0.61128 0.465033 -0.474455 -0.394929 0.999983 0 -3.02896e-07 0 
3 -1 0 0.591388 0.591388 273.49 0.611262 0.46505 -0.474622 -0.394904 0.999982 0 -2.66506e-07 0 
3 -1 0 0.591381 0.591381 279.85 0.611236 0.465063 -0.47451 -0.394774 0.999981 0 -2.8041e-07 0 
3 -1 0 0.591375 0.591375 286.42 0.611343 0.465076 -0.474499 -0.3949 0.999981 0 -2.95653e-07 0 
3 -1 0 0.591368 0.591368 293.208 0.611401 0.465064 -0.474576 -0.394894 0.99998 0 -2.82395e-07 0 
3 -1 0 0.591363 0.591363 300.226 0.611388 0.465077 -0.474381 -0.394732 0.999979 0 -2.97167e-07 0 
3 -1 0 0.591357 0.591357 307.484 0.61139 0.465088 -0.474534 -0.394877 0.999978 0 -3.13761e-07 0 
3 -1 0 0.591352 0.591352 314.995 0.611585 0.465027 -0.474422 -0.394791 0.999976 0 -3.10063e-07 0 
3 -1 0 0.591347 0.591347 322.77 0.611622 0.465049 -0.47456 -0.394885 0.999975 0 -3.26728e-07 0 
3 -1 0 0.591342 0.591342 330.822 0.611539 0.465073 -0.474459 -0.394801 0.999974 0 -3.44924e-07 0 
3 -1 0 0.591337 0.591337 339.167 0.611687 0.465143 -0.474416 -0.394816 0.999973 0 -3.52441e-07 0 
3 -1 0 0.591333 0.591333 347.819 0.611733 0.465149 -0.474536 -0.394868 0.999971 0 -3.71497e-07 0 
3 -1 0 0.591329 0.591329 356.793 0.611638 0.465156 -0.474492 -0.39472 0.99997 0 -3.91952e-07 0 
3 -1 0 0.591325 0.591325 366.106 0.611773 0.465156 -0.47445 -0.394705 0.999968 0 -4.16783e-07 0 
3 -1 0 0.591321 0.591321 375.777 0.611673 0.46515 -0.474527 -0.394842 0.999967 0 -4.39117e-07 0 
3 -1 0 0.591318 0.591318 385.824 0.611813 0.465144 -0.474431 -0.39482 0.999965 0 -4.62676e-07 0 
3 -1 0 0.591314 0.591314 396.269 0.611877 0.465147 -0.474393 -0.394702 0.999963 0 -5.10747e-07 0 
3 -1 0 0.591311 0.591311 407.132 0.611894 0.465173 -0.474504 -0.39483 0.999961 0 -5.35647e-07 0 
3 -1 0 0.591308 0.591308 418.436 0.611871 0.465195 -0.474475 -0.394808 0.999959 0 -5.64535e-07 0 
3 -1 0 0.591305 0.591305 430.208 0.611827 0.465127 -0.474461 -0.394808 0.999957 0 -6.69109e-07 0 
3 -1 0 0.591303 0.591303 442.472 0.61192 0.465168 -0.474498 -0.39475 0.999955 0 -7.05696e-07 0 
3 -1 0 0.5913 0.5913 455.259 0.611956 0.465196 -0.474308 -0.394838 0.999953 0 -7.41781e-07 0 
3 -1 0 0.591298 0.591298 468.598 0.611912 0.465112 -0.474326 -0.394837 0.99995 0 -7.34545e-07 0 
3 -1 0 0.591295 0.591295 482.523 0.611875 0.465165 -0.474308 -0.394702 0.999947 0 -7.75702e-07 0 
3 -1 0 0.591293 0.591293 497.068 0.612035 0.465201 -0.474486 -0.39479 0.999944 0 -8.18492e-07 0 
3 -1 0 0.591291 0.591291 512.272 0.611998 0.465193 -0.474356 -0.394668 0.999941 0 -8.29776e-07 0 
3 -1 0 0.591289 0.591289 528.175 0.612031 0.465232 -0.474209 -0.394817 0.999937 0 -8.7733e-07 0 
3 -1 0 0.591287 0.591287 544.823 0.612026 0.465238 -0.474379 -0.394745 0.999933 0 -9.24684e-07 0 
3 -1 0 0.591286 0.591286 562.262 0.612086 0.465217 -0.474198 -0.394817 0.99993 0 -9.60921e-07 0 
3 -1 0 0.591284 0.591284 580.545 0.611918 0.465134 -0.474328 -0.394634 0.999925 0 -1.01851e-06 0 
3 -1 0 0.591282 0.591282 599.727 0.612112 0.465218 -0.474448 -0.394821 0.99992 0 -1.07462e-06 0 
3 -1 0 0.591281 0.591281 619.869 0.611964 0.465219 -0.474246 -0.394801 0.999916 0 -1.13712e-06 0 
3 -1 0 0.59128 0.59128 641.037 0.612135 0.465255 -0.474227 -0.394684 0.99991 0 -1.20636e-06 0 
3 -1 0 0.591278 0.591278 663.302 0.612017 0.465215 -0.474361 -0.394816 0.999904 0 -1.20892e-06 0 
3 -1 0 0.591277 0.591277 686.743 0.612118 0.465209 -0.474432 -0.394738 0.999898 0 -1.31519e-06 0 
3 -1 0 0.591276 0.591276 711.444 0.61214 0.465166 -0.474375 -0.394769 0.999891 0 -1.39388e-06 0 
3 -1 0 0.591275 0.591275 737.499 0.61217 0.46525 -0.473969 -0.394757 0.999884 0 -1.4674e-06 0 
3 -1 0 0.591274 0.591274 765.009 0.61212 0.465265 -0.474456 -0.394757 0.999876 0 -1.61125e-06 0 
3 -1 0 0.591273 0.591273 794.085 0.612055 0.465169 -0.474459 -0.394738 0.999867 0 -1.70265e-06 0 
3 -1 0 0.591272 0.591272 824.85 0.612088 0.465249 -0.47428 -0.39477 0.999858 0 -1.79942e-06 0 
3 -1 0 0.591271 0.591271 857.438 0.612115 0.465217 -0.474253 -0.39464 0.999848 0 -1.98664e-06 0 
3 -1 0 0.59127 0.59127 891.999 0.61206 0.465262 -0.474282 -0.394808 0.999836 0 -2.09976e-06 0 
3 -1 0 0.59127 0.59127 928.694 0.612075 0.465218 -0.47445 -0.39459 0.999824 0 -2.21646e-06 0 
3 -1 0 0.591269 0.591269 967.707 0.612195 0.465232 -0.474412 -0.394786 0.999811 0 -2.45539e-06 0 
3 -1 0 0.591268 0.591268 1009.24 0.612159 0.465266 -0.47445 -0.394658 0.999796 0 -2.5911e-06 0 
3 -1 0 0.591268 0.591268 1053.51 0.612154 0.465178 -0.474338 -0.394786 0.99978 0 -2.73984e-06 0 
3 -1 0 0.591267 0.591267 1100.77 0.612213 0.465233 -0.474394 -0.394807 0.999762 0 -3.06391e-06 0 
3 -1 0 0.591267 0.591267 1151.3 0.612229 0.465255 -0.474384 -0.394619 1 0 7.76315e-11 0 
3 -1 0 0.591266 0.591266 1205.41 0.612231 0.46524 -0.474449 -0.394788 1 0 2.94443e-09 0 
3 -1 0 0.591266 0.591266 1263.45 0.612102 0.465277 -0.474371 -0.394613 1 0 6.82364e-10 0 
3 -1 0 0.591265 0.591265 1325.81 0.612197 0.46524 -0.474315 -0.394804 1 0 -1.03048e-09 0 
3 -1 0 0.591265 0.591265 1392.94 0.612059 0.465198 -0.474047 -0.39447 1 0 -3.51903e-09 0 
3 -1 0 0.591265 0.591265 1465.34 0.612214 0.465268 -0.474428 -0.394621 1 0 -1.46047e-11 0 
3 -1 0 0.591264 0.591264 1543.59 0.612212 0.46521 -0.474412 -0.394754 1 0 4.26296e-09 0 
3 -1 0 0.591264 0.591264 1628.34 0.612146 0.465164 -0.474373 -0.394775 0.999999 0 -6.86984e-09 0 
3 -1 0 0.591264 0.591264 1720.33 0.612243 0.465248 -0.47443 -0.394631 1 0 -2.75817e-09 0 
3 -1 0 0.591264 0.591264 1820.44 0.612126 0.465234 -0.474443 -0.394714 1 0 2.48066e-09 0 
3 -1 0 0.591263 0.591263 1929.66 0.612248 0.465259 -0.474392 -0.394796 0.999999 0 -1.03815e-08 0 
3 -1 0 0.591263 0.591263 2049.14 0.612056 0.46523 -0.474442 -0.394801 1 0 -3.60614e-09 0 
3 -1 0 0.591263 0.591263 2180.24 0.61225 0.46519 -0.474442 -0.394697 0.999999 0 -1.06547e-08 0 
3 -1 0 0.591263 0.591263 2324.52 0.612214 0.465227 -0.474429 -0.394551 1 0 -3.31424e-09 0 
3 -1 0 0.591263 0.591263 2483.87 0.612261 0.465263 -0.474124 -0.394511 1 0 -2.01195e-09 0 
3 -1 0 0.591263 0.591263 2660.48 0.612237 0.465171 -0.474073 -0.394759 0.999997 0 -1.59528e-08 0 
3 -1 0 0.591262 0.591262 2857.01 0.612212 0.465132 -0.474363 -0.394768 0.999995 0 -2.55912e-08 0 
3 -1 0 0.591262 0.591262 3076.62 0.612265 0.46528 -0.474219 -0.39463 0.999997 0 -1.24271e-08 0 
3 -1 0 0.591262 0.591262 3323.18 0.61223 0.465179 -0.47445 -0.394464 0.999995 0 -2.1207e-08 0 
3 -1 0 0.591262 0.591262 3601.39 0.611978 0.465274 -0.474169 -0.394689 0.999993 0 -2.84902e-08 0 
3 -1 0 0.591262 0.591262 3917.08 0.612216 0.465261 -0.473916 -0.39464 0.99999 0 -3.40949e-08 0 
3 -1 0 0.591262 0.591262 4277.51 0.612169 0.465144 -0.47444 -0.394675 0.999982 0 -5.71613e-08 0 
3 -1 0 0.591262 0.591262 4691.88 0.612084 0.465287 -0.47414 -0.394795 0.999985 0 -4.52335e-08 0 
3 -1 0 0.591262 0.591262 5171.93 0.612085 0.465201 -0.473966 -0.394699 0.999973 0 -6.59065e-08 0 
3 -1 0 0.591262 0.591262 5732.96 0.612216 0.465284 -0.474261 -0.394617 0.99996 0 -8.74763e-08 0 
3 -1 0 0.591262 0.591262 6395.22 0.612254 0.465216 -0.473747 -0.394803 0.999935 0 -1.29174e-07 0 
3 -1 0 0.591262 0.591262 7186.07 0.612141 0.465233 -0.473925 -0.394717 0.999908 0 -1.50512e-07 0 
3 -1 0 0.591262 0.591262 8143.43 0.612243 0.465175 -0.474144 -0.394794 0.999859 0 -2.04438e-07 0 
3 -1 0 0.591262 0.591262 9321.41 0.61217 0.465198 -0.474186 -0.394787 0.999726 0 -3.48615e-07 0 
3 -1 0 0.591262 0.591262 10800.3 0.612266 0.465261 -0.474403 -0.394791 0.999592 0 -4.21167e-07 0 
3 -1 0 0.591262 0.591262 12704.9 0.612267 0.465214 -0.474396 -0.394225 0.99923 0 -6.83109e-07 0 
3 -1 0 0.591262 0.591262 15242.6 0.612206 0.465279 -0.474454 -0.39449 0.998414 0 -1.18763e-06 0 
3 -1 0 0.591262 0.591262 18791.8 0.612269 0.46528 -0.474359 -0.394737 0.995355 0 -2.92462e-06 0 
3 -1 0 0.591262 0.591262 24158 0.611961 0.465242 -0.474437 -0.394448 0.981801 0 -9.43921e-06 0 
