1 1 0 0 0 0 1 0 1 0 1.15387 0 1.20742 0 
1 1 0 0.000894227 0.000894227 0 0.999552 7.99999e-07 0.999552 7.99999e-07 0.136063 0 0.368209 0 
1 1 0 0.00178805 0.00178805 0 0.999104 3.19998e-06 0.999104 3.19998e-06 0.136793 0 0.368538 0 
1 1 0 0.00357448 0.00357448 0 0.998205 1.27997e-05 0.998205 1.27997e-05 0.13826 0 0.369197 0 
1 1 0 0.0071424 0.0071424 0 0.996397 5.11958e-05 0.996397 5.11958e-05 0.141225 0 0.370516 0 
1 1 0 0.0115927 0.0115927 0 0.994119 0.000135169 0.994119 0.000135169 0.144986 0 0.372169 0 
1 1 0 0.016032 0.016032 0 0.991821 0.000259077 0.991821 0.000259077 0.148809 0 0.373826 0 
1 1 0 0.0204597 0.0204597 0 0.989504 0.000422861 0.989504 0.000422861 0.152691 0 0.375485 0 
1 1 0 0.0248755 0.0248755 0 0.987167 0.000626439 0.987167 0.000626439 0.156633 0 0.377148 0 
1 1 0 0.0292789 0.0292789 0 0.98481 0.00086971 0.98481 0.00086971 0.160635 0 0.378814 0 
1 1 0 0.0336696 0.0336696 0 0.982434 0.00115256 0.982434 0.00115256 0.164694 0 0.380484 0 
1 1 0 0.038047 0.038047 0 0.980039 0.00147484 0.980039 0.00147484 0.168811 0 0.382156 0 
1 1 0 0.0424109 0.0424109 0 0.977625 0.0018364 0.977625 0.0018364 0.172984 0 0.383831 0 
1 1 0 0.0467608 0.0467608 0 0.975192 0.00223705 0.975192 0.00223705 0.177213 0 0.385509 0 
1 1 0 0.0510963 0.0510963 0 0.97274 0.00267662 0.97274 0.00267662 0.181497 0 0.387189 0 
1 1 0 0.0554171 0.0554171 0 0.970269 0.00315487 0.970269 0.00315487 0.185834 0 0.388872 0 
1 1 0 0.0597228 0.0597228 0 0.96778 0.00367159 0.96778 0.00367159 0.190224 0 0.390557 0 
1 1 0 0.0640129 0.0640129 0 0.965273 0.00422651 0.965273 0.00422651 0.194665 0 0.392245 0 
1 1 0 0.0682873 0.0682873 0 0.962747 0.00481937 0.962747 0.00481937 0.199157 0 0.393934 0 
1 1 0 0.0725454 0.0725454 0 0.960202 0.0054499 0.960202 0.0054499 0.203697 0 0.395626 0 
1 1 0 0.0767871 0.0767871 0 0.95764 0.00611779 0.95764 0.00611779 0.208286 0 0.397318 0 
1 1 0 0.0810118 0.0810118 0 0.95506 0.00682272 0.95506 0.00682272 0.212922 0 0.399013 0 
1 1 0 0.0852194 0.0852194 0 0.952463 0.00756436 0.952463 0.00756436 0.217604 0 0.400708 0 
1 1 0 0.0894095 0.0894095 0 0.949847 0.00834237 0.949847 0.00834237 0.222329 0 0.402404 0 
1 1 0 0.0935819 0.0935819 0 0.947215 0.00915639 0.947215 0.00915639 0.227099 0 0.404101 0 
1 1 0 0.0977361 0.0977361 0 0.944565 0.010006 0.944565 0.010006 0.23191 0 0.405798 0 
1 1 0 0.101872 0.101872 0 0.941898 0.010891 0.941898 0.010891 0.236762 0 0.407496 0 
1 1 0 0.105989 0.105989 0 0.939213 0.0118107 0.939213 0.0118107 0.241653 0 0.409192 0 
1 1 0 0.110087 0.110087 0 0.936513 0.0127649 0.936513 0.0127649 0.246583 0 0.410888 0 
1 1 0 0.114167 0.114167 0 0.933795 0.0137531 0.933795 0.0137531 0.251551 0 0.412583 0 
1 1 0 0.118226 0.118226 0 0.931061 0.0147749 0.931061 0.0147749 0.256554 0 0.414276 0 
1 1 0 0.122267 0.122267 0 0.92831 0.0158298 0.92831 0.0158298 0.261593 0 0.415967 0 
1 1 0 0.126287 0.126287 0 0.925543 0.0169174 0.925543 0.0169174 0.266666 0 0.417655 0 
1 1 0 0.130287 0.130287 0 0.92276 0.0180372 0.92276 0.0180372 0.271771 0 0.41934 0 
1 1 0 0.134267 0.134267 0 0.919961 0.0191888 0.919961 0.0191888 0.276909 0 0.42102 0 
1 1 0 0.138227 0.138227 0 0.917146 0.0203716 0.917146 0.0203716 0.282079 0 0.422695 0 
1 1 0 0.142166 0.142166 0 0.914315 0.0215852 0.914315 0.0215852 0.287279 0 0.424365 0 
1 1 0 0.146084 0.146084 0 0.911468 0.0228291 0.911468 0.0228291 0.292509 0 0.426027 0 
1 1 0 0.149981 0.149981 0 0.908606 0.0241028 0.908606 0.0241028 0.297769 0 0.427682 0 
1 1 0 0.153857 0.153857 0 0.905729 0.0254057 0.905729 0.0254057 0.303058 0 0.429327 0 
1 1 0 0.157712 0.157712 0 0.902836 0.0267374 0.902836 0.0267374 0.308376 0 0.430961 0 
1 1 0 0.161545 0.161545 0 0.899928 0.0280973 0.899928 0.0280973 0.313724 0 0.432583 0 
1 1 0 0.165357 0.165357 0 0.897004 0.0294849 0.897004 0.0294849 0.319101 0 0.43419 0 
1 1 0 0.169147 0.169147 0 0.894066 0.0308996 0.894066 0.0308996 0.324509 0 0.435781 0 
1 1 0 0.172915 0.172915 0 0.891112 0.032341 0.891112 0.032341 0.329948 0 0.437353 0 
1 1 0 0.176662 0.176662 0 0.888144 0.0338085 0.888144 0.0338085 0.33542 0 0.438902 0 
1 1 0 0.180387 0.180387 0 0.885161 0.0353015 0.885161 0.0353015 0.340927 0 0.440427 0 
1 1 0 0.184089 0.184089 0 0.882163 0.0368196 0.882163 0.0368196 0.346471 0 0.441922 0 
1 1 0 0.187769 0.187769 0 0.87915 0.038362 0.87915 0.038362 0.352056 0 0.443384 0 
1 1 0 0.191428 0.191428 0 0.876122 0.0399284 0.876122 0.0399284 0.357686 0 0.444805 0 
1 1 0 0.195063 0.195063 0 0.87308 0.0415181 0.87308 0.0415181 0.363367 0 0.44618 0 
1 1 0 0.198677 0.198677 0 0.870023 0.0431305 0.870023 0.0431305 0.369106 0 0.447499 0 
1 1 0 0.202268 0.202268 0 0.866952 0.0447652 0.866952 0.0447652 0.374913 0 0.448751 0 
1 1 0 0.205837 0.205837 0 0.863866 0.0464214 0.863866 0.0464214 0.380801 0 0.449923 0 
1 1 0 0.209383 0.209383 0 0.860766 0.0480988 0.860766 0.0480988 0.386788 0 0.450995 0 
1 1 0 0.212906 0.212906 0 0.857651 0.0497966 0.857651 0.0497966 0.392899 0 0.451942 0 
1 1 0 0.216407 0.216407 0 0.854521 0.0515143 0.854521 0.0515143 0.399169 0 0.452725 0 
1 1 0 0.219886 0.219886 0 0.851377 0.0532514 0.851377 0.0532514 0.405657 0 0.453287 0 
1 1 0 0.223341 0.223341 0 0.848219 0.0550072 0.848219 0.0550072 0.412457 0 0.453532 0 
1 1 0 0.226774 0.226774 0 0.845045 0.0567812 0.845045 0.0567812 0.419754 0 0.453273 0 
1 1 0 0.230184 0.230184 0 0.841858 0.0585727 0.841858 0.0585727 0.428016 0 0.452042 0 
1 1 0 0.233572 0.233572 0 0.838655 0.0603812 0.838655 0.0603812 0.440073 0 0.447009 0 
1 1 0 0.236937 0.236937 260.756 0.835438 0.0622062 0.835438 0.0622062 0.447048 0.0107742 0.447048 -0.0107742 
1 1 0 0.240279 0.240279 182.76 0.832207 0.0640469 0.832207 0.0640469 0.45055 0.0154958 0.45055 -0.0154958 
1 1 0 0.243598 0.243598 150.407 0.82896 0.0659028 0.82896 0.0659028 0.454047 0.0189786 0.454047 -0.0189786 
1 1 0 0.246894 0.246894 131.811 0.825699 0.0677733 0.825699 0.0677733 0.457539 0.0218266 0.457539 -0.0218266 
1 1 0 0.250168 0.250168 119.479 0.822423 0.0696579 0.822423 0.0696579 0.461024 0.0242668 0.461024 -0.0242668 
1 1 0 0.253419 0.253419 110.609 0.819132 0.0715558 0.819132 0.0715558 0.464503 0.0264147 0.464503 -0.0264147 
1 1 0 0.256646 0.256646 103.884 0.815825 0.0734665 0.815825 0.0734665 0.467976 0.028339 0.467976 -0.028339 
1 1 0 0.259852 0.259852 98.5939 0.812504 0.0753893 0.812504 0.0753893 0.471441 0.0300847 0.471441 -0.0300847 
1 1 0 0.263034 0.263034 94.3173 0.809168 0.0773237 0.809168 0.0773237 0.4749 0.0316835 0.4749 -0.0316835 
1 1 0 0.266193 0.266193 90.787 0.805816 0.079269 0.805816 0.079269 0.478351 0.0331586 0.478351 -0.0331586 
1 1 0 0.26933 0.26933 87.8242 0.802449 0.0812247 0.802449 0.0812247 0.481794 0.0345278 0.481794 -0.0345278 
1 1 0 0.272444 0.272444 85.304 0.799066 0.08319 0.799066 0.08319 0.485229 0.035805 0.485229 -0.035805 
1 1 0 0.275535 0.275535 83.1362 0.795668 0.0851643 0.795668 0.0851643 0.488656 0.0370016 0.488656 -0.0370016 
1 1 0 0.278603 0.278603 81.2541 0.792254 0.087147 0.792254 0.087147 0.492075 0.0381271 0.492075 -0.0381271 
1 1 0 0.281649 0.281649 79.6066 0.788824 0.0891375 0.788824 0.0891375 0.495486 0.0391891 0.495486 -0.0391891 
1 1 0 0.284671 0.284671 78.1546 0.785378 0.091135 0.785378 0.091135 0.498888 0.0401944 0.498888 -0.0401944 
1 1 0 0.287671 0.287671 76.8667 0.781916 0.0931391 0.781916 0.0931391 0.502281 0.0411488 0.502281 -0.0411488 
1 1 0 0.290648 0.290648 75.7183 0.778438 0.0951489 0.778438 0.0951489 0.505665 0.0420572 0.505665 -0.0420572 
1 1 0 0.293603 0.293603 74.6889 0.774943 0.0971638 0.774943 0.0971638 0.509041 0.0429242 0.509041 -0.0429242 
1 1 0 0.296534 0.296534 73.7621 0.771432 0.0991832 0.771432 0.0991832 0.512407 0.0437536 0.512407 -0.0437536 
1 1 0 0.299443 0.299443 72.9241 0.767904 0.101206 0.767904 0.101206 0.515764 0.0445489 0.515764 -0.0445489 
1 1 0 0.302329 0.302329 72.1632 0.764359 0.103233 0.764359 0.103233 0.519113 0.0453133 0.519113 -0.0453133 
1 1 0 0.305192 0.305192 71.4697 0.760797 0.105261 0.760797 0.105261 0.522452 0.0460495 0.522452 -0.0460495 
1 1 0 0.308032 0.308032 70.8353 0.757218 0.107292 0.757218 0.107292 0.525782 0.0467602 0.525782 -0.0467602 
1 1 0 0.31085 0.31085 70.253 0.753621 0.109323 0.753621 0.109323 0.529103 0.0474477 0.529103 -0.0474477 
1 1 0 0.313645 0.313645 69.7165 0.750007 0.111355 0.750007 0.111355 0.532414 0.0481141 0.532414 -0.0481141 
1 1 0 0.316417 0.316417 69.2206 0.746376 0.113386 0.746376 0.113386 0.535717 0.0487612 0.535717 -0.0487612 
1 1 0 0.319167 0.319167 68.7607 0.742726 0.115417 0.742726 0.115417 0.53901 0.049391 0.53901 -0.049391 
1 1 0 0.321893 0.321893 68.3327 0.739058 0.117445 0.739058 0.117445 0.542294 0.0500049 0.542294 -0.0500049 
1 1 0 0.324597 0.324597 67.9332 0.735372 0.119471 0.735372 0.119471 0.545569 0.0506044 0.545569 -0.0506044 
1 1 0 0.327278 0.327278 67.5591 0.731668 0.121493 0.731668 0.121493 0.548836 0.051191 0.548836 -0.051191 
1 1 0 0.329937 0.329937 67.2075 0.727945 0.123512 0.727945 0.123512 0.552093 0.0517657 0.552093 -0.0517657 
1 1 0 0.332572 0.332572 66.8763 0.724204 0.125526 0.724204 0.125526 0.555342 0.0523297 0.555342 -0.0523297 
1 1 0 0.335185 0.335185 66.5632 0.720443 0.127534 0.720443 0.127534 0.558582 0.0528841 0.558582 -0.0528841 
1 1 0 0.337775 0.337775 66.2665 0.716664 0.129535 0.716664 0.129535 0.561813 0.0534296 0.561813 -0.0534296 
1 1 0 0.340343 0.340343 65.9845 0.712865 0.13153 0.712865 0.13153 0.565036 0.0539672 0.565036 -0.0539672 
1 1 0 0.342887 0.342887 65.7158 0.709047 0.133517 0.709047 0.133517 0.568251 0.0544975 0.568251 -0.0544975 
1 1 0 0.345409 0.345409 65.4592 0.705209 0.135495 0.705209 0.135495 0.571457 0.0550212 0.571457 -0.0550212 
1 1 0 0.347908 0.347908 65.2135 0.701352 0.137464 0.701352 0.137464 0.574656 0.0555388 0.574656 -0.0555388 
1 1 0 0.350385 0.350385 64.9779 0.697474 0.139422 0.697474 0.139422 0.577846 0.0560509 0.577846 -0.0560509 
1 1 0 0.352838 0.352838 64.7515 0.693577 0.141369 0.693577 0.141369 0.581029 0.0565579 0.581029 -0.0565579 
1 1 0 0.355269 0.355269 64.5337 0.68966 0.143305 0.68966 0.143305 0.584204 0.0570602 0.584204 -0.0570602 
1 1 0 0.357677 0.357677 64.3237 0.685722 0.145227 0.685722 0.145227 0.587371 0.057558 0.587371 -0.057558 
1 1 0 0.360062 0.360062 64.1213 0.681764 0.147137 0.681764 0.147137 0.590531 0.0580515 0.590531 -0.0580515 
1 1 0 0.362425 0.362425 63.9258 0.677785 0.149032 0.677785 0.149032 0.593684 0.0585411 0.593684 -0.0585411 
1 1 0 0.364764 0.364764 63.7371 0.673786 0.150911 0.673786 0.150911 0.59683 0.0590267 0.59683 -0.0590267 
1 1 0 0.367081 0.367081 63.5547 0.669766 0.152775 0.669766 0.152775 0.599969 0.0595085 0.599969 -0.0595085 
1 1 0 0.369375 0.369375 63.3785 0.665725 0.154622 0.665725 0.154622 0.603101 0.0599866 0.603101 -0.0599866 
1 1 0 0.371647 0.371647 63.2084 0.661664 0.156451 0.661664 0.156451 0.606227 0.0604608 0.606227 -0.0604608 
1 1 0 0.373895 0.373895 63.0442 0.657581 0.158262 0.657581 0.158262 0.609347 0.0609313 0.609347 -0.0609313 
1 1 0 0.37612 0.37612 62.8859 0.653477 0.160053 0.653477 0.160053 0.61246 0.0613978 0.61246 -0.0613978 
1 1 0 0.378323 0.378323 62.7334 0.649353 0.161824 0.649353 0.161824 0.615567 0.0618603 0.615567 -0.0618603 
1 1 0 0.380503 0.380503 62.5868 0.645207 0.163574 0.645207 0.163574 0.618669 0.0623187 0.618669 -0.0623187 
1 1 0 0.38266 0.38266 62.446 0.64104 0.165302 0.64104 0.165302 0.621764 0.0627726 0.621764 -0.0627726 
1 1 0 0.384794 0.384794 62.3112 0.636852 0.167007 0.636852 0.167007 0.624855 0.063222 0.624855 -0.063222 
1 1 0 0.386905 0.386905 62.1825 0.632643 0.168689 0.632643 0.168689 0.627939 0.0636665 0.627939 -0.0636665 
1 1 0 0.388994 0.388994 62.0599 0.628413 0.170346 0.628413 0.170346 0.631019 0.064106 0.631019 -0.064106 
1 1 0 0.391059 0.391059 61.9436 0.624162 0.171978 0.624162 0.171978 0.634094 0.0645401 0.634094 -0.0645401 
1 1 0 0.393102 0.393102 61.8337 0.61989 0.173584 0.61989 0.173584 0.637163 0.0649686 0.637163 -0.0649686 
1 1 0 0.395122 0.395122 61.7305 0.615597 0.175162 0.615597 0.175162 0.640228 0.065391 0.640228 -0.065391 
1 1 0 0.397119 0.397119 61.634 0.611283 0.176713 0.611283 0.176713 0.643288 0.0658072 0.643288 -0.0658072 
1 1 0 0.399093 0.399093 61.5444 0.606948 0.178235 0.606948 0.178235 0.646344 0.0662167 0.646344 -0.0662167 
1 1 0 0.401045 0.401045 61.4619 0.602593 0.179727 0.602593 0.179727 0.649395 0.0666191 0.649395 -0.0666191 
1 1 0 0.402973 0.402973 61.3868 0.598218 0.181189 0.598218 0.181189 0.652442 0.0670142 0.652442 -0.0670142 
1 1 0 0.404879 0.404879 61.3192 0.593822 0.18262 0.593822 0.18262 0.655484 0.0674015 0.655484 -0.0674015 
1 1 0 0.406761 0.406761 61.2593 0.589406 0.184019 0.589406 0.184019 0.658523 0.0677806 0.658523 -0.0677806 
1 1 0 0.408622 0.408622 61.2072 0.58497 0.185385 0.58497 0.185385 0.661557 0.0681513 0.661557 -0.0681513 
1 1 0 0.410459 0.410459 61.1634 0.580515 0.186717 0.580515 0.186717 0.664588 0.0685129 0.664588 -0.0685129 
1 1 0 0.412273 0.412273 61.1278 0.57604 0.188015 0.57604 0.188015 0.667615 0.0688653 0.667615 -0.0688653 
1 1 0 0.414065 0.414065 61.1008 0.571546 0.189278 0.571546 0.189278 0.670638 0.0692079 0.670638 -0.0692079 
1 1 0 0.415834 0.415834 61.0825 0.567033 0.190505 0.567033 0.190505 0.673658 0.0695405 0.673658 -0.0695405 
1 1 0 0.41758 0.41758 61.0732 0.562501 0.191696 0.562501 0.191696 0.676674 0.0698625 0.676674 -0.0698625 
1 1 0 0.419304 0.419304 61.0731 0.557951 0.192849 0.557951 0.192849 0.679686 0.0701737 0.679686 -0.0701737 
1 1 0 0.421005 0.421005 61.0823 0.553383 0.193964 0.553383 0.193964 0.682695 0.0704736 0.682695 -0.0704736 
1 1 0 0.422683 0.422683 61.1011 0.548798 0.19504 0.548798 0.19504 0.6857 0.0707619 0.6857 -0.0707619 
1 1 0 0.424339 0.424339 61.1297 0.544195 0.196077 0.544195 0.196077 0.688702 0.0710382 0.688702 -0.0710382 
1 1 0 0.425973 0.425973 61.1683 0.539575 0.197073 0.539575 0.197073 0.691701 0.0713021 0.691701 -0.0713021 
1 1 0 0.427584 0.427584 61.2172 0.534939 0.198029 0.534939 0.198029 0.694696 0.0715533 0.694696 -0.0715533 
1 1 0 0.429172 0.429172 61.2764 0.530287 0.198943 0.530287 0.198943 0.697687 0.0717915 0.697687 -0.0717915 
1 1 0 0.430739 0.430739 61.3464 0.525619 0.199816 0.525619 0.199816 0.700675 0.0720162 0.700675 -0.0720162 
1 1 0 0.432283 0.432283 61.4271 0.520936 0.200645 0.520936 0.200645 0.70366 0.0722272 0.70366 -0.0722272 
1 1 0 0.433804 0.433804 61.5189 0.516238 0.201432 0.516238 0.201432 0.706641 0.0724242 0.706641 -0.0724242 
1 1 0 0.435304 0.435304 61.622 0.511527 0.202174 0.511527 0.202174 0.709619 0.0726069 0.709619 -0.0726069 
1 1 0 0.436781 0.436781 61.7366 0.506801 0.202873 0.506801 0.202873 0.712593 0.0727749 0.712593 -0.0727749 
1 1 0 0.438237 0.438237 61.8629 0.502062 0.203527 0.502062 0.203527 0.715563 0.072928 0.715563 -0.072928 
1 1 0 0.439671 0.439671 62.0011 0.497311 0.204135 0.497311 0.204135 0.71853 0.073066 0.71853 -0.073066 
1 1 0 0.441082 0.441082 62.1515 0.492547 0.204698 0.492547 0.204698 0.721493 0.0731886 0.721493 -0.0731886 
1 1 0 0.442472 0.442472 62.3143 0.487772 0.205215 0.487772 0.205215 0.724452 0.0732955 0.724452 -0.0732955 
1 1 0 0.443841 0.443841 62.4897 0.482985 0.205685 0.482985 0.205685 0.727408 0.0733865 0.727408 -0.0733865 
1 1 0 0.445188 0.445188 62.6779 0.478188 0.206109 0.478188 0.206109 0.730359 0.0734615 0.730359 -0.0734615 
1 1 0 0.446513 0.446513 62.8793 0.473382 0.206485 0.473382 0.206485 0.733306 0.0735202 0.733306 -0.0735202 
1 1 0 0.447818 0.447818 63.094 0.468566 0.206813 0.468566 0.206813 0.736249 0.0735624 0.736249 -0.0735624 
1 1 0 0.449101 0.449101 63.3223 0.463741 0.207094 0.463741 0.207094 0.739188 0.073588 0.739188 -0.073588 
1 1 0 0.450362 0.450362 63.5644 0.458908 0.207326 0.458908 0.207326 0.742123 0.0735968 0.742123 -0.0735968 
1 1 0 0.451603 0.451603 63.8207 0.454068 0.20751 0.454068 0.20751 0.745053 0.0735888 0.745053 -0.0735888 
1 1 0 0.452824 0.452824 64.0914 0.449221 0.207646 0.449221 0.207646 0.747978 0.0735637 0.747978 -0.0735637 
1 1 0 0.454023 0.454023 64.3767 0.444367 0.207732 0.444367 0.207732 0.750898 0.0735214 0.750898 -0.0735214 
1 1 0 0.455202 0.455202 64.6771 0.439508 0.20777 0.439508 0.20777 0.753814 0.073462 0.753814 -0.073462 
1 1 0 0.456361 0.456361 64.9928 0.434644 0.207758 0.434644 0.207758 0.756725 0.0733852 0.756725 -0.0733852 
1 1 0 0.457499 0.457499 65.3241 0.429775 0.207697 0.429775 0.207697 0.75963 0.0732911 0.75963 -0.0732911 
1 1 0 0.458617 0.458617 65.6713 0.424903 0.207586 0.424903 0.207586 0.76253 0.0731795 0.76253 -0.0731795 
1 1 0 0.459715 0.459715 66.0348 0.420027 0.207426 0.420027 0.207426 0.765425 0.0730504 0.765425 -0.0730504 
1 1 0 0.460794 0.460794 66.415 0.415149 0.207217 0.415149 0.207217 0.768314 0.0729039 0.768314 -0.0729039 
1 1 0 0.461853 0.461853 66.8122 0.410269 0.206958 0.410269 0.206958 0.771197 0.0727399 0.771197 -0.0727399 
1 1 0 0.462892 0.462892 67.2268 0.405388 0.206649 0.405388 0.206649 0.774075 0.0725583 0.774075 -0.0725583 
1 1 0 0.463912 0.463912 67.6592 0.400506 0.206291 0.400506 0.206291 0.776946 0.0723593 0.776946 -0.0723593 
1 1 0 0.464913 0.464913 68.1099 0.395624 0.205883 0.395624 0.205883 0.779811 0.0721428 0.779811 -0.0721428 
1 1 0 0.465895 0.465895 68.5793 0.390742 0.205426 0.390742 0.205426 0.78267 0.0719089 0.78267 -0.0719089 
1 1 0 0.466858 0.466858 69.0679 0.385862 0.204919 0.385862 0.204919 0.785522 0.0716577 0.785522 -0.0716577 
1 1 0 0.467803 0.467803 69.576 0.380983 0.204363 0.380983 0.204363 0.788368 0.0713891 0.788368 -0.0713891 
1 1 0 0.468729 0.468729 70.1044 0.376107 0.203758 0.376107 0.203758 0.791206 0.0711032 0.791206 -0.0711032 
1 1 0 0.469637 0.469637 70.6534 0.371233 0.203104 0.371233 0.203104 0.794038 0.0708002 0.794038 -0.0708002 
1 1 0 0.470527 0.470527 71.2237 0.366363 0.202401 0.366363 0.202401 0.796862 0.0704802 0.796862 -0.0704802 
1 1 0 0.471399 0.471399 71.8159 0.361497 0.201649 0.361497 0.201649 0.799679 0.0701431 0.799679 -0.0701431 
1 1 0 0.472253 0.472253 72.4305 0.356636 0.200849 0.356636 0.200849 0.802489 0.0697892 0.802489 -0.0697892 
1 1 0 0.47309 0.47309 73.0683 0.35178 0.200001 0.35178 0.200001 0.805291 0.0694186 0.805291 -0.0694186 
1 1 0 0.473909 0.473909 73.7299 0.346929 0.199104 0.346929 0.199104 0.808085 0.0690313 0.808085 -0.0690313 
1 1 0 0.474712 0.474712 74.416 0.342085 0.19816 0.342085 0.19816 0.810871 0.0686276 0.810871 -0.0686276 
1 1 0 0.475498 0.475498 75.1275 0.337247 0.197168 0.337247 0.197168 0.813649 0.0682076 0.813649 -0.0682076 
1 1 0 0.476267 0.476267 75.865 0.332417 0.196129 0.332417 0.196129 0.816419 0.0677713 0.816419 -0.0677713 
1 1 0 0.477019 0.477019 76.6296 0.327595 0.195043 0.327595 0.195043 0.81918 0.067319 0.81918 -0.067319 
1 1 0 0.477755 0.477755 77.4219 0.32278 0.19391 0.32278 0.19391 0.821933 0.0668509 0.821933 -0.0668509 
1 1 0 0.478475 0.478475 78.2431 0.317975 0.192731 0.317975 0.192731 0.824677 0.0663671 0.824677 -0.0663671 
1 1 0 0.47918 0.47918 79.0941 0.313178 0.191506 0.313178 0.191506 0.827412 0.0658677 0.827412 -0.0658677 
1 1 0 0.479868 0.479868 79.976 0.308391 0.190236 0.308391 0.190236 0.830138 0.065353 0.830138 -0.065353 
1 1 0 0.480541 0.480541 80.8898 0.303615 0.18892 0.303615 0.18892 0.832855 0.0648232 0.832855 -0.0648232 
1 1 0 0.481199 0.481199 81.8368 0.298848 0.187559 0.298848 0.187559 0.835563 0.0642784 0.835563 -0.0642784 
1 1 0 0.481842 0.481842 82.8182 0.294093 0.186153 0.294093 0.186153 0.838261 0.0637188 0.838261 -0.0637188 
1 1 0 0.48247 0.48247 83.8354 0.289349 0.184703 0.289349 0.184703 0.84095 0.0631447 0.84095 -0.0631447 
1 1 0 0.483083 0.483083 84.8897 0.284617 0.18321 0.284617 0.18321 0.843629 0.0625562 0.843629 -0.0625562 
1 1 0 0.483682 0.483682 85.9827 0.279896 0.181672 0.279896 0.181672 0.846298 0.0619536 0.846298 -0.0619536 
1 1 0 0.484266 0.484266 87.1159 0.275189 0.180092 0.275189 0.180092 0.848958 0.061337 0.848958 -0.061337 
1 1 0 0.484837 0.484837 88.291 0.270494 0.178469 0.270494 0.178469 0.851607 0.0607067 0.851607 -0.0607067 
1 1 0 0.485393 0.485393 89.5099 0.265812 0.176804 0.265812 0.176804 0.854246 0.0600628 0.854246 -0.0600628 
1 1 0 0.485936 0.485936 90.7745 0.261143 0.175098 0.261143 0.175098 0.856875 0.0594057 0.856875 -0.0594057 
1 1 0 0.486465 0.486465 92.0867 0.256489 0.173349 0.256489 0.173349 0.859494 0.0587355 0.859494 -0.0587355 
1 1 0 0.486981 0.486981 93.4488 0.251848 0.17156 0.251848 0.17156 0.862102 0.0580524 0.862102 -0.0580524 
1 1 0 0.487484 0.487484 94.863 0.247222 0.16973 0.247222 0.16973 0.864699 0.0573566 0.864699 -0.0573566 
1 1 0 0.487974 0.487974 96.332 0.242611 0.16786 0.242611 0.16786 0.867286 0.0566484 0.867286 -0.0566484 
1 1 0 0.488452 0.488452 97.8583 0.238014 0.165951 0.238014 0.165951 0.869862 0.0559281 0.869862 -0.0559281 
1 1 0 0.488917 0.488917 99.4447 0.233433 0.164002 0.233433 0.164002 0.872427 0.0551957 0.872427 -0.0551957 
1 1 0 0.489369 0.489369 101.094 0.228867 0.162014 0.228867 0.162014 0.874981 0.0544517 0.874981 -0.0544517 
1 1 0 0.48981 0.48981 102.811 0.224317 0.159988 0.224317 0.159988 0.877524 0.0536961 0.877524 -0.0536961 
1 1 0 0.490238 0.490238 104.597 0.219783 0.157924 0.219783 0.157924 0.880056 0.0529292 0.880056 -0.0529292 
1 1 0 0.490655 0.490655 106.457 0.215265 0.155823 0.215265 0.155823 0.882577 0.0521512 0.882577 -0.0521512 
1 1 0 0.49106 0.49106 108.394 0.210763 0.153684 0.210763 0.153684 0.885086 0.0513624 0.885086 -0.0513624 
1 1 0 0.491453 0.491453 110.415 0.206278 0.151509 0.206278 0.151509 0.887584 0.0505629 0.887584 -0.0505629 
1 1 0 0.491836 0.491836 112.522 0.20181 0.149298 0.20181 0.149298 0.890071 0.0497531 0.890071 -0.0497531 
1 1 0 0.492207 0.492207 114.721 0.197359 0.147051 0.197359 0.147051 0.892546 0.0489331 0.892546 -0.0489331 
1 1 0 0.492568 0.492568 117.018 0.192924 0.144768 0.192924 0.144768 0.89501 0.0481031 0.89501 -0.0481031 
1 1 0 0.492918 0.492918 119.419 0.188507 0.142451 0.188507 0.142451 0.897462 0.0472634 0.897462 -0.0472634 
1 1 0 0.493257 0.493257 121.93 0.184108 0.140099 0.184108 0.140099 0.899902 0.0464142 0.899902 -0.0464142 
1 1 0 0.493586 0.493586 124.558 0.179726 0.137714 0.179726 0.137714 0.902331 0.0455557 0.902331 -0.0455557 
1 1 0 0.493904 0.493904 127.312 0.175362 0.135295 0.175362 0.135295 0.904748 0.0446881 0.904748 -0.0446881 
1 1 0 0.494213 0.494213 130.199 0.171015 0.132842 0.171015 0.132842 0.907153 0.0438117 0.907153 -0.0438117 
1 1 0 0.494512 0.494512 133.229 0.166686 0.130357 0.166686 0.130357 0.909546 0.0429266 0.909546 -0.0429266 
1 1 0 0.494801 0.494801 136.413 0.162376 0.12784 0.162376 0.12784 0.911927 0.0420331 0.911927 -0.0420331 
1 1 0 0.49508 0.49508 139.761 0.158083 0.125291 0.158083 0.125291 0.914297 0.0411314 0.914297 -0.0411314 
1 1 0 0.495351 0.495351 143.286 0.153809 0.12271 0.153809 0.12271 0.916654 0.0402217 0.916654 -0.0402217 
1 1 0 0.495611 0.495611 147.001 0.149553 0.120099 0.149553 0.120099 0.919 0.0393041 0.919 -0.0393041 
1 1 0 0.495863 0.495863 150.922 0.145315 0.117457 0.145315 0.117457 0.921333 0.038379 0.921333 -0.038379 
1 1 0 0.496106 0.496106 155.066 0.141096 0.114784 0.141096 0.114784 0.923654 0.0374465 0.923654 -0.0374465 
1 1 0 0.49634 0.49634 159.45 0.136896 0.112082 0.136896 0.112082 0.925964 0.0365068 0.925964 -0.0365068 
1 1 0 0.496566 0.496566 164.096 0.132714 0.109351 0.132714 0.109351 0.928261 0.0355602 0.928261 -0.0355602 
1 1 0 0.496782 0.496782 169.028 0.12855 0.10659 0.12855 0.10659 0.930546 0.0346067 0.930546 -0.0346067 
1 1 0 0.496991 0.496991 174.27 0.124405 0.103801 0.124405 0.103801 0.932819 0.0336467 0.932819 -0.0336467 
1 1 0 0.497191 0.497191 179.854 0.120279 0.100984 0.120279 0.100984 0.935079 0.0326802 0.935079 -0.0326802 
1 1 0 0.497384 0.497384 185.812 0.116172 0.0981391 0.116172 0.0981391 0.937328 0.0317076 0.937328 -0.0317076 
1 1 0 0.497568 0.497568 192.183 0.112083 0.0952667 0.112083 0.0952667 0.939564 0.0307289 0.939564 -0.0307289 
1 1 0 0.497744 0.497744 199.009 0.108014 0.0923672 0.108014 0.0923672 0.941789 0.0297444 0.941789 -0.0297444 
1 1 0 0.497913 0.497913 206.34 0.103963 0.0894412 0.103963 0.0894412 0.944 0.0287543 0.944 -0.0287543 
1 1 0 0.498075 0.498075 214.234 0.0999305 0.0864888 0.0999305 0.0864888 0.9462 0.0277586 0.9462 -0.0277586 
1 1 0 0.498228 0.498228 222.757 0.0959171 0.0835105 0.0959171 0.0835105 0.948388 0.0267578 0.948388 -0.0267578 
1 1 0 0.498375 0.498375 231.985 0.0919225 0.0805067 0.0919225 0.0805067 0.950563 0.0257518 0.950563 -0.0257518 
1 1 0 0.498514 0.498514 242.009 0.0879467 0.0774777 0.0879467 0.0774777 0.952726 0.0247409 0.952726 -0.0247409 
1 1 0 0.498647 0.498647 252.934 0.0839897 0.0744239 0.0839897 0.0744239 0.954877 0.0237252 0.954877 -0.0237252 
1 1 0 0.498772 0.498772 264.887 0.0800516 0.0713456 0.0800516 0.0713456 0.957016 0.0227049 0.957016 -0.0227049 
1 1 0 0.498891 0.498891 278.018 0.0761321 0.0682432 0.0761321 0.0682432 0.959142 0.0216803 0.959142 -0.0216803 
1 1 0 0.499003 0.499003 292.508 0.0722315 0.0651169 0.0722315 0.0651169 0.961257 0.0206513 0.961257 -0.0206513 
1 1 0 0.499108 0.499108 308.579 0.0683495 0.0619673 0.0683495 0.0619673 0.963359 0.0196183 0.963359 -0.0196183 
1 1 0 0.499207 0.499207 326.501 0.0644863 0.0587945 0.0644863 0.0587945 0.965449 0.0185814 0.965449 -0.0185814 
1 1 0 0.499299 0.499299 346.612 0.0606417 0.055599 0.0606417 0.055599 0.967527 0.0175407 0.967527 -0.0175407 
1 1 0 0.499386 0.499386 369.336 0.0568157 0.052381 0.0568157 0.052381 0.969592 0.0164964 0.969592 -0.0164964 
1 1 0 0.499466 0.499466 395.216 0.0530084 0.0491408 0.0530084 0.0491408 0.971646 0.0154486 0.971646 -0.0154486 
1 1 0 0.49954 0.49954 424.954 0.0492196 0.0458789 0.0492196 0.0458789 0.973687 0.0143976 0.973687 -0.0143976 
1 1 0 0.499608 0.499608 459.479 0.0454493 0.0425955 0.0454493 0.0425955 0.975717 0.0133434 0.975717 -0.0133434 
1 1 0 0.499671 0.499671 500.044 0.0416974 0.0392908 0.0416974 0.0392908 0.977734 0.0122861 0.977734 -0.0122861 
1 1 0 0.499727 0.499727 548.381 0.037964 0.0359653 0.037964 0.0359653 0.979739 0.0112261 0.979739 -0.0112261 
1 1 0 0.499778 0.499778 606.953 0.0342489 0.0326192 0.0342489 0.0326192 0.981733 0.0101633 0.981733 -0.0101633 
1 1 0 0.499824 0.499824 679.39 0.0305521 0.0292528 0.0305521 0.0292528 0.983714 0.00909792 0.983714 -0.00909792 
1 1 0 0.499864 0.499864 771.267 0.0268736 0.0258664 0.0268736 0.0258664 0.985683 0.00803012 0.985683 -0.00803012 
1 1 0 0.499898 0.499898 891.608 0.0232132 0.0224604 0.0232132 0.0224604 0.987641 0.00696004 0.987641 -0.00696004 
1 1 0 0.499928 0.499928 1056.05 0.019571 0.0190349 0.019571 0.0190349 0.989586 0.00588782 0.989586 -0.00588782 
1 1 0 0.499952 0.499952 1294.24 0.0159468 0.0155902 0.0159468 0.0155902 0.99152 0.0048136 0.99152 -0.0048136 
1 1 0 0.499971 0.499971 1670.07 0.0123407 0.0121267 0.0123407 0.0121267 0.993441 0.00373757 0.993441 -0.00373757 
1 1 0 0.499986 0.499986 2351.09 0.00875244 0.0086446 0.00875244 0.0086446 0.995351 0.00266004 0.995351 -0.00266004 
1 1 0 0.499995 0.499995 3960.46 0.00518205 0.00514418 0.00518205 0.00514418 0.997249 0.00158212 0.997249 -0.00158212 
1 1 0 0.5 0.5 11984.7 0.00162945 0.0016257 0.00162945 0.0016257 0.999136 0.000523812 0.999136 -0.000523812 
1 1 0 0.5 0.5 266886 7.68887e-05 7.68803e-05 7.68887e-05 7.68803e-05 0.999959 2.35416e-05 0.999959 -2.35416e-05 
2 1 0 0.5 0.5 266886 -1.90647e-07 -1.90647e-07 -1.90647e-07 -1.90647e-07 1.00017 0 0.999831 0 
1 1 0 0.499998 0.499998 5796.65 -0.00354458 -0.00352685 -0.00354458 -0.00352685 0.998119 0.0010819 0.998119 -0.0010819 
1 1 0 0.499991 0.499991 2893.04 -0.00710677 -0.00703561 -0.00710677 -0.00703561 0.996226 0.00216364 0.996226 -0.00216364 
1 1 0 0.499979 0.499979 1927.24 -0.0106868 -0.0105262 -0.0106868 -0.0105262 0.994322 0.0032417 0.994322 -0.0032417 
1 1 0 0.499962 0.499962 1443.91 -0.0142847 -0.0139983 -0.0142847 -0.0139983 0.992406 0.00431849 0.992406 -0.00431849 
1 1 0 0.49994 0.49994 1153.86 -0.0179006 -0.0174516 -0.0179006 -0.0174516 0.990478 0.00539357 0.990478 -0.00539357 
1 1 0 0.499913 0.499913 960.492 -0.0215345 -0.020886 -0.0215345 -0.020886 0.988538 0.00646674 0.988538 -0.00646674 
1 1 0 0.49988 0.49988 822.388 -0.0251865 -0.024301 -0.0251865 -0.024301 0.986586 0.00753783 0.986586 -0.00753783 
1 1 0 0.499843 0.499843 718.826 -0.0288566 -0.0276965 -0.0288566 -0.0276965 0.984622 0.00860669 0.984622 -0.00860669 
1 1 0 0.4998 0.4998 638.295 -0.032545 -0.0310721 -0.032545 -0.0310721 0.982646 0.00967319 0.982646 -0.00967319 
1 1 0 0.499751 0.499751 573.885 -0.0362516 -0.0344276 -0.0362516 -0.0344276 0.980658 0.0107372 0.980658 -0.0107372 
1 1 0 0.499697 0.499697 521.2 -0.0399766 -0.0377626 -0.0399766 -0.0377626 0.978659 0.0117985 0.978659 -0.0117985 
1 1 0 0.499638 0.499638 477.31 -0.04372 -0.0410769 -0.04372 -0.0410769 0.976647 0.0128571 0.976647 -0.0128571 
1 1 0 0.499572 0.499572 440.185 -0.0474818 -0.0443702 -0.0474818 -0.0443702 0.974623 0.0139127 0.974623 -0.0139127 
1 1 0 0.499501 0.499501 408.375 -0.0512621 -0.047642 -0.0512621 -0.047642 0.972587 0.0149652 0.972587 -0.0149652 
1 1 0 0.499423 0.499423 380.819 -0.0550609 -0.0508922 -0.0550609 -0.0508922 0.970539 0.0160145 0.970539 -0.0160145 
1 1 0 0.49934 0.49934 356.718 -0.0588783 -0.0541205 -0.0588783 -0.0541205 0.968479 0.0170604 0.968479 -0.0170604 
1 1 0 0.49925 0.49925 335.463 -0.0627143 -0.0573264 -0.0627143 -0.0573264 0.966407 0.0181028 0.966407 -0.0181028 
1 1 0 0.499154 0.499154 316.58 -0.0665689 -0.0605097 -0.0665689 -0.0605097 0.964322 0.0191415 0.964322 -0.0191415 
1 1 0 0.499052 0.499052 299.694 -0.0704423 -0.06367 -0.0704423 -0.06367 0.962226 0.0201763 0.962226 -0.0201763 
1 1 0 0.498943 0.498943 284.507 -0.0743343 -0.0668071 -0.0743343 -0.0668071 0.960117 0.0212071 0.960117 -0.0212071 
1 1 0 0.498828 0.498828 270.775 -0.0782451 -0.0699205 -0.0782451 -0.0699205 0.957996 0.0222338 0.957996 -0.0222338 
1 1 0 0.498705 0.498705 258.3 -0.0821746 -0.0730099 -0.0821746 -0.0730099 0.955863 0.0232561 0.955863 -0.0232561 
1 1 0 0.498576 0.498576 246.919 -0.086123 -0.0760751 -0.086123 -0.0760751 0.953718 0.0242739 0.953718 -0.0242739 
1 1 0 0.49844 0.49844 236.494 -0.0900901 -0.0791155 -0.0900901 -0.0791155 0.95156 0.025287 0.95156 -0.025287 
1 1 0 0.498297 0.498297 226.912 -0.094076 -0.082131 -0.094076 -0.082131 0.949391 0.0262953 0.949391 -0.0262953 
1 1 0 0.498146 0.498146 218.075 -0.0980807 -0.0851211 -0.0980807 -0.0851211 0.947209 0.0272986 0.947209 -0.0272986 
1 1 0 0.497988 0.497988 209.9 -0.102104 -0.0880854 -0.102104 -0.0880854 0.945015 0.0282966 0.945015 -0.0282966 
1 1 0 0.497823 0.497823 202.318 -0.106147 -0.0910236 -0.106147 -0.0910236 0.942808 0.0292893 0.942808 -0.0292893 
1 1 0 0.49765 0.49765 195.265 -0.110208 -0.0939354 -0.110208 -0.0939354 0.94059 0.0302764 0.94059 -0.0302764 
1 1 0 0.497469 0.497469 188.691 -0.114288 -0.0968203 -0.114288 -0.0968203 0.938359 0.0312578 0.938359 -0.0312578 
1 1 0 0.497281 0.497281 182.548 -0.118386 -0.0996779 -0.118386 -0.0996779 0.936116 0.0322332 0.936116 -0.0322332 
1 1 0 0.497084 0.497084 176.796 -0.122504 -0.102508 -0.122504 -0.102508 0.933861 0.0332026 0.933861 -0.0332026 
1 1 0 0.496879 0.496879 171.4 -0.12664 -0.10531 -0.12664 -0.10531 0.931594 0.0341656 0.931594 -0.0341656 
1 1 0 0.496666 0.496666 166.329 -0.130795 -0.108084 -0.130795 -0.108084 0.929314 0.0351221 0.929314 -0.0351221 
1 1 0 0.496445 0.496445 161.555 -0.134968 -0.110829 -0.134968 -0.110829 0.927023 0.0360719 0.927023 -0.0360719 
1 1 0 0.496215 0.496215 157.053 -0.13916 -0.113544 -0.13916 -0.113544 0.924719 0.0370149 0.924719 -0.0370149 
1 1 0 0.495976 0.495976 152.801 -0.143371 -0.11623 -0.143371 -0.11623 0.922403 0.0379507 0.922403 -0.0379507 
1 1 0 0.495728 0.495728 148.78 -0.1476 -0.118886 -0.1476 -0.118886 0.920075 0.0388792 0.920075 -0.0388792 
1 1 0 0.495472 0.495472 144.972 -0.151848 -0.121512 -0.151848 -0.121512 0.917735 0.0398003 0.917735 -0.0398003 
1 1 0 0.495206 0.495206 141.361 -0.156113 -0.124107 -0.156113 -0.124107 0.915384 0.0407136 0.915384 -0.0407136 
1 1 0 0.494931 0.494931 137.933 -0.160398 -0.126671 -0.160398 -0.126671 0.91302 0.041619 0.91302 -0.041619 
1 1 0 0.494646 0.494646 134.675 -0.1647 -0.129202 -0.1647 -0.129202 0.910644 0.0425163 0.910644 -0.0425163 
1 1 0 0.494352 0.494352 131.576 -0.16902 -0.131702 -0.16902 -0.131702 0.908256 0.0434053 0.908256 -0.0434053 
1 1 0 0.494048 0.494048 128.624 -0.173358 -0.13417 -0.173358 -0.13417 0.905856 0.0442858 0.905856 -0.0442858 
1 1 0 0.493734 0.493734 125.81 -0.177715 -0.136604 -0.177715 -0.136604 0.903445 0.0451574 0.903445 -0.0451574 
1 1 0 0.493409 0.493409 123.124 -0.182089 -0.139005 -0.182089 -0.139005 0.901022 0.0460201 0.901022 -0.0460201 
1 1 0 0.493075 0.493075 120.56 -0.18648 -0.141373 -0.18648 -0.141373 0.898587 0.0468737 0.898587 -0.0468737 
1 1 0 0.49273 0.49273 118.11 -0.190889 -0.143706 -0.190889 -0.143706 0.89614 0.0477178 0.89614 -0.0477178 
1 1 0 0.492375 0.492375 115.766 -0.195315 -0.146004 -0.195315 -0.146004 0.893682 0.0485522 0.893682 -0.0485522 
1 1 0 0.492008 0.492008 113.522 -0.199759 -0.148268 -0.199759 -0.148268 0.891212 0.0493769 0.891212 -0.0493769 
1 1 0 0.491631 0.491631 111.373 -0.204219 -0.150495 -0.204219 -0.150495 0.88873 0.0501914 0.88873 -0.0501914 
1 1 0 0.491242 0.491242 109.314 -0.208697 -0.152687 -0.208697 -0.152687 0.886237 0.0509957 0.886237 -0.0509957 
1 1 0 0.490843 0.490843 107.339 -0.213191 -0.154843 -0.213191 -0.154843 0.883733 0.0517894 0.883733 -0.0517894 
1 1 0 0.490431 0.490431 105.443 -0.217701 -0.156961 -0.217701 -0.156961 0.881218 0.0525724 0.881218 -0.0525724 
1 1 0 0.490008 0.490008 103.624 -0.222228 -0.159043 -0.222228 -0.159043 0.878691 0.0533444 0.878691 -0.0533444 
1 1 0 0.489573 0.489573 101.876 -0.226771 -0.161086 -0.226771 -0.161086 0.876153 0.0541053 0.876153 -0.0541053 
1 1 0 0.489126 0.489126 100.196 -0.231329 -0.163092 -0.231329 -0.163092 0.873604 0.0548547 0.873604 -0.0548547 
1 1 0 0.488667 0.488667 98.5809 -0.235903 -0.165058 -0.235903 -0.165058 0.871044 0.0555924 0.871044 -0.0555924 
1 1 0 0.488196 0.488196 97.0273 -0.240493 -0.166986 -0.240493 -0.166986 0.868473 0.0563183 0.868473 -0.0563183 
1 1 0 0.487712 0.487712 95.5323 -0.245097 -0.168874 -0.245097 -0.168874 0.865891 0.0570321 0.865891 -0.0570321 
1 1 0 0.487215 0.487215 94.0932 -0.249717 -0.170723 -0.249717 -0.170723 0.863299 0.0577336 0.863299 -0.0577336 
1 1 0 0.486704 0.486704 92.7074 -0.254351 -0.172531 -0.254351 -0.172531 0.860695 0.0584226 0.860695 -0.0584226 
1 1 0 0.486181 0.486181 91.3725 -0.258999 -0.174298 -0.258999 -0.174298 0.858082 0.0590988 0.858082 -0.0590988 
1 1 0 0.485645 0.485645 90.0862 -0.263661 -0.176024 -0.263661 -0.176024 0.855458 0.059762 0.855458 -0.059762 
1 1 0 0.485094 0.485094 88.8466 -0.268337 -0.177708 -0.268337 -0.177708 0.852823 0.060412 0.852823 -0.060412 
1 1 0 0.484531 0.484531 87.6515 -0.273026 -0.179351 -0.273026 -0.179351 0.850179 0.0610485 0.850179 -0.0610485 
1 1 0 0.483953 0.483953 86.4992 -0.277728 -0.18095 -0.277728 -0.18095 0.847524 0.0616715 0.847524 -0.0616715 
1 1 0 0.48336 0.48336 85.3879 -0.282442 -0.182507 -0.282442 -0.182507 0.844859 0.0622806 0.844859 -0.0622806 
1 1 0 0.482754 0.482754 84.316 -0.287169 -0.184021 -0.287169 -0.184021 0.842185 0.0628756 0.842185 -0.0628756 
1 1 0 0.482133 0.482133 83.2819 -0.291908 -0.185491 -0.291908 -0.185491 0.8395 0.0634564 0.8395 -0.0634564 
1 1 0 0.481497 0.481497 82.2842 -0.296658 -0.186917 -0.296658 -0.186917 0.836806 0.0640226 0.836806 -0.0640226 
1 1 0 0.480846 0.480846 81.3215 -0.301419 -0.188299 -0.301419 -0.188299 0.834103 0.0645743 0.834103 -0.0645743 
1 1 0 0.48018 0.48018 80.3926 -0.306191 -0.189635 -0.306191 -0.189635 0.83139 0.065111 0.83139 -0.065111 
1 1 0 0.479499 0.479499 79.4962 -0.310974 -0.190927 -0.310974 -0.190927 0.828668 0.0656327 0.828668 -0.0656327 
1 1 0 0.478802 0.478802 78.6311 -0.315766 -0.192173 -0.315766 -0.192173 0.825937 0.0661391 0.825937 -0.0661391 
1 1 0 0.478089 0.478089 77.7963 -0.320567 -0.193373 -0.320567 -0.193373 0.823197 0.0666301 0.823197 -0.0666301 
1 1 0 0.47736 0.47736 76.9908 -0.325377 -0.194527 -0.325377 -0.194527 0.820449 0.0671055 0.820449 -0.0671055 
1 1 0 0.476615 0.476615 76.2136 -0.330196 -0.195635 -0.330196 -0.195635 0.817691 0.0675651 0.817691 -0.0675651 
1 1 0 0.475854 0.475854 75.4637 -0.335023 -0.196696 -0.335023 -0.196696 0.814925 0.0680087 0.814925 -0.0680087 
1 1 0 0.475076 0.475076 74.7404 -0.339857 -0.197709 -0.339857 -0.197709 0.812151 0.0684363 0.812151 -0.0684363 
1 1 0 0.474281 0.474281 74.0427 -0.344698 -0.198675 -0.344698 -0.198675 0.809369 0.0688475 0.809369 -0.0688475 
1 1 0 0.473469 0.473469 73.3699 -0.349546 -0.199594 -0.349546 -0.199594 0.806578 0.0692424 0.806578 -0.0692424 
1 1 0 0.47264 0.47264 72.7212 -0.3544 -0.200465 -0.3544 -0.200465 0.80378 0.0696207 0.80378 -0.0696207 
1 1 0 0.471794 0.471794 72.096 -0.359259 -0.201287 -0.359259 -0.201287 0.800974 0.0699823 0.800974 -0.0699823 
1 1 0 0.47093 0.47093 71.4936 -0.364123 -0.202061 -0.364123 -0.202061 0.79816 0.0703271 0.79816 -0.0703271 
1 1 0 0.470048 0.470048 70.9133 -0.368991 -0.202786 -0.368991 -0.202786 0.795339 0.070655 0.795339 -0.070655 
1 1 0 0.469149 0.469149 70.3545 -0.373863 -0.203463 -0.373863 -0.203463 0.792511 0.0709659 0.792511 -0.0709659 
1 1 0 0.468231 0.468231 69.8167 -0.378738 -0.204091 -0.378738 -0.204091 0.789675 0.0712596 0.789675 -0.0712596 
1 1 0 0.467295 0.467295 69.2993 -0.383615 -0.204669 -0.383615 -0.204669 0.786833 0.0715362 0.786833 -0.0715362 
1 1 0 0.466341 0.466341 68.8018 -0.388495 -0.205199 -0.388495 -0.205199 0.783984 0.0717954 0.783984 -0.0717954 
1 1 0 0.465367 0.465367 68.3237 -0.393376 -0.205679 -0.393376 -0.205679 0.781128 0.0720373 0.781128 -0.0720373 
1 1 0 0.464375 0.464375 67.8644 -0.398258 -0.206109 -0.398258 -0.206109 0.778266 0.0722618 0.778266 -0.0722618 
1 1 0 0.463364 0.463364 67.4236 -0.40314 -0.20649 -0.40314 -0.20649 0.775397 0.0724689 0.775397 -0.0724689 
1 1 0 0.462333 0.462333 67.0009 -0.408022 -0.206822 -0.408022 -0.206822 0.772523 0.0726585 0.772523 -0.0726585 
1 1 0 0.461284 0.461284 66.5957 -0.412903 -0.207104 -0.412903 -0.207104 0.769642 0.0728306 0.769642 -0.0728306 
1 1 0 0.460214 0.460214 66.2077 -0.417782 -0.207336 -0.417782 -0.207336 0.766755 0.0729852 0.766755 -0.0729852 
1 1 0 0.459125 0.459125 65.8366 -0.422659 -0.207519 -0.422659 -0.207519 0.763863 0.0731222 0.763863 -0.0731222 
1 1 0 0.458016 0.458016 65.4819 -0.427533 -0.207652 -0.427533 -0.207652 0.760966 0.0732419 0.760966 -0.0732419 
1 1 0 0.456887 0.456887 65.1433 -0.432403 -0.207736 -0.432403 -0.207736 0.758063 0.073344 0.758063 -0.073344 
1 1 0 0.455738 0.455738 64.8205 -0.437269 -0.20777 -0.437269 -0.20777 0.755154 0.0734288 0.755154 -0.0734288 
1 1 0 0.454568 0.454568 64.5131 -0.442131 -0.207755 -0.442131 -0.207755 0.752241 0.0734962 0.752241 -0.0734962 
1 1 0 0.453378 0.453378 64.2209 -0.446987 -0.207691 -0.446987 -0.207691 0.749323 0.0735464 0.749323 -0.0735464 
1 1 0 0.452168 0.452168 63.9435 -0.451837 -0.207579 -0.451837 -0.207579 0.7464 0.0735793 0.7464 -0.0735793 
1 1 0 0.450936 0.450936 63.6806 -0.456681 -0.207417 -0.456681 -0.207417 0.743472 0.0735952 0.743472 -0.0735952 
1 1 0 0.449684 0.449684 63.432 -0.461517 -0.207207 -0.461517 -0.207207 0.74054 0.0735942 0.74054 -0.0735942 
1 1 0 0.448411 0.448411 63.1974 -0.466346 -0.206948 -0.466346 -0.206948 0.737603 0.0735763 0.737603 -0.0735763 
1 1 0 0.447116 0.447116 62.9764 -0.471166 -0.206642 -0.471166 -0.206642 0.734662 0.0735417 0.734662 -0.0735417 
1 1 0 0.445801 0.445801 62.769 -0.475977 -0.206288 -0.475977 -0.206288 0.731716 0.0734905 0.731716 -0.0734905 
1 1 0 0.444464 0.444464 62.5747 -0.480778 -0.205886 -0.480778 -0.205886 0.728767 0.073423 0.728767 -0.073423 
1 1 0 0.443105 0.443105 62.3935 -0.48557 -0.205437 -0.48557 -0.205437 0.725813 0.0733394 0.725813 -0.0733394 
1 1 0 0.441725 0.441725 62.2249 -0.49035 -0.204942 -0.49035 -0.204942 0.722856 0.0732398 0.722856 -0.0732398 
1 1 0 0.440323 0.440323 62.0688 -0.495119 -0.2044 -0.495119 -0.2044 0.719895 0.0731244 0.719895 -0.0731244 
1 1 0 0.4389 0.4389 61.925 -0.499876 -0.203813 -0.499876 -0.203813 0.716929 0.0729935 0.716929 -0.0729935 
1 1 0 0.437454 0.437454 61.7933 -0.504621 -0.20318 -0.504621 -0.20318 0.713961 0.0728473 0.713961 -0.0728473 
1 1 0 0.435987 0.435987 61.6733 -0.509353 -0.202502 -0.509353 -0.202502 0.710988 0.0726861 0.710988 -0.0726861 
1 1 0 0.434497 0.434497 61.565 -0.514071 -0.201779 -0.514071 -0.201779 0.708012 0.0725101 0.708012 -0.0725101 
1 1 0 0.432986 0.432986 61.468 -0.518775 -0.201013 -0.518775 -0.201013 0.705033 0.0723197 0.705033 -0.0723197 
1 1 0 0.431452 0.431452 61.3822 -0.523465 -0.200203 -0.523465 -0.200203 0.70205 0.0721151 0.70205 -0.0721151 
1 1 0 0.429896 0.429896 61.3073 -0.52814 -0.19935 -0.52814 -0.19935 0.699063 0.0718966 0.699063 -0.0718966 
1 1 0 0.428318 0.428318 61.2432 -0.5328 -0.198455 -0.5328 -0.198455 0.696073 0.0716646 0.696073 -0.0716646 
1 1 0 0.426717 0.426717 61.1895 -0.537443 -0.197518 -0.537443 -0.197518 0.69308 0.0714194 0.69308 -0.0714194 
1 1 0 0.425094 0.425094 61.1462 -0.54207 -0.19654 -0.54207 -0.19654 0.690083 0.0711613 0.690083 -0.0711613 
1 1 0 0.423449 0.423449 61.1131 -0.546681 -0.195522 -0.546681 -0.195522 0.687083 0.0708906 0.687083 -0.0708906 
1 1 0 0.42178 0.42178 61.0898 -0.551275 -0.194464 -0.551275 -0.194464 0.684079 0.0706078 0.684079 -0.0706078 
1 1 0 0.42009 0.42009 61.0761 -0.555851 -0.193367 -0.555851 -0.193367 0.681072 0.0703132 0.681072 -0.0703132 
1 1 0 0.418377 0.418377 61.072 -0.560409 -0.192231 -0.560409 -0.192231 0.678061 0.0700072 0.678061 -0.0700072 
1 1 0 0.416641 0.416641 61.0771 -0.564949 -0.191058 -0.564949 -0.191058 0.675047 0.0696901 0.675047 -0.0696901 
1 1 0 0.414882 0.414882 61.0913 -0.569471 -0.189848 -0.569471 -0.189848 0.672029 0.0693623 0.672029 -0.0693623 
1 1 0 0.413101 0.413101 61.1143 -0.573973 -0.188601 -0.573973 -0.188601 0.669007 0.0690243 0.669007 -0.0690243 
1 1 0 0.411297 0.411297 61.146 -0.578457 -0.187319 -0.578457 -0.187319 0.665982 0.0686763 0.665982 -0.0686763 
1 1 0 0.40947 0.40947 61.186 -0.582922 -0.186003 -0.582922 -0.186003 0.662953 0.0683189 0.662953 -0.0683189 
1 1 0 0.407621 0.407621 61.2343 -0.587366 -0.184652 -0.587366 -0.184652 0.65992 0.0679523 0.65992 -0.0679523 
1 1 0 0.405748 0.405748 61.2906 -0.591792 -0.183268 -0.591792 -0.183268 0.656883 0.0675771 0.656883 -0.0675771 
1 1 0 0.403853 0.403853 61.3547 -0.596197 -0.181852 -0.596197 -0.181852 0.653843 0.0671935 0.653843 -0.0671935 
1 1 0 0.401935 0.401935 61.4264 -0.600582 -0.180404 -0.600582 -0.180404 0.650798 0.0668019 0.650798 -0.0668019 
1 1 0 0.399994 0.399994 61.5055 -0.604946 -0.178925 -0.604946 -0.178925 0.647749 0.0664028 0.647749 -0.0664028 
1 1 0 0.398031 0.398031 61.5919 -0.60929 -0.177417 -0.60929 -0.177417 0.644695 0.0659965 0.644695 -0.0659965 
1 1 0 0.396044 0.396044 61.6852 -0.613613 -0.175879 -0.613613 -0.175879 0.641637 0.0655834 0.641637 -0.0655834 
1 1 0 0.394035 0.394035 61.7854 -0.617916 -0.174314 -0.617916 -0.174314 0.638574 0.0651638 0.638574 -0.0651638 
1 1 0 0.392003 0.392003 61.8922 -0.622198 -0.17272 -0.622198 -0.17272 0.635507 0.0647381 0.635507 -0.0647381 
1 1 0 0.389948 0.389948 62.0056 -0.626459 -0.171101 -0.626459 -0.171101 0.632435 0.0643065 0.632435 -0.0643065 
1 1 0 0.38787 0.38787 62.1253 -0.630698 -0.169455 -0.630698 -0.169455 0.629358 0.0638695 0.629358 -0.0638695 
1 1 0 0.385769 0.385769 62.2512 -0.634917 -0.167785 -0.634917 -0.167785 0.626275 0.0634272 0.626275 -0.0634272 
1 1 0 0.383645 0.383645 62.3832 -0.639115 -0.16609 -0.639115 -0.16609 0.623188 0.06298 0.623188 -0.06298 
1 1 0 0.381499 0.381499 62.5212 -0.643291 -0.164372 -0.643291 -0.164372 0.620094 0.0625282 0.620094 -0.0625282 
1 1 0 0.379329 0.379329 62.6652 -0.647447 -0.162632 -0.647447 -0.162632 0.616996 0.0620718 0.616996 -0.0620718 
1 1 0 0.377137 0.377137 62.815 -0.651581 -0.160871 -0.651581 -0.160871 0.613891 0.0616112 0.613891 -0.0616112 
1 1 0 0.374922 0.374922 62.9706 -0.655695 -0.159089 -0.655695 -0.159089 0.610781 0.0611465 0.610781 -0.0611465 
1 1 0 0.372684 0.372684 63.1321 -0.659787 -0.157287 -0.659787 -0.157287 0.607664 0.0606779 0.607664 -0.0606779 
1 1 0 0.370424 0.370424 63.2995 -0.663858 -0.155466 -0.663858 -0.155466 0.604541 0.0602054 0.604541 -0.0602054 
1 1 0 0.36814 0.36814 63.4728 -0.667909 -0.153627 -0.667909 -0.153627 0.601412 0.059729 0.601412 -0.059729 
1 1 0 0.365834 0.365834 63.6523 -0.671938 -0.151771 -0.671938 -0.151771 0.598276 0.059249 0.598276 -0.059249 
1 1 0 0.363505 0.363505 63.8381 -0.675947 -0.149899 -0.675947 -0.149899 0.595133 0.0587651 0.595133 -0.0587651 
1 1 0 0.361153 0.361153 64.0305 -0.679935 -0.148011 -0.679935 -0.148011 0.591983 0.0582773 0.591983 -0.0582773 
1 1 0 0.358778 0.358778 64.2297 -0.683902 -0.146108 -0.683902 -0.146108 0.588826 0.0577857 0.588826 -0.0577857 
1 1 0 0.35638 0.35638 64.4361 -0.68785 -0.144191 -0.68785 -0.144191 0.585662 0.0572898 0.585662 -0.0572898 
1 1 0 0.35396 0.35396 64.6502 -0.691776 -0.142262 -0.691776 -0.142262 0.582491 0.0567897 0.582491 -0.0567897 
1 1 0 0.351517 0.351517 64.8726 -0.695683 -0.14032 -0.695683 -0.14032 0.579312 0.0562849 0.579312 -0.0562849 
1 1 0 0.349051 0.349051 65.1039 -0.699569 -0.138366 -0.699569 -0.138366 0.576125 0.0557752 0.576125 -0.0557752 
1 1 0 0.346562 0.346562 65.3448 -0.703436 -0.136402 -0.703436 -0.136402 0.57293 0.0552602 0.57293 -0.0552602 
1 1 0 0.344051 0.344051 65.5962 -0.707283 -0.134429 -0.707283 -0.134429 0.569728 0.0547393 0.569728 -0.0547393 
1 1 0 0.341517 0.341517 65.8592 -0.71111 -0.132446 -0.71111 -0.132446 0.566517 0.0542121 0.566517 -0.0542121 
1 1 0 0.33896 0.33896 66.135 -0.714918 -0.130455 -0.714918 -0.130455 0.563298 0.053678 0.563298 -0.053678 
1 1 0 0.33638 0.33638 66.4247 -0.718706 -0.128456 -0.718706 -0.128456 0.56007 0.0531362 0.56007 -0.0531362 
1 1 0 0.333778 0.333778 66.7301 -0.722475 -0.126451 -0.722475 -0.126451 0.556834 0.052586 0.556834 -0.052586 
1 1 0 0.331153 0.331153 67.0527 -0.726225 -0.124439 -0.726225 -0.124439 0.55359 0.0520266 0.55359 -0.0520266 
1 1 0 0.328505 0.328505 67.3946 -0.729957 -0.122423 -0.729957 -0.122423 0.550336 0.0514569 0.550336 -0.0514569 
1 1 0 0.325834 0.325834 67.758 -0.73367 -0.120402 -0.73367 -0.120402 0.547074 0.050876 0.547074 -0.050876 
1 1 0 0.323141 0.323141 68.1455 -0.737364 -0.118378 -0.737364 -0.118378 0.543803 0.0502826 0.543803 -0.0502826 
1 1 0 0.320424 0.320424 68.56 -0.74104 -0.116351 -0.74104 -0.116351 0.540523 0.0496754 0.540523 -0.0496754 
1 1 0 0.317686 0.317686 69.0047 -0.744698 -0.114321 -0.744698 -0.114321 0.537234 0.0490532 0.537234 -0.0490532 
1 1 0 0.314924 0.314924 69.4835 -0.748338 -0.11229 -0.748338 -0.11229 0.533935 0.0484142 0.533935 -0.0484142 
1 1 0 0.312139 0.312139 70.0007 -0.75196 -0.110258 -0.75196 -0.110258 0.530628 0.0477569 0.530628 -0.0477569 
1 1 0 0.309332 0.309332 70.5612 -0.755565 -0.108227 -0.755565 -0.108227 0.527311 0.0470794 0.527311 -0.0470794 
1 1 0 0.306502 0.306502 71.1708 -0.759152 -0.106196 -0.759152 -0.106196 0.523986 0.0463797 0.523986 -0.0463797 
1 1 0 0.30365 0.30365 71.8361 -0.762722 -0.104166 -0.762722 -0.104166 0.520651 0.0456555 0.520651 -0.0456555 
1 1 0 0.300774 0.300774 72.5648 -0.766274 -0.102139 -0.766274 -0.102139 0.517307 0.0449044 0.517307 -0.0449044 
1 1 0 0.297876 0.297876 73.3661 -0.76981 -0.100114 -0.76981 -0.100114 0.513954 0.0441237 0.513954 -0.0441237 
1 1 0 0.294955 0.294955 74.2505 -0.773329 -0.0980928 -0.773329 -0.0980928 0.510591 0.0433104 0.510591 -0.0433104 
1 1 0 0.292011 0.292011 75.2308 -0.776831 -0.0960758 -0.776831 -0.0960758 0.50722 0.0424612 0.50722 -0.0424612 
1 1 0 0.289045 0.289045 76.3221 -0.780317 -0.0940635 -0.780317 -0.0940635 0.50384 0.0415724 0.50384 -0.0415724 
1 1 0 0.286055 0.286055 77.543 -0.783787 -0.0920567 -0.783787 -0.0920567 0.500451 0.0406397 0.500451 -0.0406397 
1 1 0 0.283043 0.283043 78.916 -0.78724 -0.0900561 -0.78724 -0.0900561 0.497053 0.0396585 0.497053 -0.0396585 
1 1 0 0.280008 0.280008 80.4692 -0.790677 -0.0880623 -0.790677 -0.0880623 0.493646 0.0386233 0.493646 -0.0386233 
1 1 0 0.27695 0.27695 82.2378 -0.794098 -0.0860759 -0.794098 -0.0860759 0.490231 0.037528 0.490231 -0.037528 
1 1 0 0.27387 0.27387 84.2669 -0.797504 -0.0840977 -0.797504 -0.0840977 0.486808 0.0363652 0.486808 -0.0363652 
1 1 0 0.270766 0.270766 86.6153 -0.800894 -0.0821281 -0.800894 -0.0821281 0.483376 0.0351264 0.483376 -0.0351264 
1 1 0 0.26764 0.26764 89.3613 -0.804268 -0.080168 -0.804268 -0.080168 0.479936 0.0338011 0.479936 -0.0338011 
1 1 0 0.264491 0.264491 92.612 -0.807627 -0.0782178 -0.807627 -0.0782178 0.476489 0.0323767 0.476489 -0.0323767 
1 1 0 0.261319 0.261319 96.5182 -0.81097 -0.0762783 -0.81097 -0.0762783 0.473034 0.0308374 0.473034 -0.0308374 
1 1 0 0.258125 0.258125 101.301 -0.814299 -0.0743501 -0.814299 -0.0743501 0.469572 0.0291626 0.469572 -0.0291626 
1 1 0 0.254907 0.254907 107.299 -0.817612 -0.0724337 -0.817612 -0.0724337 0.466102 0.0273251 0.466102 -0.0273251 
1 1 0 0.251667 0.251667 115.066 -0.82091 -0.0705299 -0.82091 -0.0705299 0.462626 0.0252869 0.462626 -0.0252869 
1 1 0 0.248404 0.248404 125.578 -0.824193 -0.0686391 -0.824193 -0.0686391 0.459144 0.022992 0.459144 -0.022992 
1 1 0 0.245118 0.245118 140.774 -0.827461 -0.0667621 -0.827461 -0.0667621 0.455655 0.0203508 0.455655 -0.0203508 
1 1 0 0.241809 0.241809 165.245 -0.830714 -0.0648993 -0.830714 -0.0648993 0.452161 0.017201 0.452161 -0.017201 
1 1 0 0.238478 0.238478 213.969 -0.833952 -0.0630515 -0.833952 -0.0630515 0.448661 0.0131787 0.448661 -0.0131787 
1 1 0 0.235124 0.235124 406.054 -0.837176 -0.0612193 -0.837176 -0.0612193 0.445156 0.00688879 0.445156 -0.00688879 
1 1 0 0.231747 0.231747 406.054 -0.840385 -0.0594031 -0.840385 -0.0594031 0.432541 0 0.450751 0 
1 1 0 0.228347 0.228347 406.054 -0.84358 -0.0576037 -0.84358 -0.0576037 0.423385 0 0.452879 0 
1 1 0 0.224924 0.224924 406.054 -0.84676 -0.0558215 -0.84676 -0.0558215 0.415737 0 0.453493 0 
1 1 0 0.221479 0.221479 406.054 -0.849925 -0.0540573 -0.849925 -0.0540573 0.40874 0 0.453448 0 
1 1 0 0.218011 0.218011 406.054 -0.853076 -0.0523115 -0.853076 -0.0523115 0.402124 0 0.453016 0 
1 1 0 0.214521 0.214521 406.054 -0.856212 -0.0505848 -0.856212 -0.0505848 0.395762 0 0.452325 0 
1 1 0 0.211007 0.211007 406.054 -0.859334 -0.0488778 -0.859334 -0.0488778 0.389583 0 0.451449 0 
1 1 0 0.207472 0.207472 406.054 -0.862441 -0.047191 -0.862441 -0.047191 0.383543 0 0.450431 0 
1 1 0 0.203913 0.203913 406.054 -0.865533 -0.0455249 -0.865533 -0.0455249 0.377612 0 0.449302 0 
1 1 0 0.200333 0.200333 406.054 -0.868611 -0.0438802 -0.868611 -0.0438802 0.37177 0 0.448084 0 
1 1 0 0.19673 0.19673 406.054 -0.871675 -0.0422575 -0.871675 -0.0422575 0.366001 0 0.446794 0 
1 1 0 0.193104 0.193104 406.054 -0.874724 -0.0406573 -0.874724 -0.0406573 0.360294 0 0.445444 0 
1 1 0 0.189456 0.189456 406.054 -0.877758 -0.0390801 -0.877758 -0.0390801 0.354641 0 0.444043 0 
1 1 0 0.185786 0.185786 406.054 -0.880778 -0.0375266 -0.880778 -0.0375266 0.349036 0 0.4426 0 
1 1 0 0.182094 0.182094 406.054 -0.883782 -0.0359972 -0.883782 -0.0359972 0.343474 0 0.441119 0 
1 1 0 0.178379 0.178379 406.054 -0.886773 -0.0344926 -0.886773 -0.0344926 0.337951 0 0.439608 0 
1 1 0 0.174643 0.174643 406.054 -0.889748 -0.0330133 -0.889748 -0.0330133 0.332463 0 0.438069 0 
1 1 0 0.170884 0.170884 406.054 -0.892708 -0.0315598 -0.892708 -0.0315598 0.327009 0 0.436507 0 
1 1 0 0.167104 0.167104 406.054 -0.895653 -0.0301328 -0.895653 -0.0301328 0.321587 0 0.434924 0 
1 1 0 0.163302 0.163302 406.054 -0.898584 -0.0287326 -0.898584 -0.0287326 0.316195 0 0.433324 0 
1 1 0 0.159479 0.159479 406.054 -0.901499 -0.0273599 -0.901499 -0.0273599 0.310834 0 0.431709 0 
1 1 0 0.155634 0.155634 406.054 -0.904399 -0.0260151 -0.904399 -0.0260151 0.305502 0 0.43008 0 
1 1 0 0.151768 0.151768 406.054 -0.907284 -0.0246989 -0.907284 -0.0246989 0.3002 0 0.42844 0 
1 1 0 0.14788 0.14788 406.054 -0.910153 -0.0234117 -0.910153 -0.0234117 0.294926 0 0.42679 0 
1 1 0 0.143972 0.143972 406.054 -0.913007 -0.0221541 -0.913007 -0.0221541 0.289682 0 0.425131 0 
1 1 0 0.140042 0.140042 406.054 -0.915845 -0.0209265 -0.915845 -0.0209265 0.284469 0 0.423465 0 
1 1 0 0.136092 0.136092 406.054 -0.918667 -0.0197294 -0.918667 -0.0197294 0.279285 0 0.421792 0 
1 1 0 0.132122 0.132122 406.054 -0.921473 -0.0185634 -0.921473 -0.0185634 0.274132 0 0.420114 0 
1 1 0 0.128131 0.128131 406.054 -0.924264 -0.0174289 -0.924264 -0.0174289 0.269012 0 0.418431 0 
1 1 0 0.12412 0.12412 406.054 -0.927038 -0.0163264 -0.927038 -0.0163264 0.263924 0 0.416745 0 
1 1 0 0.120089 0.120089 406.054 -0.929796 -0.0152564 -0.929796 -0.0152564 0.258869 0 0.415055 0 
1 1 0 0.116038 0.116038 406.054 -0.932538 -0.0142193 -0.932538 -0.0142193 0.25385 0 0.413363 0 
1 1 0 0.111968 0.111968 406.054 -0.935264 -0.0132156 -0.935264 -0.0132156 0.248866 0 0.411669 0 
1 1 0 0.107878 0.107878 406.054 -0.937972 -0.0122457 -0.937972 -0.0122457 0.243918 0 0.409973 0 
1 1 0 0.10377 0.10377 406.054 -0.940664 -0.01131 -0.940664 -0.01131 0.239009 0 0.408277 0 
1 1 0 0.0996422 0.0996422 406.054 -0.943339 -0.010409 -0.943339 -0.010409 0.234138 0 0.40658 0 
1 1 0 0.0954964 0.0954964 406.054 -0.945997 -0.00954311 -0.945997 -0.00954311 0.229308 0 0.404882 0 
1 1 0 0.0913324 0.0913324 406.054 -0.948638 -0.00871264 -0.948638 -0.00871264 0.22452 0 0.403185 0 
1 1 0 0.0871504 0.0871504 406.054 -0.951261 -0.007918 -0.951261 -0.007918 0.219774 0 0.401489 0 
1 1 0 0.0829509 0.0829509 406.054 -0.953867 -0.00715958 -0.953867 -0.00715958 0.215072 0 0.399793 0 
1 1 0 0.078734 0.078734 406.054 -0.956455 -0.0064377 -0.956455 -0.0064377 0.210415 0 0.398098 0 
1 1 0 0.0745001 0.0745001 406.054 -0.959025 -0.00575272 -0.959025 -0.00575272 0.205804 0 0.396405 0 
1 1 0 0.0702495 0.0702495 406.054 -0.961578 -0.00510496 -0.961578 -0.00510496 0.201241 0 0.394713 0 
1 1 0 0.0659825 0.0659825 406.054 -0.964112 -0.00449473 -0.964112 -0.00449473 0.196726 0 0.393022 0 
1 1 0 0.0616996 0.0616996 406.054 -0.966628 -0.0039223 -0.966628 -0.0039223 0.192262 0 0.391334 0 
1 1 0 0.057401 0.057401 406.054 -0.969126 -0.00338797 -0.969126 -0.00338797 0.187848 0 0.389648 0 
1 1 0 0.0530872 0.0530872 406.054 -0.971605 -0.00289198 -0.971605 -0.00289198 0.183487 0 0.387964 0 
1 1 0 0.0487584 0.0487584 406.054 -0.974066 -0.00243458 -0.974066 -0.00243458 0.179178 0 0.386282 0 
1 1 0 0.044415 0.044415 406.054 -0.976507 -0.00201599 -0.976507 -0.00201599 0.174924 0 0.384603 0 
1 1 0 0.0400576 0.0400576 406.054 -0.97893 -0.00163641 -0.97893 -0.00163641 0.170725 0 0.382927 0 
1 1 0 0.0356863 0.0356863 406.054 -0.981334 -0.00129602 -0.981334 -0.00129602 0.166582 0 0.381253 0 
1 1 0 0.0313017 0.0313017 406.054 -0.983719 -0.000995005 -0.983719 -0.000995005 0.162496 0 0.379582 0 
1 1 0 0.0269041 0.0269041 406.054 -0.986084 -0.0007335 -0.986084 -0.0007335 0.158468 0 0.377915 0 
1 1 0 0.022494 0.022494 406.054 -0.98843 -0.000511637 -0.98843 -0.000511637 0.154499 0 0.37625 0 
1 1 0 0.0180717 0.0180717 406.054 -0.990757 -0.000329523 -0.990757 -0.000329523 0.150588 0 0.374589 0 
1 1 0 0.0136377 0.0136377 406.054 -0.993063 -0.00018725 -0.993063 -0.00018725 0.146738 0 0.372931 0 
1 1 0 0.00919236 0.00919236 406.054 -0.995351 -8.48872e-05 -0.995351 -8.48872e-05 0.142949 0 0.371277 0 
1 1 0 0.00473616 0.00473616 406.054 -0.997618 -2.24846e-05 -0.997618 -2.24846e-05 0.139221 0 0.369626 0 
1 1 0 0.000269509 0.000269509 406.054 -0.999865 -7.29528e-08 -0.999865 -7.29528e-08 0.135554 0 0.367979 0 
1 1 0 -0.00420717 -0.00420717 406.054 -1.00209 -1.76633e-05 -1.00209 -1.76633e-05 0.13195 0 0.366335 0 
2 2 0 0.5 0.5 406.054 -1.90647e-07 -1.90647e-07 -1.90647e-07 -1.90647e-07 0.13195 0 0.366335 0 
1 2 0 0.5005 0.5005 406.054 3.30044e-13 1.56728e-13 3.30044e-13 1.56728e-13 0.13195 0 0.366335 0 
2 2 0 0.501 0.501 198.681 -1.9776e-14 3.18443e-14 -1.9776e-14 3.18443e-14 1.0005 0.0316509 1.0005 -0.0316509 
2 2 0 0.502 0.502 140.492 -1.55966e-18 -1.61939e-18 -1.55966e-18 -1.61939e-18 1.00101 0.0447978 1.00101 -0.0447978 
2 2 0 0.504 0.504 99.3415 1.6284e-19 1.64251e-19 1.6284e-19 1.64251e-19 1.00203 0.0634616 1.00203 -0.0634616 
2 2 0 0.508 0.508 70.2387 -3.80538e-25 -8.14669e-27 -3.80538e-25 -8.14669e-27 1.00413 0.0900646 1.00413 -0.0900646 
2 2 0 0.513 0.513 55.0883 1.69061e-26 -4.26241e-27 1.69061e-26 -4.26241e-27 1.00684 0.115338 1.00684 -0.115338 
2 2 0 0.518 0.518 46.8016 1.29462e-31 1.62525e-31 1.29462e-31 1.62525e-31 1.00966 0.136368 1.00966 -0.136368 
2 2 0 0.523 0.523 41.3862 -5.33203e-33 -6.59488e-33 -5.33203e-33 -6.59488e-33 1.01257 0.154918 1.01257 -0.154918 
2 2 0 0.528 0.528 37.4904 2.1092e-38 5.07956e-39 2.1092e-38 5.07956e-39 1.01558 0.171817 1.01558 -0.171817 
2 2 0 0.533 0.533 34.5127 -7.42209e-40 -1.28476e-40 -7.42209e-40 -1.28476e-40 1.01869 0.187533 1.01869 -0.187533 
2 2 0 0.538 0.538 32.1393 -1.70589e-45 -3.75659e-45 -1.70589e-45 -3.75659e-45 1.02189 0.202363 1.02189 -0.202363 
2 2 0 0.543 0.543 30.1887 5.34438e-47 1.20541e-46 5.34438e-47 1.20541e-46 1.02519 0.216509 1.02519 -0.216509 
2 2 0 0.548 0.548 28.5474 -5.42743e-52 -2.83043e-52 -5.42743e-52 -2.83043e-52 1.02859 0.230117 1.02859 -0.230117 
2 2 0 0.553 0.553 27.1403 1.57198e-53 7.93972e-54 1.57198e-53 7.93972e-54 1.03208 0.243296 1.03208 -0.243296 
2 2 0 0.558 0.558 25.9157 -8.93234e-60 4.99568e-59 -8.93234e-60 4.99568e-59 1.03567 0.256133 1.03567 -0.256133 
2 2 0 0.563 0.563 24.8364 2.89154e-61 -1.33306e-60 2.89154e-61 -1.33306e-60 1.03934 0.268693 1.03934 -0.268693 
2 2 0 0.568 0.568 23.8751 7.72738e-66 7.27124e-66 7.72738e-66 7.27124e-66 1.04312 0.281034 1.04312 -0.281034 
2 2 0 0.573 0.573 23.0111 -1.87693e-67 -1.80968e-67 -1.87693e-67 -1.80968e-67 1.04698 0.2932 1.04698 -0.2932 
2 2 0 0.578 0.578 22.2285 6.97463e-73 -2.50251e-73 6.97463e-73 -2.50251e-73 1.05093 0.305232 1.05093 -0.305232 
2 2 0 0.583 0.583 21.5148 -1.689e-74 5.31928e-75 -1.689e-74 5.31928e-75 1.05497 0.317162 1.05497 -0.317162 
2 2 0 0.588 0.588 20.86 -4.72589e-80 -1.10472e-79 -4.72589e-80 -1.10472e-79 1.0591 0.329021 1.0591 -0.329021 
2 2 0 0.593 0.593 20.256 9.10233e-82 2.40327e-81 9.10233e-82 2.40327e-81 1.06332 0.340833 1.06332 -0.340833 
2 2 0 0.598 0.598 19.6961 -1.20886e-86 -4.51715e-87 -1.20886e-86 -4.51715e-87 1.06763 0.352623 1.06763 -0.352623 
2 2 0 0.603 0.603 19.175 2.49745e-88 1.02547e-88 2.49745e-88 1.02547e-88 1.07202 0.364411 1.07202 -0.364411 
2 2 0 0.608 0.608 18.6881 -4.15521e-94 9.38465e-94 -4.15521e-94 9.38465e-94 1.0765 0.376215 1.0765 -0.376215 
2 2 0 0.613 0.613 18.2315 9.73126e-96 -1.75083e-95 9.73126e-96 -1.75083e-95 1.08106 0.388053 1.08106 -0.388053 
2 2 0 0.618 0.618 17.802 9.73716e-101 1.17886e-100 9.73716e-101 1.17886e-100 1.0857 0.399942 1.0857 -0.399942 
2 2 0 0.623 0.623 17.3968 -1.68616e-102 -2.25636e-102 -1.68616e-102 -2.25636e-102 1.09042 0.411896 1.09042 -0.411896 
2 2 0 0.628 0.628 17.0134 1.22828e-107 -7.57499e-109 1.22828e-107 -7.57499e-109 1.09523 0.423928 1.09523 -0.423928 
2 2 0 0.633 0.633 16.6498 -2.25474e-109 -1.92269e-111 -2.25474e-109 -1.92269e-111 1.10012 0.436053 1.10012 -0.436053 
2 2 0 0.638 0.638 16.3042 6.04974e-116 -1.22773e-114 6.04974e-116 -1.22773e-114 1.10508 0.448283 1.10508 -0.448283 
2 2 0 0.643 0.643 15.9749 -2.96558e-117 2.03142e-116 -2.96558e-117 2.03142e-116 1.11012 0.460629 1.11012 -0.460629 
2 2 0 0.648 0.648 15.6607 -1.12128e-121 -9.09484e-122 -1.12128e-121 -9.09484e-122 1.11524 0.473103 1.11524 -0.473103 
2 2 0 0.653 0.653 15.3602 1.73375e-123 1.59855e-123 1.73375e-123 1.59855e-123 1.12043 0.485716 1.12043 -0.485716 
2 2 0 0.658 0.658 15.0724 -1.02303e-128 3.88284e-129 -1.02303e-128 3.88284e-129 1.12569 0.498479 1.12569 -0.498479 
2 2 0 0.663 0.663 14.7963 1.70474e-130 -4.55096e-131 1.70474e-130 -4.55096e-131 1.13103 0.511401 1.13103 -0.511401 
2 2 0 0.668 0.668 14.5311 1.06363e-136 1.1369e-135 1.06363e-136 1.1369e-135 1.13644 0.524494 1.13644 -0.524494 
2 2 0 0.673 0.673 14.2759 1.55999e-139 -1.69303e-137 1.55999e-139 -1.69303e-137 1.14191 0.537766 1.14191 -0.537766 
2 2 0 0.678 0.678 14.03 9.81792e-143 6.3091e-143 9.81792e-143 6.3091e-143 1.14745 0.551227 1.14745 -0.551227 
2 2 0 0.683 0.683 13.7929 -1.36051e-144 -1.03771e-144 -1.36051e-144 -1.03771e-144 1.15306 0.564888 1.15306 -0.564888 
2 2 0 0.688 0.688 13.564 7.92428e-150 -4.12967e-150 7.92428e-150 -4.12967e-150 1.15873 0.578757 1.15873 -0.578757 
2 2 0 0.693 0.693 13.3426 -1.20191e-151 4.55185e-152 -1.20191e-151 4.55185e-152 1.16447 0.592843 1.16447 -0.592843 
2 2 0 0.698 0.698 13.1285 -8.68039e-158 -8.81963e-157 -8.68039e-158 -8.81963e-157 1.17026 0.607155 1.17026 -0.607155 
2 2 0 0.703 0.703 12.9211 -1.875e-160 1.18773e-158 -1.875e-160 1.18773e-158 1.17611 0.621704 1.17611 -0.621704 
2 2 0 0.708 0.708 12.72 -7.15486e-164 -4.55672e-164 -7.15486e-164 -4.55672e-164 1.18201 0.636497 1.18201 -0.636497 
2 2 0 0.713 0.713 12.525 8.86421e-166 6.91974e-166 8.86421e-166 6.91974e-166 1.18797 0.651544 1.18797 -0.651544 
2 2 0 0.718 0.718 12.3356 -5.96043e-171 2.79327e-171 -5.96043e-171 2.79327e-171 1.19399 0.666853 1.19399 -0.666853 
2 2 0 0.723 0.723 12.1516 8.15806e-173 -2.63435e-173 8.15806e-173 -2.63435e-173 1.20005 0.682435 1.20005 -0.682435 
2 2 0 0.728 0.728 11.9727 -9.82351e-180 6.04834e-178 -9.82351e-180 6.04834e-178 1.20615 0.698297 1.20615 -0.698297 
2 2 0 0.733 0.733 11.7985 1.05984e-180 -7.34366e-180 1.05984e-180 -7.34366e-180 1.2123 0.71445 1.2123 -0.71445 
2 2 0 0.738 0.738 11.629 4.3805e-185 3.49689e-185 4.3805e-185 3.49689e-185 1.2185 0.730901 1.2185 -0.730901 
2 2 0 0.743 0.743 11.4639 -4.79458e-187 -4.76955e-187 -4.79458e-187 -4.76955e-187 1.22473 0.747661 1.22473 -0.747661 
2 2 0 0.748 0.748 11.303 4.24195e-192 -1.18208e-192 4.24195e-192 -1.18208e-192 1.23099 0.764738 1.23099 -0.764738 
2 2 0 0.753 0.753 11.146 -5.19143e-194 7.47551e-195 -5.19143e-194 7.47551e-195 1.23729 0.782142 1.23729 -0.782142 
2 2 0 0.758 0.758 10.9928 9.07324e-200 -3.63565e-199 9.07324e-200 -3.63565e-199 1.24362 0.799882 1.24362 -0.799882 
2 2 0 0.763 0.763 10.8433 -1.58969e-201 3.94216e-201 -1.58969e-201 3.94216e-201 1.24997 0.817967 1.24997 -0.817967 
2 2 0 0.768 0.768 10.6973 -2.12662e-206 -2.61739e-206 -2.12662e-206 -2.61739e-206 1.25635 0.836408 1.25635 -0.836408 
2 2 0 0.773 0.773 10.5546 1.98224e-208 3.16073e-208 1.98224e-208 3.16073e-208 1.26275 0.855213 1.26275 -0.855213 
2 2 0 0.778 0.778 10.4151 -2.6942e-213 2.14787e-215 -2.6942e-213 2.14787e-215 1.26916 0.874393 1.26916 -0.874393 
2 2 0 0.783 0.783 10.2788 2.92847e-215 3.59503e-216 2.92847e-215 3.59503e-216 1.27558 0.893958 1.27558 -0.893958 
2 2 0 0.788 0.788 10.1454 -1.1763e-220 1.8078e-220 -1.1763e-220 1.8078e-220 1.28201 0.913917 1.28201 -0.913917 
2 2 0 0.793 0.793 10.0148 1.50768e-222 -1.71164e-222 1.50768e-222 -1.71164e-222 1.28845 0.934281 1.28845 -0.934281 
2 2 0 0.798 0.798 9.88706 6.55385e-228 1.73793e-227 6.55385e-228 1.73793e-227 1.29488 0.95506 1.29488 -0.95506 
2 2 0 0.803 0.803 9.76195 -4.24433e-230 -1.85352e-229 -4.24433e-230 -1.85352e-229 1.30131 0.976264 1.30131 -0.976264 
2 2 0 0.808 0.808 9.63941 1.4218e-234 5.00353e-235 1.4218e-234 5.00353e-235 1.30773 0.997905 1.30773 -0.997905 
2 2 0 0.813 0.813 9.51935 -1.3571e-236 -6.92288e-237 -1.3571e-236 -6.92288e-237 1.31413 1.01999 1.31413 -1.01999 
2 2 0 0.818 0.818 9.40169 9.79381e-242 -6.38983e-242 9.79381e-242 -6.38983e-242 1.32051 1.04254 1.32051 -1.04254 
2 2 0 0.823 0.823 9.28635 -1.05005e-243 4.84337e-244 -1.05005e-243 4.84337e-244 1.32686 1.06555 1.32686 -1.06555 
2 2 0 0.828 0.828 9.17326 6.19591e-250 -9.4862e-249 6.19591e-250 -9.4862e-249 1.33318 1.08904 1.33318 -1.08904 
2 2 0 0.833 0.833 9.06235 -1.91115e-251 8.89565e-251 -1.91115e-251 8.89565e-251 1.33947 1.11303 1.33947 -1.11303 
2 2 0 0.838 0.838 8.95355 -5.55255e-256 -5.34447e-256 -5.55255e-256 -5.34447e-256 1.34571 1.13752 1.34571 -1.13752 
2 2 0 0.843 0.843 8.8468 4.4593e-258 5.69451e-258 4.4593e-258 5.69451e-258 1.3519 1.16252 1.3519 -1.16252 
2 2 0 0.848 0.848 8.74203 -5.92344e-263 5.89734e-264 -5.92344e-263 5.89734e-264 1.35804 1.18805 1.35804 -1.18805 
2 2 0 0.853 0.853 8.6392 5.49415e-265 2.51077e-266 5.49415e-265 2.51077e-266 1.36411 1.21412 1.36411 -1.21412 
2 2 0 0.858 0.858 8.53824 -2.52697e-270 3.85535e-270 -2.52697e-270 3.85535e-270 1.37011 1.24074 1.37011 -1.24074 
2 2 0 0.863 0.863 8.4391 2.77349e-272 -3.0911e-272 2.77349e-272 -3.0911e-272 1.37603 1.26793 1.37603 -1.26793 
2 2 0 0.868 0.868 8.34174 1.03999e-277 3.48833e-277 1.03999e-277 3.48833e-277 1.38187 1.29569 1.38187 -1.29569 
2 2 0 0.873 0.873 8.2461 -4.50849e-280 -3.16828e-279 -4.50849e-280 -3.16828e-279 1.38761 1.32404 1.38761 -1.32404 
2 2 0 0.878 0.878 8.15214 2.54717e-284 1.1934e-284 2.54717e-284 1.1934e-284 1.39325 1.35299 1.39325 -1.35299 
2 2 0 0.883 0.883 8.05982 -2.02685e-286 -1.34297e-286 -2.02685e-286 -1.34297e-286 1.39878 1.38257 1.39878 -1.38257 
2 2 0 0.888 0.888 7.96909 1.95101e-291 -8.51727e-292 1.95101e-291 -8.51727e-292 1.40419 1.41277 1.40419 -1.41277 
2 2 0 0.893 0.893 7.87992 -1.74577e-293 4.65237e-294 -1.74577e-293 4.65237e-294 1.40947 1.44362 1.40947 -1.44362 
2 2 0 0.898 0.898 7.79226 4.89314e-299 -1.54588e-298 4.89314e-299 -1.54588e-298 1.41461 1.47512 1.41461 -1.47512 
2 2 0 0.903 0.903 7.70607 -5.97159e-301 1.20588e-300 -5.97159e-301 1.20588e-300 1.4196 1.5073 1.4196 -1.5073 
2 2 0 0.908 0.908 7.62133 -6.22221e-306 -1.06682e-305 -6.22221e-306 -1.06682e-305 1.42442 1.54017 1.42442 -1.54017 
2 2 0 0.913 0.913 7.538 3.69044e-308 9.34375e-308 3.69044e-308 9.34375e-308 1.42908 1.57374 1.42908 -1.57374 
2 2 0 0.918 0.918 7.45604 -9.04104e-313 -2.00958e-313 -9.04104e-313 -2.00958e-313 1.43356 1.60803 1.43356 -1.60803 
2 2 0 0.923 0.923 7.37542 6.90239e-315 2.68399e-315 6.90239e-315 2.68399e-315 1.43784 1.64305 1.43784 -1.64305 
2 2 0 0.928 0.928 7.29611 -5.65952e-320 3.92436e-320 -5.65952e-320 3.92436e-320 1.44191 1.67882 1.44191 -1.67882 
2 2 0 0.933 0.933 7.21809 4.94066e-322 -2.37152e-322 4.94066e-322 -2.37152e-322 1.44576 1.71536 1.44576 -1.71536 
2 2 0 0.938 0.938 7.14132 0 -4.94066e-324 0 -4.94066e-324 1.44938 1.75268 1.44938 -1.75268 
2 2 0 0.943 0.943 7.06577 0 -4.94066e-324 0 -4.94066e-324 1.45276 1.7908 1.45276 -1.7908 
2 2 0 0.948 0.948 6.99141 0 0 0 0 1.45587 1.82973 1.45587 -1.82973 
2 2 0 0.953 0.953 6.91823 0 0 0 0 1.4587 1.8695 1.4587 -1.8695 
2 2 0 0.958 0.958 6.8462 0 0 0 0 1.46124 1.91012 1.46124 -1.91012 
2 2 0 0.963 0.963 6.77529 0 0 0 0 1.46348 1.9516 1.46348 -1.9516 
2 2 0 0.968 0.968 6.70547 0 0 0 0 1.46539 1.99397 1.46539 -1.99397 
2 2 0 0.973 0.973 6.63673 0 0 0 0 1.46695 2.03724 1.46695 -2.03724 
2 2 0 0.978 0.978 6.56904 0 0 0 0 1.46816 2.08144 1.46816 -2.08144 
2 2 0 0.983 0.983 6.50239 0 0 0 0 1.46899 2.12658 1.46899 -2.12658 
2 2 0 0.988 0.988 6.43674 0 0 0 0 1.46941 2.17268 1.46941 -2.17268 
2 2 0 0.993 0.993 6.37208 0 0 0 0 1.46942 2.21976 1.46942 -2.21976 
2 2 0 0.998 0.998 6.30839 0 0 0 0 1.46899 2.26784 1.46899 -2.26784 
2 2 0 1.003 1.003 6.24565 0 0 0 0 1.4681 2.31694 1.4681 -2.31694 
2 2 0 0.5 0.5 6.24565 -1.90647e-07 -1.90647e-07 -1.90647e-07 -1.90647e-07 1.4681 2.31694 1.4681 -2.31694 
2 2 0 0.4995 0.4995 6.24565 7.00244e-15 4.49317e-15 7.00244e-15 4.49317e-15 1.4681 2.31694 1.4681 -2.31694 
2 2 0 0.499 0.499 6.24565 -6.58034e-14 -1.44917e-14 -6.58034e-14 -1.44917e-14 1.0311 0 0.967907 0 
2 2 0 0.498 0.498 6.24565 4.98848e-19 4.81777e-19 4.98848e-19 4.81777e-19 1.04365 0 0.954362 0 
2 2 0 0.496 0.496 6.24565 -1.65612e-19 -1.55165e-19 -1.65612e-19 -1.55165e-19 1.06107 0 0.934994 0 
2 2 0 0.492 0.492 6.24565 1.57091e-25 1.29128e-26 1.57091e-25 1.29128e-26 1.085 0 0.907261 0 
2 2 0 0.487 0.487 6.24565 -2.04908e-26 -9.41688e-28 -2.04908e-26 -9.41688e-28 1.10671 0 0.880982 0 
2 2 0 0.482 0.482 6.24565 6.96719e-32 5.5457e-32 6.96719e-32 5.5457e-32 1.12401 0 0.85933 0 
2 2 0 0.477 0.477 6.24565 -5.88828e-33 -4.46178e-33 -5.88828e-33 -4.46178e-33 1.13869 0 0.840499 0 
2 2 0 0.472 0.472 6.24565 8.5541e-39 1.54455e-39 8.5541e-39 1.54455e-39 1.15161 0 0.823637 0 
2 2 0 0.467 0.467 6.24565 -5.96965e-40 -1.04426e-40 -5.96965e-40 -1.04426e-40 1.16327 0 0.808256 0 
2 2 0 0.462 0.462 6.24565 1.6098e-45 9.4337e-46 1.6098e-45 9.4337e-46 1.17396 0 0.794049 0 
2 2 0 0.457 0.457 6.24565 -8.88265e-47 -4.89909e-47 -8.88265e-47 -4.89909e-47 1.18392 0 0.780804 0 
2 2 0 0.452 0.452 6.24565 1.76217e-52 4.28481e-53 1.76217e-52 4.28481e-53 1.19328 0 0.768367 0 
2 2 0 0.447 0.447 6.24565 -8.39853e-54 -1.97972e-54 -8.39853e-54 -1.97972e-54 1.20217 0 0.756624 0 
2 2 0 0.442 0.442 6.24565 2.11709e-59 8.88381e-60 2.11709e-59 8.88381e-60 1.21067 0 0.745486 0 
2 2 0 0.437 0.437 6.24565 -8.60265e-61 -3.39965e-61 -8.60265e-61 -3.39965e-61 1.21887 0 0.734883 0 
2 2 0 0.432 0.432 6.24565 1.96971e-66 4.9587e-67 1.96971e-66 4.9587e-67 1.22681 0 0.724756 0 
2 2 0 0.427 0.427 6.24565 -7.07177e-68 -1.7138e-68 -7.07177e-68 -1.7138e-68 1.23455 0 0.715058 0 
2 2 0 0.422 0.422 6.24565 1.76724e-73 5.50881e-74 1.76724e-73 5.50881e-74 1.24213 0 0.70575 0 
2 2 0 0.417 0.417 6.24565 -5.60611e-75 -1.65439e-75 -5.60611e-75 -1.65439e-75 1.24959 0 0.696797 0 
2 2 0 0.412 0.412 6.24565 1.36428e-80 3.16679e-81 1.36428e-80 3.16679e-81 1.25696 0 0.68817 0 
2 2 0 0.407 0.407 6.24565 -3.88416e-82 -8.64298e-83 -3.88416e-82 -8.64298e-83 1.26426 0 0.679845 0 
2 2 0 0.402 0.402 6.24565 9.72934e-88 2.3662e-88 9.72934e-88 2.3662e-88 1.27152 0 0.671798 0 
2 2 0 0.397 0.397 6.24565 -2.49488e-89 -5.77006e-90 -2.49488e-89 -5.77006e-90 1.27876 0 0.664011 0 
2 2 0 0.392 0.392 6.24565 6.19153e-95 1.25476e-95 6.19153e-95 1.25476e-95 1.286 0 0.656466 0 
2 2 0 0.387 0.387 6.24565 -1.44118e-96 -2.79399e-97 -1.44118e-96 -2.79399e-97 1.29327 0 0.649148 0 
2 2 0 0.382 0.382 6.24565 3.59368e-102 7.05714e-103 3.59368e-102 7.05714e-103 1.30056 0 0.642043 0 
2 2 0 0.377 0.377 6.24565 -7.62092e-104 -1.42667e-104 -7.62092e-104 -1.42667e-104 1.30791 0 0.635139 0 
2 2 0 0.372 0.372 6.24565 1.88311e-109 3.24712e-110 1.88311e-109 3.24712e-110 1.31531 0 0.628424 0 
2 2 0 0.367 0.367 6.24565 -3.65453e-111 -6.02168e-112 -3.65453e-111 -6.02168e-112 1.3228 0 0.621888 0 
2 2 0 0.362 0.362 6.24565 8.96373e-117 1.44657e-117 8.96373e-117 1.44657e-117 1.33037 0 0.615522 0 
2 2 0 0.357 0.357 6.24565 -1.59661e-118 -2.45835e-119 -1.59661e-118 -2.45835e-119 1.33805 0 0.609317 0 
2 2 0 0.352 0.352 6.24565 3.86285e-124 5.59621e-125 3.86285e-124 5.59621e-125 1.34584 0 0.603265 0 
2 2 0 0.347 0.347 6.24565 -6.33284e-126 -8.75949e-127 -6.33284e-126 -8.75949e-127 1.35374 0 0.597359 0 
2 2 0 0.342 0.342 6.24565 1.50877e-131 2.01404e-132 1.50877e-131 2.01404e-132 1.36178 0 0.591592 0 
2 2 0 0.337 0.337 6.24565 -2.28146e-133 -2.90522e-134 -2.28146e-133 -2.90522e-134 1.36996 0 0.585958 0 
2 2 0 0.332 0.332 6.24565 5.33153e-139 6.44099e-140 5.33153e-139 6.44099e-140 1.37829 0 0.580452 0 
2 2 0 0.327 0.327 6.24565 -7.44981e-141 -8.58456e-142 -7.44981e-141 -8.58456e-142 1.38678 0 0.575068 0 
2 2 0 0.322 0.322 6.24565 1.70337e-146 1.88135e-147 1.70337e-146 1.88135e-147 1.39543 0 0.5698 0 
2 2 0 0.317 0.317 6.24565 -2.20257e-148 -2.31873e-149 -2.20257e-148 -2.31873e-149 1.40427 0 0.564645 0 
2 2 0 0.312 0.312 6.24565 4.91217e-154 4.91856e-155 4.91217e-154 4.91856e-155 1.41328 0 0.559597 0 
2 2 0 0.307 0.307 6.24565 -5.88483e-156 -5.61336e-157 -5.88483e-156 -5.61336e-157 1.42249 0 0.554653 0 
2 2 0 0.302 0.302 6.24565 1.27675e-161 1.16286e-162 1.27675e-161 1.16286e-162 1.4319 0 0.54981 0 
2 2 0 0.297 0.297 6.24565 -1.41838e-163 -1.22967e-164 -1.41838e-163 -1.22967e-164 1.44151 0 0.545062 0 
2 2 0 0.292 0.292 6.24565 2.98529e-169 2.46157e-170 2.98529e-169 2.46157e-170 1.45134 0 0.540408 0 
2 2 0 0.287 0.287 6.24565 -3.07736e-171 -2.41333e-172 -3.07736e-171 -2.41333e-172 1.46139 0 0.535843 0 
2 2 0 0.282 0.282 6.24565 6.26683e-177 4.67945e-178 6.26683e-177 4.67945e-178 1.47168 0 0.531365 0 
2 2 0 0.277 0.277 6.24565 -5.9969e-179 -4.25461e-180 -5.9969e-179 -4.25461e-180 1.4822 0 0.526971 0 
2 2 0 0.272 0.272 6.24565 1.17845e-184 7.94118e-186 1.17845e-184 7.94118e-186 1.49296 0 0.522659 0 
2 2 0 0.267 0.267 6.24565 -1.04704e-186 -6.69656e-188 -1.04704e-186 -6.69656e-188 1.50398 0 0.518425 0 
2 2 0 0.262 0.262 6.24565 1.98024e-192 1.20267e-193 1.98024e-192 1.20267e-193 1.51526 0 0.514267 0 
2 2 0 0.257 0.257 6.24565 -1.63358e-194 -9.40479e-196 -1.63358e-194 -9.40479e-196 1.52681 0 0.510183 0 
2 2 0 0.252 0.252 6.24565 2.96553e-200 1.61805e-201 2.96553e-200 1.61805e-201 1.53864 0 0.506171 0 
2 2 0 0.247 0.247 6.24565 -2.27088e-202 -1.17294e-203 -2.27088e-202 -1.17294e-203 1.55074 0 0.502229 0 
2 2 0 0.242 0.242 6.24565 3.94634e-208 1.92985e-209 3.94634e-208 1.92985e-209 1.56314 0 0.498355 0 
2 2 0 0.237 0.237 6.24565 -2.80393e-210 -1.29608e-211 -2.80393e-210 -1.29608e-211 1.57584 0 0.494546 0 
2 2 0 0.232 0.232 6.24565 4.65163e-216 2.03174e-217 4.65163e-216 2.03174e-217 1.58885 0 0.490802 0 
2 2 0 0.227 0.227 6.24565 -3.0646e-218 -1.26311e-219 -3.0646e-218 -1.26311e-219 1.60217 0 0.48712 0 
2 2 0 0.222 0.222 6.24565 4.83965e-224 1.88194e-225 4.83965e-224 1.88194e-225 1.61582 0 0.483499 0 
2 2 0 0.217 0.217 6.24565 -2.95388e-226 -1.08188e-227 -2.95388e-226 -1.08188e-227 1.6298 0 0.479937 0 
2 2 0 0.212 0.212 6.24565 4.42744e-232 1.52657e-233 4.42744e-232 1.52657e-233 1.64412 0 0.476433 0 
2 2 0 0.207 0.207 6.24565 -2.50063e-234 -8.10397e-236 -2.50063e-234 -8.10397e-236 1.65878 0 0.472986 0 
2 2 0 0.202 0.202 6.24565 3.54638e-240 1.07971e-241 3.54638e-240 1.07971e-241 1.67381 0 0.469594 0 
2 2 0 0.197 0.197 6.24565 -1.85092e-242 -5.28425e-244 -1.85092e-242 -5.28425e-244 1.6892 0 0.466255 0 
2 2 0 0.192 0.192 6.24565 2.47558e-248 6.62245e-250 2.47558e-248 6.62245e-250 1.70497 0 0.462969 0 
2 2 0 0.187 0.187 6.24565 -1.19192e-250 -2.98213e-252 -1.19192e-250 -2.98213e-252 1.72113 0 0.459735 0 
2 2 0 0.182 0.182 6.24565 1.49822e-256 3.50287e-258 1.49822e-256 3.50287e-258 1.73768 0 0.456551 0 
2 2 0 0.177 0.177 6.24565 -6.64089e-259 -1.44789e-260 -6.64089e-259 -1.44789e-260 1.75464 0 0.453416 0 
2 2 0 0.172 0.172 6.24565 7.81548e-265 1.58724e-266 7.81548e-265 1.58724e-266 1.77201 0 0.450329 0 
2 2 0 0.167 0.167 6.24565 -3.18152e-267 -6.00526e-269 -3.18152e-267 -6.00526e-269 1.7898 0 0.447289 0 
2 2 0 0.162 0.162 6.24565 3.4913e-273 6.117e-275 3.4913e-273 6.117e-275 1.80804 0 0.444296 0 
2 2 0 0.157 0.157 6.24565 -1.3015e-275 -2.11136e-277 -1.3015e-275 -2.11136e-277 1.82671 0 0.441347 0 
2 2 0 0.152 0.152 6.24565 1.32576e-281 1.98815e-283 1.32576e-281 1.98815e-283 1.84585 0 0.438443 0 
2 2 0 0.147 0.147 6.24565 -4.51052e-284 -6.23573e-286 -4.51052e-284 -6.23573e-286 1.86546 0 0.435583 0 
2 2 0 0.142 0.142 6.24565 4.24365e-290 5.39824e-292 4.24365e-290 5.39824e-292 1.88554 0 0.432765 0 
2 2 0 0.137 0.137 6.24565 -1.31236e-292 -1.53131e-294 -1.31236e-292 -1.53131e-294 1.90612 0 0.42999 0 
2 2 0 0.132 0.132 6.24565 1.13398e-298 1.21086e-300 1.13398e-298 1.21086e-300 1.9272 0 0.427255 0 
2 2 0 0.127 0.127 6.24565 -3.17239e-301 -3.08904e-303 -3.17239e-301 -3.08904e-303 1.9488 0 0.424561 0 
2 2 0 0.122 0.122 6.24565 2.50144e-307 2.21489e-309 2.50144e-307 2.21489e-309 1.97094 0 0.421906 0 
2 2 0 0.117 0.117 6.24565 -6.2942e-310 -5.04714e-312 -6.2942e-310 -5.04714e-312 1.99361 0 0.419291 0 
2 2 0 0.112 0.112 6.24565 4.49527e-316 3.253e-318 4.49527e-316 3.253e-318 2.01684 0 0.416714 0 
2 2 0 0.107 0.107 6.24565 -1.01032e-318 -6.57107e-321 -1.01032e-318 -6.57107e-321 2.04064 0 0.414174 0 
2 2 0 0.102 0.102 6.24565 0 -4.94066e-324 0 -4.94066e-324 2.06503 0 0.411672 0 
2 2 0 0.0970001 0.0970001 6.24565 0 4.94066e-324 0 4.94066e-324 2.09002 0 0.409206 0 
2 2 0 0.0920001 0.0920001 6.24565 0 4.94066e-324 0 4.94066e-324 2.11562 0 0.406776 0 
2 2 0 0.0870001 0.0870001 6.24565 0 0 0 0 2.14186 0 0.404381 0 
2 2 0 0.0820001 0.0820001 6.24565 0 0 0 0 2.16874 0 0.402022 0 
2 2 0 0.0770001 0.0770001 6.24565 0 0 0 0 2.19628 0 0.399696 0 
2 2 0 0.0720001 0.0720001 6.24565 0 0 0 0 2.22451 0 0.397405 0 
2 2 0 0.0670001 0.0670001 6.24565 0 0 0 0 2.25343 0 0.395146 0 
2 2 0 0.0620001 0.0620001 6.24565 0 0 0 0 2.28308 0 0.392921 0 
2 2 0 0.0570001 0.0570001 6.24565 0 0 0 0 2.31345 0 0.390727 0 
2 2 0 0.0520001 0.0520001 6.24565 0 0 0 0 2.34458 0 0.388566 0 
2 2 0 0.0470001 0.0470001 6.24565 0 0 0 0 2.37649 0 0.386436 0 
2 2 0 0.0420001 0.0420001 6.24565 0 0 0 0 2.40919 0 0.384337 0 
2 2 0 0.0370001 0.0370001 6.24565 0 0 0 0 2.4427 0 0.382269 0 
2 2 0 0.0320001 0.0320001 6.24565 0 0 0 0 2.47706 0 0.380231 0 
2 2 0 0.0270001 0.0270001 6.24565 0 0 0 0 2.51227 0 0.378223 0 
2 2 0 0.0220001 0.0220001 6.24565 0 0 0 0 2.54836 0 0.376245 0 
2 2 0 0.0170001 0.0170001 6.24565 0 0 0 0 2.58537 0 0.374295 0 
2 2 0 0.0120001 0.0120001 6.24565 0 0 0 0 2.6233 0 0.372374 0 
2 2 0 0.00700005 0.00700005 6.24565 0 0 0 0 2.66218 0 0.370482 0 
2 2 0 0.00200005 0.00200005 6.24565 0 0 0 0 2.70205 0 0.368617 0 
2 2 0 -0.00299995 -0.00299995 6.24565 0 0 0 0 2.74293 0 0.366781 0 
