3 -1 0 1 1 6.25 1 0.999731 -0.999756 -0.999687 0 0 0 0 
3 -1 0 0.99952 0.99952 6.29225 0.999412 0.999412 -0.999412 -0.999412 0.999711 0 0.0018723 0 
3 -1 0 0.989416 0.989416 6.48699 0.989082 0.989082 -0.989082 -0.989082 1 0 0.00199871 0 
3 -1 0 0.988845 0.988845 6.49822 0.988452 0.988502 -0.988452 -0.988502 0.99992 0 0.00200643 0 
3 -1 0 0.987706 0.987706 6.52073 0.987259 0.987309 -0.987259 -0.987309 0.999974 0 0.00202138 0 
3 -1 0 0.985437 0.985437 6.56589 0.984863 0.984913 -0.984863 -0.984913 0.999896 0 0.00205224 0 
3 -1 0 0.982019 0.982019 6.63468 0.981215 0.98127 -0.981215 -0.98127 0.999734 0 0.00210025 0 
3 -1 0 0.978627 0.978627 6.70392 0.977542 0.977597 -0.977542 -0.977597 0.999678 0 0.00214939 0 
3 -1 0 0.97526 0.97526 6.77359 0.973847 0.9739 -0.973847 -0.9739 0.999678 0 0.00219981 0 
3 -1 0 0.971918 0.971918 6.8437 0.970129 0.97018 -0.970129 -0.97018 0.999677 0 0.00225173 0 
3 -1 0 0.968602 0.968602 6.91423 0.966388 0.966437 -0.966388 -0.966437 0.999676 0 0.00230518 0 
3 -1 0 0.965311 0.965311 6.98519 0.962625 0.962672 -0.962625 -0.962672 0.999676 0 0.00236021 0 
3 -1 0 0.962045 0.962045 7.05656 0.958841 0.958886 -0.958841 -0.958886 0.999675 0 0.00241686 0 
3 -1 0 0.958805 0.958805 7.12835 0.955035 0.955076 -0.955035 -0.955076 0.999675 0 0.00247518 0 
3 -1 0 0.95559 0.95559 7.20053 0.951208 0.951244 -0.951208 -0.951244 0.999675 0 0.00253522 0 
3 -1 0 0.952401 0.952401 7.27312 0.94736 0.947394 -0.94736 -0.947394 0.999675 0 0.00259702 0 
3 -1 0 0.949236 0.949236 7.3461 0.943492 0.94352 -0.943492 -0.94352 0.999675 0 0.00266064 0 
3 -1 0 0.946097 0.946097 7.41947 0.939604 0.939625 -0.939604 -0.939625 0.999674 0 0.00272613 0 
3 -1 0 0.942983 0.942983 7.49322 0.935696 0.935714 -0.935696 -0.935714 0.999674 0 0.00279354 0 
3 -1 0 0.939894 0.939894 7.56735 0.931769 0.931779 -0.931769 -0.931779 0.999675 0 0.00286294 0 
3 -1 0 0.936829 0.936829 7.64185 0.927823 0.927823 -0.927823 -0.927823 0.999675 0 0.00293437 0 
3 -1 0 0.93379 0.93379 7.71671 0.923859 0.923855 -0.923859 -0.923855 0.999675 0 0.00300789 0 
3 -1 0 0.930775 0.930775 7.79194 0.919876 0.91986 -0.919876 -0.91986 0.999675 0 0.00308357 0 
3 -1 0 0.927785 0.927785 7.86752 0.915875 0.915846 -0.915875 -0.915846 0.999676 0 0.00316146 0 
3 -1 0 0.924819 0.924819 7.94345 0.911858 0.911824 -0.911858 -0.911824 0.999676 0 0.00324164 0 
3 -1 0 0.921878 0.921878 8.01973 0.907822 0.907773 -0.907822 -0.907773 0.999676 0 0.00332417 0 
3 -1 0 0.918961 0.918961 8.09634 0.903769 0.903704 -0.903769 -0.903704 0.999677 0 0.0034091 0 
3 -1 0 0.916068 0.916068 8.17329 0.899702 0.899631 -0.899702 -0.899631 0.999678 0 0.00349653 0 
3 -1 0 0.913199 0.913199 8.25057 0.895616 0.895527 -0.895616 -0.895527 0.999678 0 0.00358651 0 
3 -1 0 0.910353 0.910353 8.32818 0.891514 0.891406 -0.891514 -0.891406 0.999679 0 0.00367912 0 
3 -1 0 0.907531 0.907531 8.40611 0.8874 0.887288 -0.8874 -0.887288 0.99968 0 0.00377444 0 
3 -1 0 0.904733 0.904733 8.48435 0.883267 0.883133 -0.883267 -0.883133 0.99968 0 0.00387255 0 
3 -1 0 0.901958 0.901958 8.56291 0.87912 0.878962 -0.87912 -0.878962 0.999681 0 0.00397352 0 
3 -1 0 0.899206 0.899206 8.64177 0.874961 0.874789 -0.874961 -0.874789 0.999682 0 0.00407744 0 
3 -1 0 0.896477 0.896477 8.72093 0.870784 0.870587 -0.870784 -0.870587 0.999683 0 0.0041844 0 
3 -1 0 0.893771 0.893771 8.80039 0.866594 0.866369 -0.866594 -0.866369 0.999684 0 0.00429449 0 
3 -1 0 0.891087 0.891087 8.88015 0.862391 0.862103 -0.862391 -0.862103 0.999685 0 0.00440779 0 
3 -1 0 0.888425 0.888425 8.96019 0.858173 0.857855 -0.858173 -0.857855 0.999686 0 0.00452441 0 
3 -1 0 0.885786 0.885786 9.04053 0.853943 0.853593 -0.853943 -0.853593 0.999687 0 0.00464443 0 
3 -1 0 0.883169 0.883169 9.12114 0.8497 0.849255 -0.8497 -0.849255 0.999688 0 0.00476796 0 
3 -1 0 0.880574 0.880574 9.20203 0.845444 0.844965 -0.845444 -0.844965 0.999689 0 0.0048951 0 
3 -1 0 0.878 0.878 9.2832 0.841176 0.84066 -0.841176 -0.84066 0.99969 0 0.00502596 0 
3 -1 0 0.875447 0.875447 9.36464 0.836897 0.836292 -0.836897 -0.836292 0.999693 0 0.00516065 0 
3 -1 0 0.872916 0.872916 9.44634 0.832605 0.831961 -0.832605 -0.831961 0.999694 0 0.00529928 0 
3 -1 0 0.870406 0.870406 9.52831 0.828301 0.827617 -0.828301 -0.827617 0.999695 0 0.00544196 0 
3 -1 0 0.867916 0.867916 9.61054 0.82399 0.823233 -0.82399 -0.823233 0.999696 0 0.00558882 0 
3 -1 0 0.865447 0.865447 9.69303 0.819664 0.818865 -0.819664 -0.818865 0.999698 0 0.00573998 0 
3 -1 0 0.862999 0.862999 9.77577 0.815327 0.814486 -0.815327 -0.814486 0.999699 0 0.00589557 0 
3 -1 0 0.860571 0.860571 9.85877 0.810981 0.810116 -0.810981 -0.810116 0.9997 0 0.00605572 0 
3 -1 0 0.858162 0.858162 9.94201 0.806623 0.805714 -0.806623 -0.805714 0.999702 0 0.00622056 0 
3 -1 0 0.855774 0.855774 10.0255 0.802256 0.801299 -0.802256 -0.801299 0.999703 0 0.00639024 0 
3 -1 0 0.853405 0.853405 10.1092 0.79788 0.796878 -0.79788 -0.796878 0.999703 0 0.00656489 0 
3 -1 0 0.851055 0.851055 10.1932 0.793493 0.792442 -0.793493 -0.792442 0.999705 0 0.00674468 0 
3 -1 0 0.848725 0.848725 10.2774 0.789096 0.787995 -0.789096 -0.787995 0.999706 0 0.00692975 0 
3 -1 0 0.846413 0.846413 10.3619 0.784693 0.783538 -0.784693 -0.783538 0.999708 0 0.00712026 0 
3 -1 0 0.84412 0.84412 10.4465 0.780278 0.77907 -0.780278 -0.77907 0.999709 0 0.00731638 0 
3 -1 0 0.841846 0.841846 10.5315 0.775855 0.774592 -0.775855 -0.774592 0.999711 0 0.00751827 0 
3 -1 0 0.83959 0.83959 10.6166 0.771425 0.770103 -0.771425 -0.770103 0.999713 0 0.00772613 0 
3 -1 0 0.837352 0.837352 10.702 0.766984 0.765603 -0.766984 -0.765603 0.999714 0 0.0079401 0 
3 -1 0 0.835132 0.835132 10.7876 0.762536 0.761095 -0.762536 -0.761095 0.999716 0 0.00816038 0 
3 -1 0 0.832929 0.832929 10.8734 0.758081 0.756601 -0.758081 -0.756601 0.999721 0 0.00838708 0 
3 -1 0 0.830745 0.830745 10.9594 0.753617 0.752073 -0.753617 -0.752073 0.999723 0 0.00862056 0 
3 -1 0 0.828577 0.828577 11.0457 0.749144 0.747537 -0.749144 -0.747537 0.999724 0 0.00886095 0 
3 -1 0 0.826427 0.826427 11.1321 0.744667 0.743032 -0.744667 -0.743032 0.999724 0 0.00910858 0 
3 -1 0 0.824293 0.824293 11.2188 0.740179 0.738479 -0.740179 -0.738479 0.999726 0 0.00936342 0 
3 -1 0 0.822177 0.822177 11.3057 0.735684 0.733917 -0.735684 -0.733917 0.999727 0 0.00962581 0 
3 -1 0 0.820076 0.820076 11.3929 0.731185 0.729388 -0.731185 -0.729388 0.999729 0 0.00989599 0 
3 -1 0 0.817993 0.817993 11.4802 0.726676 0.724811 -0.726676 -0.724811 0.99973 0 0.0101742 0 
3 -1 0 0.815925 0.815925 11.5677 0.72216 0.720226 -0.72216 -0.720226 0.999732 0 0.0104607 0 
3 -1 0 0.813873 0.813873 11.6555 0.717639 0.715581 -0.717639 -0.715581 0.99973 0 0.0107556 0 
3 -1 0 0.811837 0.811837 11.7435 0.71311 0.71098 -0.71311 -0.71098 0.999731 0 0.0110594 0 
3 -1 0 0.809817 0.809817 11.8316 0.708574 0.706373 -0.708574 -0.706373 0.999733 0 0.0113722 0 
3 -1 0 0.807812 0.807812 11.92 0.704034 0.701744 -0.704034 -0.701744 0.999734 0 0.0116944 0 
3 -1 0 0.805822 0.805822 12.0086 0.699485 0.697123 -0.699485 -0.697123 0.999736 0 0.0120262 0 
3 -1 0 0.803847 0.803847 12.0974 0.694931 0.692497 -0.694931 -0.692497 0.999737 0 0.012368 0 
3 -1 0 0.801887 0.801887 12.1864 0.690373 0.687919 -0.690373 -0.687919 0.999739 0 0.0127199 0 
3 -1 0 0.799942 0.799942 12.2756 0.685807 0.683278 -0.685807 -0.683278 0.99974 0 0.0130825 0 
3 -1 0 0.798011 0.798011 12.365 0.681234 0.678632 -0.681234 -0.678632 0.999741 0 0.0134558 0 
3 -1 0 0.796095 0.796095 12.4546 0.676658 0.673966 -0.676658 -0.673966 0.999743 0 0.0138405 0 
3 -1 0 0.794193 0.794193 12.5444 0.672074 0.669308 -0.672074 -0.669308 0.999744 0 0.0142366 0 
3 -1 0 0.792305 0.792305 12.6344 0.667485 0.664643 -0.667485 -0.664643 0.999746 0 0.0146447 0 
3 -1 0 0.79043 0.79043 12.7246 0.662891 0.660039 -0.662891 -0.660039 0.999747 0 0.0150651 0 
3 -1 0 0.78857 0.78857 12.815 0.658291 0.655365 -0.658291 -0.655365 0.999749 0 0.0154982 0 
3 -1 0 0.786723 0.786723 12.9056 0.653685 0.650687 -0.653685 -0.650687 0.99975 0 0.0159443 0 
3 -1 0 0.784889 0.784889 12.9964 0.649075 0.645978 -0.649075 -0.645978 0.999751 0 0.016404 0 
3 -1 0 0.783068 0.783068 13.0874 0.64446 0.641288 -0.64446 -0.641288 0.999753 0 0.0168775 0 
3 -1 0 0.781261 0.781261 13.1786 0.639839 0.636592 -0.639839 -0.636592 0.999754 0 0.0173654 0 
3 -1 0 0.779466 0.779466 13.27 0.635214 0.631855 -0.635214 -0.631855 0.999755 0 0.0178682 0 
3 -1 0 0.777684 0.777684 13.3616 0.630583 0.627155 -0.630583 -0.627155 0.999757 0 0.0183861 0 
3 -1 0 0.775915 0.775915 13.4534 0.625947 0.622451 -0.625947 -0.622451 0.999758 0 0.0189199 0 
3 -1 0 0.774158 0.774158 13.5454 0.621308 0.617791 -0.621308 -0.617791 0.999759 0 0.0194699 0 
3 -1 0 0.772413 0.772413 13.6376 0.616663 0.613076 -0.616663 -0.613076 0.999761 0 0.0200366 0 
3 -1 0 0.770681 0.770681 13.73 0.612013 0.608357 -0.612013 -0.608357 0.999762 0 0.0206206 0 
3 -1 0 0.76896 0.76896 13.8226 0.607359 0.603636 -0.607359 -0.603636 0.999763 0 0.0212225 0 
3 -1 0 0.767252 0.767252 13.9154 0.6027 0.598907 -0.6027 -0.598907 0.999765 0 0.0218428 0 
3 -1 0 0.765555 0.765555 14.0084 0.598036 0.594175 -0.598036 -0.594175 0.999766 0 0.0224821 0 
3 -1 0 0.763869 0.763869 14.1016 0.593368 0.5894 -0.593368 -0.5894 0.999767 0 0.023141 0 
3 -1 0 0.762196 0.762196 14.195 0.588695 0.584659 -0.588695 -0.584659 0.999768 0 0.0238201 0 
3 -1 0 0.760533 0.760533 14.2886 0.584018 0.579914 -0.584018 -0.579914 0.99977 0 0.0245201 0 
3 -1 0 0.758882 0.758882 14.3824 0.579337 0.575199 -0.579337 -0.575199 0.999771 0 0.0252417 0 
3 -1 0 0.757242 0.757242 14.4764 0.574651 0.570452 -0.574651 -0.570452 0.999772 0 0.0259854 0 
3 -1 0 0.755613 0.755613 14.5706 0.569961 0.565702 -0.569961 -0.565702 0.999773 0 0.0267521 0 
3 -1 0 0.753994 0.753994 14.665 0.565267 0.560929 -0.565267 -0.560929 0.999774 0 0.0275425 0 
3 -1 0 0.752386 0.752386 14.7596 0.560568 0.556169 -0.560568 -0.556169 0.999776 0 0.0283573 0 
3 -1 0 0.750789 0.750789 14.8544 0.555865 0.551406 -0.555865 -0.551406 0.999777 0 0.0291973 0 
3 -1 0 0.749203 0.749203 14.9495 0.551157 0.546652 -0.551157 -0.546652 0.999778 0 0.0300634 0 
3 -1 0 0.747626 0.747626 15.0447 0.546446 0.541884 -0.546446 -0.541884 0.999779 0 0.0309563 0 
3 -1 0 0.74606 0.74606 15.1401 0.541731 0.537113 -0.541731 -0.537113 0.99978 0 0.031877 0 
3 -1 0 0.744504 0.744504 15.2358 0.537011 0.532307 -0.537011 -0.532307 0.999781 0 0.0328263 0 
3 -1 0 0.742958 0.742958 15.3316 0.532288 0.527531 -0.532288 -0.527531 0.999782 0 0.0338052 0 
3 -1 0 0.741422 0.741422 15.4277 0.52756 0.522752 -0.52756 -0.522752 0.999783 0 0.0348146 0 
3 -1 0 0.739896 0.739896 15.524 0.522828 0.518023 -0.522828 -0.518023 0.999784 0 0.0358556 0 
3 -1 0 0.738379 0.738379 15.6204 0.518093 0.513246 -0.518093 -0.513246 0.999785 0 0.036929 0 
3 -1 0 0.736872 0.736872 15.7171 0.513353 0.508467 -0.513353 -0.508467 0.999786 0 0.0380359 0 
3 -1 0 0.735375 0.735375 15.814 0.50861 0.503651 -0.50861 -0.503651 0.999787 0 0.0391775 0 
3 -1 0 0.733887 0.733887 15.9112 0.503862 0.49887 -0.503862 -0.49887 0.999788 0 0.0403549 0 
3 -1 0 0.732408 0.732408 16.0085 0.499111 0.494087 -0.499111 -0.494087 0.999789 0 0.0415693 0 
3 -1 0 0.730938 0.730938 16.106 0.494356 0.489301 -0.494356 -0.489301 0.99979 0 0.0428217 0 
3 -1 0 0.729478 0.729478 16.2038 0.489597 0.484514 -0.489597 -0.484514 0.999791 0 0.0441136 0 
3 -1 0 0.728026 0.728026 16.3018 0.484834 0.479726 -0.484834 -0.479726 0.999792 0 0.0454462 0 
3 -1 0 0.726583 0.726583 16.4 0.480067 0.474943 -0.480067 -0.474943 0.999793 0 0.0468207 0 
3 -1 0 0.725149 0.725149 16.4984 0.475296 0.47015 -0.475296 -0.47015 0.999794 0 0.0482387 0 
3 -1 0 0.723724 0.723724 16.5971 0.470522 0.465356 -0.470522 -0.465356 0.999795 0 0.0497014 0 
3 -1 0 0.722307 0.722307 16.6959 0.465743 0.460573 -0.465743 -0.460573 0.999796 0 0.0512103 0 
3 -1 0 0.720899 0.720899 16.795 0.460961 0.455774 -0.460961 -0.455774 0.999797 0 0.0527671 0 
3 -1 0 0.7195 0.7195 16.8944 0.456175 0.450974 -0.456175 -0.450974 0.999798 0 0.0543732 0 
3 -1 0 0.718108 0.718108 16.9939 0.451385 0.446163 -0.451385 -0.446163 0.999798 0 0.0560302 0 
3 -1 0 0.716725 0.716725 17.0937 0.446592 0.441362 -0.446592 -0.441362 0.999799 0 0.0577398 0 
3 -1 0 0.715351 0.715351 17.1937 0.441796 0.436559 -0.441796 -0.436559 0.9998 0 0.0595038 0 
3 -1 0 0.713984 0.713984 17.294 0.436996 0.431745 -0.436996 -0.431745 0.999801 0 0.0613239 0 
3 -1 0 0.712625 0.712625 17.3944 0.432192 0.426941 -0.432192 -0.426941 0.999802 0 0.063202 0 
3 -1 0 0.711275 0.711275 17.4951 0.427389 0.422136 -0.427389 -0.422136 0.999803 0 0.0651399 0 
3 -1 0 0.709932 0.709932 17.5961 0.422587 0.417332 -0.422587 -0.417332 0.999803 0 0.0671398 0 
3 -1 0 0.708597 0.708597 17.6973 0.41778 0.412525 -0.41778 -0.412525 0.999804 0 0.0692035 0 
3 -1 0 0.70727 0.70727 17.7987 0.412969 0.407716 -0.412969 -0.407716 0.999804 0 0.0713331 0 
3 -1 0 0.70595 0.70595 17.9004 0.408153 0.402909 -0.408153 -0.402909 0.999805 0 0.0735307 0 
3 -1 0 0.704638 0.704638 18.0023 0.403335 0.398098 -0.403335 -0.398098 0.999806 0 0.0757989 0 
3 -1 0 0.703334 0.703334 18.1044 0.398514 0.393286 -0.398514 -0.393286 0.999807 0 0.0781398 0 
3 -1 0 0.702037 0.702037 18.2068 0.393689 0.388473 -0.393689 -0.388473 0.999808 0 0.0805557 0 
3 -1 0 0.700747 0.700747 18.3095 0.388861 0.38366 -0.388861 -0.38366 0.999808 0 0.0830493 0 
3 -1 0 0.699465 0.699465 18.4124 0.384029 0.378846 -0.384029 -0.378846 0.999809 0 0.085623 0 
3 -1 0 0.69819 0.69819 18.5155 0.379194 0.374031 -0.379194 -0.374031 0.99981 0 0.0882795 0 
3 -1 0 0.696922 0.696922 18.619 0.374355 0.369216 -0.374355 -0.369216 0.99981 0 0.0910216 0 
3 -1 0 0.695661 0.695661 18.7226 0.369513 0.364399 -0.369513 -0.364399 0.999811 0 0.0938519 0 
3 -1 0 0.694407 0.694407 18.8265 0.364667 0.359583 -0.364667 -0.359583 0.999812 0 0.0967736 0 
3 -1 0 0.693161 0.693161 18.9307 0.359819 0.354766 -0.359819 -0.354766 0.999812 0 0.0997895 0 
3 -1 0 0.691921 0.691921 19.0352 0.354967 0.349948 -0.354967 -0.349948 0.999813 0 0.102903 0 
3 -1 0 0.690688 0.690688 19.1399 0.350111 0.34513 -0.350111 -0.34513 0.999813 0 0.106117 0 
3 -1 0 0.689462 0.689462 19.2448 0.345253 0.340311 -0.345253 -0.340311 0.999814 0 0.109435 0 
3 -1 0 0.688243 0.688243 19.3501 0.340391 0.335491 -0.340391 -0.335491 0.999815 0 0.11286 0 
3 -1 0 0.68703 0.68703 19.4556 0.335526 0.330672 -0.335526 -0.330672 0.999814 0 0.116397 0 
3 -1 0 0.685824 0.685824 19.5614 0.330657 0.325851 -0.330657 -0.325851 0.999814 0 0.120048 0 
3 -1 0 0.684625 0.684625 19.6674 0.325786 0.32103 -0.325786 -0.32103 0.999815 0 0.123817 0 
3 -1 0 0.683432 0.683432 19.7737 0.320911 0.31621 -0.320911 -0.31621 0.999815 0 0.127709 0 
3 -1 0 0.682246 0.682246 19.8803 0.316033 0.311388 -0.316033 -0.311388 0.999815 0 0.131727 0 
3 -1 0 0.681067 0.681067 19.9872 0.311153 0.306564 -0.311153 -0.306564 0.999816 0 0.135875 0 
3 -1 0 0.679893 0.679893 20.0944 0.306269 0.301745 -0.306269 -0.301745 0.999816 0 0.140159 0 
3 -1 0 0.678726 0.678726 20.2019 0.301382 0.29692 -0.301382 -0.29692 0.999816 0 0.144581 0 
3 -1 0 0.677566 0.677566 20.3096 0.296493 0.292096 -0.296493 -0.292096 0.999817 0 0.149148 0 
3 -1 0 0.676411 0.676411 20.4176 0.2916 0.287275 -0.2916 -0.287275 0.999817 0 0.153864 0 
3 -1 0 0.675263 0.675263 20.5259 0.286705 0.282449 -0.286705 -0.282449 0.999818 0 0.158733 0 
3 -1 0 0.674121 0.674121 20.6345 0.281807 0.277622 -0.281807 -0.277622 0.999818 0 0.163761 0 
3 -1 0 0.672985 0.672985 20.7434 0.276906 0.2728 -0.276906 -0.2728 0.999818 0 0.168952 0 
3 -1 0 0.671855 0.671855 20.8526 0.272003 0.267973 -0.272003 -0.267973 0.999819 0 0.174313 0 
3 -1 0 0.670731 0.670731 20.9621 0.267096 0.263145 -0.267096 -0.263145 0.999819 0 0.179849 0 
3 -1 0 0.669614 0.669614 21.0719 0.26219 0.25832 -0.26219 -0.25832 0.999819 0 0.185566 0 
3 -1 0 0.668502 0.668502 21.182 0.257286 0.253491 -0.257286 -0.253491 0.999819 0 0.19147 0 
3 -1 0 0.667396 0.667396 21.2925 0.252379 0.248661 -0.252379 -0.248661 0.99982 0 0.197566 0 
3 -1 0 0.666296 0.666296 21.4032 0.24747 0.243833 -0.24747 -0.243833 0.99982 0 0.203862 0 
3 -1 0 0.665202 0.665202 21.5142 0.242558 0.239002 -0.242558 -0.239002 0.99982 0 0.210363 0 
3 -1 0 0.664113 0.664113 21.6255 0.237644 0.23417 -0.237644 -0.23417 0.99982 0 0.217078 0 
3 -1 0 0.663031 0.663031 21.7372 0.232727 0.229337 -0.232727 -0.229337 0.99982 0 0.224011 0 
3 -1 0 0.661954 0.661954 21.8492 0.227808 0.224503 -0.227808 -0.224503 0.999821 0 0.231172 0 
3 -1 0 0.660883 0.660883 21.9615 0.222887 0.219668 -0.222887 -0.219668 0.999821 0 0.238567 0 
3 -1 0 0.659817 0.659817 22.0741 0.217964 0.214829 -0.217964 -0.214829 0.999821 0 0.246204 0 
3 -1 0 0.658757 0.658757 22.187 0.213038 0.209992 -0.213038 -0.209992 0.999821 0 0.25409 0 
3 -1 0 0.657703 0.657703 22.3003 0.20811 0.205153 -0.20811 -0.205153 0.999821 0 0.262235 0 
3 -1 0 0.656654 0.656654 22.4139 0.20318 0.200335 -0.20318 -0.200335 0.999822 0 0.270647 0 
3 -1 0 0.655611 0.655611 22.5278 0.198249 0.195495 -0.198249 -0.195495 0.999822 0 0.279334 0 
3 -1 0 0.654573 0.654573 22.642 0.193315 0.190655 -0.193315 -0.190655 0.999822 0 0.288306 0 
3 -1 0 0.653541 0.653541 22.7566 0.18838 0.185824 -0.18838 -0.185824 0.999822 0 0.297571 0 
3 -1 0 0.652514 0.652514 22.8715 0.183443 0.180982 -0.183443 -0.180982 0.999822 0 0.307139 0 
3 -1 0 0.651493 0.651493 22.9868 0.178505 0.176139 -0.178505 -0.176139 0.999822 0 0.317021 0 
3 -1 0 0.650477 0.650477 23.1024 0.173565 0.171298 -0.173565 -0.171298 0.999822 0 0.327226 0 
3 -1 0 0.649466 0.649466 23.2183 0.168624 0.166453 -0.168624 -0.166453 0.999822 0 0.337766 0 
3 -1 0 0.648461 0.648461 23.3346 0.163681 0.161606 -0.163681 -0.161606 0.999822 0 0.34865 0 
3 -1 0 0.647461 0.647461 23.4512 0.158737 0.156751 -0.158737 -0.156751 0.999821 0 0.359888 0 
3 -1 0 0.646466 0.646466 23.5682 0.153792 0.1519 -0.153792 -0.1519 0.99982 0 0.371496 0 
3 -1 0 0.645476 0.645476 23.6855 0.148846 0.147048 -0.148846 -0.147048 0.99982 0 0.383483 0 
3 -1 0 0.644492 0.644492 23.8032 0.1439 0.142208 -0.1439 -0.142208 0.999821 0 0.395861 0 
3 -1 0 0.643513 0.643513 23.9213 0.138952 0.137355 -0.138952 -0.137355 0.99982 0 0.408645 0 
3 -1 0 0.642539 0.642539 24.0397 0.134003 0.1325 -0.134003 -0.1325 0.99982 0 0.421846 0 
3 -1 0 0.64157 0.64157 24.1584 0.129055 0.127623 -0.129055 -0.127623 0.999821 0 0.435481 0 
3 -1 0 0.640607 0.640607 24.2775 0.124108 0.122762 -0.124108 -0.122762 0.999821 0 0.449558 0 
3 -1 0 0.639648 0.639648 24.397 0.119162 0.117904 -0.119162 -0.117904 0.999821 0 0.464095 0 
3 -1 0 0.638695 0.638695 24.5168 0.114215 0.11306 -0.114215 -0.11306 0.999821 0 0.479105 0 
3 -1 0 0.637746 0.637746 24.637 0.109268 0.108195 -0.109268 -0.108195 0.999821 0 0.494605 0 
3 -1 0 0.636803 0.636803 24.7576 0.10432 0.103327 -0.10432 -0.103327 0.999821 0 0.510609 0 
3 -1 0 0.635864 0.635864 24.8785 0.0993699 0.0984517 -0.0993699 -0.0984517 0.999821 0 0.527135 0 
3 -1 0 0.634931 0.634931 24.9999 0.0944217 0.093582 -0.0944217 -0.093582 0.999821 0 0.544197 0 
3 -1 0 0.634003 0.634003 25.1215 0.0894733 0.0887098 -0.0894733 -0.0887098 0.999821 0 0.561815 0 
3 -1 0 0.633079 0.633079 25.2436 0.0845241 0.0838272 -0.0845241 -0.0838272 0.999821 0 0.580004 0 
3 -1 0 0.632161 0.632161 25.366 0.079576 0.0789509 -0.079576 -0.0789509 0.999821 0 0.598784 0 
3 -1 0 0.631247 0.631247 25.4888 0.074628 0.0740718 -0.074628 -0.0740718 0.999821 0 0.618173 0 
3 -1 0 0.630339 0.630339 25.612 0.0696799 0.069195 -0.0696799 -0.069195 0.999818 0 0.638187 0 
3 -1 0 0.629435 0.629435 25.7355 0.0647329 0.0643087 -0.0647329 -0.0643087 0.999818 0 0.658851 0 
3 -1 0 0.628536 0.628536 25.8595 0.0597864 0.0594196 -0.0597864 -0.0594196 0.999818 0 0.680184 0 
3 -1 0 0.627642 0.627642 25.9838 0.0548398 0.0545264 -0.0548398 -0.0545264 0.999819 0 0.702206 0 
3 -1 0 0.626752 0.626752 26.1085 0.0498952 0.0496327 -0.0498952 -0.0496327 0.999819 0 0.724938 0 
3 -1 0 0.625868 0.625868 26.2336 0.0449514 0.0447359 -0.0449514 -0.0447359 0.999818 0 0.748402 0 
3 -1 0 0.624988 0.624988 26.359 0.0400081 0.0398323 -0.0400081 -0.0398323 0.999818 0 0.772622 0 
3 -1 0 0.624114 0.624114 26.4849 0.0350666 0.0349288 -0.0350666 -0.0349288 0.999818 0 0.79762 0 
3 -1 0 0.623243 0.623243 26.6111 0.0301263 0.0300222 -0.0301263 -0.0300222 0.999817 0 0.823421 0 
3 -1 0 0.622378 0.622378 26.7377 0.0251868 0.0251132 -0.0251868 -0.0251132 0.999819 0 0.850051 0 
3 -1 0 0.621518 0.621518 26.8647 0.0202496 0.0202012 -0.0202496 -0.0202012 0.999818 0 0.877532 0 
3 -1 0 0.620662 0.620662 26.9921 0.0153139 0.0152857 -0.0153139 -0.0152857 0.999818 0 0.905891 0 
3 -1 0 0.61981 0.61981 27.1199 0.0103794 0.0103674 -0.0103794 -0.0103674 0.999817 0 0.935156 0 
3 -1 0 0.618964 0.618964 27.2481 0.00544742 0.00544408 -0.00544742 -0.00544408 0.999815 0 0.965355 0 
3 -1 0 0.618122 0.618122 27.3766 0.000517236 0.000517207 -0.000517236 -0.000517207 0.999791 0 0.996527 0 
4 -1 0 0.618043 0.618043 27.3887 5.51472e-05 5.51513e-05 -5.51472e-05 -5.51513e-05 1.00013 0 1.00048 0 
3 -1 0 0.618063 0.618063 27.3857 0.000168081 0.000168091 -0.000168081 -0.000168091 0.999997 0 0.998914 0 
3 -1 0 0.618904 0.618904 27.2572 0.00509788 0.0050952 -0.00509788 -0.0050952 1 0 0.967684 0 
3 -1 0 0.61975 0.61975 27.129 0.0100294 0.0100188 -0.0100294 -0.0100188 0.999818 0 0.937267 0 
3 -1 0 0.620601 0.620601 27.0012 0.0149626 0.0149388 -0.0149626 -0.0149388 0.999829 0 0.907941 0 
3 -1 0 0.621457 0.621457 26.8738 0.0198973 0.0198553 -0.0198973 -0.0198553 0.99982 0 0.879513 0 
3 -1 0 0.622317 0.622317 26.7467 0.0248364 0.0247668 -0.0248364 -0.0247668 0.99982 0 0.851971 0 
3 -1 0 0.623182 0.623182 26.6201 0.0297747 0.0296758 -0.0297747 -0.0296758 0.99982 0 0.825283 0 
3 -1 0 0.624052 0.624052 26.4938 0.0347141 0.0345815 -0.0347141 -0.0345815 0.999821 0 0.799424 0 
3 -1 0 0.624926 0.624926 26.3679 0.0396572 0.0394871 -0.0396572 -0.0394871 0.999817 0 0.774366 0 
3 -1 0 0.625806 0.625806 26.2424 0.0445993 0.0443879 -0.0445993 -0.0443879 0.999817 0 0.750092 0 
3 -1 0 0.62669 0.62669 26.1173 0.0495424 0.0492858 -0.0495424 -0.0492858 0.999818 0 0.726575 0 
3 -1 0 0.627579 0.627579 25.9926 0.0544888 0.0541821 -0.0544888 -0.0541821 0.999821 0 0.703794 0 
3 -1 0 0.628472 0.628472 25.8683 0.0594339 0.0590739 -0.0594339 -0.0590739 0.999821 0 0.681723 0 
3 -1 0 0.629371 0.629371 25.7443 0.0643795 0.0639628 -0.0643795 -0.0639628 0.999821 0 0.660343 0 
3 -1 0 0.630274 0.630274 25.6207 0.0693283 0.068839 -0.0693283 -0.068839 0.99982 0 0.639631 0 
3 -1 0 0.631183 0.631183 25.4975 0.0742753 0.073723 -0.0742753 -0.073723 0.99982 0 0.619569 0 
3 -1 0 0.632096 0.632096 25.3747 0.0792225 0.0786049 -0.0792225 -0.0786049 0.999821 0 0.600137 0 
3 -1 0 0.633014 0.633014 25.2522 0.0841731 0.083481 -0.0841731 -0.083481 0.99982 0 0.581313 0 
3 -1 0 0.633937 0.633937 25.1302 0.0891211 0.0883562 -0.0891211 -0.0883562 0.99982 0 0.563082 0 
3 -1 0 0.634865 0.634865 25.0085 0.0940691 0.0932311 -0.0940691 -0.0932311 0.99982 0 0.545425 0 
3 -1 0 0.635798 0.635798 24.8871 0.0990182 0.0980993 -0.0990182 -0.0980993 0.999823 0 0.528327 0 
3 -1 0 0.636736 0.636736 24.7662 0.103966 0.10297 -0.103966 -0.10297 0.999824 0 0.511764 0 
3 -1 0 0.637679 0.637679 24.6456 0.108913 0.107838 -0.108913 -0.107838 0.999824 0 0.495723 0 
3 -1 0 0.638627 0.638627 24.5253 0.113863 0.112702 -0.113863 -0.112702 0.999821 0 0.480187 0 
3 -1 0 0.63958 0.63958 24.4055 0.118809 0.117562 -0.118809 -0.117562 0.999822 0 0.465142 0 
3 -1 0 0.640539 0.640539 24.286 0.123756 0.12242 -0.123756 -0.12242 0.999823 0 0.450574 0 
3 -1 0 0.641502 0.641502 24.1668 0.128704 0.127298 -0.128704 -0.127298 0.999823 0 0.436464 0 
3 -1 0 0.64247 0.64247 24.0481 0.133653 0.132155 -0.133653 -0.132155 0.999823 0 0.422801 0 
3 -1 0 0.643444 0.643444 23.9296 0.138602 0.137009 -0.138602 -0.137009 0.999823 0 0.40957 0 
3 -1 0 0.644423 0.644423 23.8116 0.14355 0.14186 -0.14355 -0.14186 0.999822 0 0.396756 0 
3 -1 0 0.645406 0.645406 23.6939 0.148497 0.146714 -0.148497 -0.146714 0.999822 0 0.384348 0 
3 -1 0 0.646396 0.646396 23.5765 0.153443 0.151565 -0.153443 -0.151565 0.999822 0 0.372334 0 
3 -1 0 0.64739 0.64739 23.4595 0.158388 0.156395 -0.158388 -0.156395 0.999823 0 0.3607 0 
3 -1 0 0.64839 0.64839 23.3429 0.163332 0.161239 -0.163332 -0.161239 0.999823 0 0.349434 0 
3 -1 0 0.649395 0.649395 23.2265 0.168275 0.166081 -0.168275 -0.166081 0.999823 0 0.338525 0 
3 -1 0 0.650405 0.650405 23.1106 0.173215 0.170953 -0.173215 -0.170953 0.999823 0 0.327962 0 
3 -1 0 0.651421 0.651421 22.995 0.178155 0.175797 -0.178155 -0.175797 0.999823 0 0.317733 0 
3 -1 0 0.652442 0.652442 22.8797 0.183094 0.18064 -0.183094 -0.18064 0.999823 0 0.307829 0 
3 -1 0 0.653468 0.653468 22.7647 0.188031 0.185481 -0.188031 -0.185481 0.999824 0 0.298239 0 
3 -1 0 0.6545 0.6545 22.6501 0.192966 0.19032 -0.192966 -0.19032 0.999824 0 0.288953 0 
3 -1 0 0.655537 0.655537 22.5358 0.197899 0.195158 -0.197899 -0.195158 0.999824 0 0.279961 0 
3 -1 0 0.65658 0.65658 22.4219 0.202831 0.199997 -0.202831 -0.199997 0.999824 0 0.271254 0 
3 -1 0 0.657628 0.657628 22.3083 0.20776 0.204833 -0.20776 -0.204833 0.999824 0 0.262823 0 
3 -1 0 0.658682 0.658682 22.195 0.212688 0.209668 -0.212688 -0.209668 0.999824 0 0.25466 0 
3 -1 0 0.659742 0.659742 22.0821 0.217614 0.214505 -0.217614 -0.214505 0.999823 0 0.246755 0 
3 -1 0 0.660807 0.660807 21.9694 0.222537 0.219339 -0.222537 -0.219339 0.999823 0 0.2391 0 
3 -1 0 0.661878 0.661878 21.8571 0.227458 0.224171 -0.227458 -0.224171 0.999823 0 0.231689 0 
3 -1 0 0.662954 0.662954 21.7451 0.232378 0.229004 -0.232378 -0.229004 0.999823 0 0.224512 0 
3 -1 0 0.664036 0.664036 21.6334 0.237295 0.233835 -0.237295 -0.233835 0.999823 0 0.217562 0 
3 -1 0 0.665124 0.665124 21.5221 0.242209 0.238666 -0.242209 -0.238666 0.999823 0 0.210833 0 
3 -1 0 0.666218 0.666218 21.411 0.247122 0.243488 -0.247122 -0.243488 0.999822 0 0.204316 0 
3 -1 0 0.667318 0.667318 21.3003 0.252032 0.248319 -0.252032 -0.248319 0.999822 0 0.198006 0 
3 -1 0 0.668423 0.668423 21.1899 0.256939 0.253149 -0.256939 -0.253149 0.999822 0 0.191896 0 
3 -1 0 0.669535 0.669535 21.0797 0.261842 0.257977 -0.261842 -0.257977 0.999822 0 0.185979 0 
3 -1 0 0.670652 0.670652 20.9699 0.266749 0.262806 -0.266749 -0.262806 0.999821 0 0.180249 0 
3 -1 0 0.671775 0.671775 20.8604 0.271656 0.267633 -0.271656 -0.267633 0.999821 0 0.1747 0 
3 -1 0 0.672905 0.672905 20.7512 0.276559 0.272459 -0.276559 -0.272459 0.999821 0 0.169327 0 
3 -1 0 0.67404 0.67404 20.6422 0.28146 0.277285 -0.28146 -0.277285 0.999821 0 0.164123 0 
3 -1 0 0.675182 0.675182 20.5336 0.286358 0.282111 -0.286358 -0.282111 0.99982 0 0.159084 0 
3 -1 0 0.67633 0.67633 20.4253 0.291254 0.286934 -0.291254 -0.286934 0.99982 0 0.154204 0 
3 -1 0 0.677484 0.677484 20.3172 0.296146 0.291759 -0.296146 -0.291759 0.99982 0 0.149478 0 
3 -1 0 0.678644 0.678644 20.2095 0.301036 0.296583 -0.301036 -0.296583 0.999819 0 0.144901 0 
3 -1 0 0.67981 0.67981 20.102 0.305923 0.301404 -0.305923 -0.301404 0.999819 0 0.140468 0 
3 -1 0 0.680983 0.680983 19.9948 0.310807 0.306227 -0.310807 -0.306227 0.999819 0 0.136175 0 
3 -1 0 0.682163 0.682163 19.8879 0.315688 0.31105 -0.315688 -0.31105 0.999818 0 0.132017 0 
3 -1 0 0.683348 0.683348 19.7813 0.320566 0.31587 -0.320566 -0.31587 0.999818 0 0.12799 0 
3 -1 0 0.684541 0.684541 19.6749 0.325441 0.320692 -0.325441 -0.320692 0.999817 0 0.124089 0 
3 -1 0 0.685739 0.685739 19.5689 0.330312 0.325513 -0.330312 -0.325513 0.999817 0 0.120311 0 
3 -1 0 0.686945 0.686945 19.4631 0.335181 0.330332 -0.335181 -0.330332 0.999817 0 0.116652 0 
3 -1 0 0.688157 0.688157 19.3575 0.340046 0.335152 -0.340046 -0.335152 0.999816 0 0.113108 0 
3 -1 0 0.689376 0.689376 19.2523 0.344908 0.339971 -0.344908 -0.339971 0.999816 0 0.109675 0 
3 -1 0 0.690601 0.690601 19.1473 0.349767 0.344789 -0.349767 -0.344789 0.999815 0 0.106349 0 
3 -1 0 0.691833 0.691833 19.0426 0.354623 0.349608 -0.354623 -0.349608 0.999815 0 0.103128 0 
3 -1 0 0.693073 0.693073 18.9381 0.359475 0.354425 -0.359475 -0.354425 0.999814 0 0.100008 0 
3 -1 0 0.694319 0.694319 18.8339 0.364324 0.359242 -0.364324 -0.359242 0.999815 0 0.0969844 0 
3 -1 0 0.695572 0.695572 18.73 0.36917 0.364059 -0.36917 -0.364059 0.999814 0 0.0940561 0 
3 -1 0 0.696832 0.696832 18.6263 0.374012 0.368874 -0.374012 -0.368874 0.999814 0 0.0912194 0 
3 -1 0 0.6981 0.6981 18.5229 0.378851 0.37369 -0.378851 -0.37369 0.999813 0 0.0884712 0 
3 -1 0 0.699374 0.699374 18.4197 0.383686 0.378504 -0.383686 -0.378504 0.999813 0 0.0858087 0 
3 -1 0 0.700656 0.700656 18.3168 0.388518 0.383317 -0.388518 -0.383317 0.999812 0 0.0832292 0 
3 -1 0 0.701945 0.701945 18.2141 0.393347 0.388131 -0.393347 -0.388131 0.999811 0 0.0807301 0 
3 -1 0 0.703242 0.703242 18.1117 0.398171 0.392942 -0.398171 -0.392942 0.999811 0 0.0783086 0 
3 -1 0 0.704545 0.704545 18.0095 0.402993 0.397753 -0.402993 -0.397753 0.99981 0 0.0759625 0 
3 -1 0 0.705857 0.705857 17.9076 0.407811 0.402564 -0.407811 -0.402564 0.999809 0 0.0736893 0 
3 -1 0 0.707176 0.707176 17.8059 0.412625 0.407373 -0.412625 -0.407373 0.999808 0 0.0714866 0 
3 -1 0 0.708503 0.708503 17.7045 0.417436 0.412181 -0.417436 -0.412181 0.999808 0 0.0693522 0 
3 -1 0 0.709837 0.709837 17.6032 0.422244 0.41699 -0.422244 -0.41699 0.999807 0 0.067284 0 
3 -1 0 0.711179 0.711179 17.5023 0.427048 0.421796 -0.427048 -0.421796 0.999806 0 0.0652798 0 
3 -1 0 0.712529 0.712529 17.4016 0.431852 0.426601 -0.431852 -0.426601 0.999805 0 0.0633375 0 
3 -1 0 0.713888 0.713888 17.3011 0.436655 0.431403 -0.436655 -0.431403 0.999805 0 0.0614553 0 
3 -1 0 0.715254 0.715254 17.2008 0.441456 0.436206 -0.441456 -0.436206 0.999804 0 0.0596312 0 
3 -1 0 0.716628 0.716628 17.1008 0.446252 0.441007 -0.446252 -0.441007 0.999803 0 0.0578634 0 
3 -1 0 0.71801 0.71801 17.001 0.451046 0.445809 -0.451046 -0.445809 0.999802 0 0.0561499 0 
3 -1 0 0.719401 0.719401 16.9014 0.455835 0.450608 -0.455835 -0.450608 0.999802 0 0.0544892 0 
3 -1 0 0.7208 0.7208 16.8021 0.460621 0.455405 -0.460621 -0.455405 0.999801 0 0.0528795 0 
3 -1 0 0.722207 0.722207 16.703 0.465404 0.460203 -0.465404 -0.460203 0.9998 0 0.0513192 0 
3 -1 0 0.723623 0.723623 16.6041 0.470182 0.464998 -0.470182 -0.464998 0.999799 0 0.0498069 0 
3 -1 0 0.725048 0.725048 16.5054 0.474957 0.469791 -0.474957 -0.469791 0.999798 0 0.048341 0 
3 -1 0 0.726481 0.726481 16.407 0.479728 0.474625 -0.479728 -0.474625 0.999798 0 0.0469198 0 
3 -1 0 0.727923 0.727923 16.3087 0.484495 0.479419 -0.484495 -0.479419 0.999797 0 0.0455422 0 
3 -1 0 0.729374 0.729374 16.2107 0.489258 0.484211 -0.489258 -0.484211 0.999796 0 0.0442067 0 
3 -1 0 0.730834 0.730834 16.113 0.494018 0.488983 -0.494018 -0.488983 0.999795 0 0.0429121 0 
3 -1 0 0.732303 0.732303 16.0154 0.498774 0.493769 -0.498774 -0.493769 0.999794 0 0.0416568 0 
3 -1 0 0.733782 0.733782 15.918 0.503525 0.498554 -0.503525 -0.498554 0.999793 0 0.0404398 0 
3 -1 0 0.735269 0.735269 15.8209 0.508273 0.50332 -0.508273 -0.50332 0.999792 0 0.0392598 0 
3 -1 0 0.736766 0.736766 15.724 0.513017 0.5081 -0.513017 -0.5081 0.999791 0 0.0381157 0 
3 -1 0 0.738272 0.738272 15.6273 0.517757 0.512878 -0.517757 -0.512878 0.99979 0 0.0370063 0 
3 -1 0 0.739788 0.739788 15.5308 0.522493 0.51766 -0.522493 -0.51766 0.999789 0 0.0359306 0 
3 -1 0 0.741314 0.741314 15.4345 0.527225 0.522434 -0.527225 -0.522434 0.999788 0 0.0348875 0 
3 -1 0 0.742849 0.742849 15.3384 0.531953 0.527205 -0.531953 -0.527205 0.999787 0 0.0338759 0 
3 -1 0 0.744394 0.744394 15.2426 0.536677 0.532031 -0.536677 -0.532031 0.99979 0 0.0328945 0 
3 -1 0 0.74595 0.74595 15.1469 0.541396 0.536801 -0.541396 -0.536801 0.999789 0 0.0319432 0 
3 -1 0 0.747515 0.747515 15.0514 0.546112 0.541568 -0.546112 -0.541568 0.999787 0 0.0310205 0 
3 -1 0 0.749091 0.749091 14.9562 0.550824 0.546264 -0.550824 -0.546264 0.999783 0 0.0301259 0 
3 -1 0 0.750677 0.750677 14.8612 0.555531 0.551031 -0.555531 -0.551031 0.999782 0 0.0292579 0 
3 -1 0 0.752273 0.752273 14.7663 0.560235 0.555795 -0.560235 -0.555795 0.999781 0 0.0284161 0 
3 -1 0 0.75388 0.75388 14.6717 0.564934 0.560602 -0.564934 -0.560602 0.99978 0 0.0275995 0 
3 -1 0 0.755498 0.755498 14.5773 0.569629 0.565359 -0.569629 -0.565359 0.999779 0 0.0268074 0 
3 -1 0 0.757126 0.757126 14.4831 0.574319 0.570113 -0.574319 -0.570113 0.999778 0 0.0260391 0 
3 -1 0 0.758765 0.758765 14.389 0.579006 0.574816 -0.579006 -0.574816 0.999777 0 0.0252937 0 
3 -1 0 0.760416 0.760416 14.2952 0.583688 0.579564 -0.583688 -0.579564 0.999776 0 0.0245706 0 
3 -1 0 0.762078 0.762078 14.2016 0.588366 0.58431 -0.588366 -0.58431 0.999775 0 0.0238691 0 
3 -1 0 0.763751 0.763751 14.1082 0.593038 0.589099 -0.593038 -0.589099 0.999773 0 0.0231885 0 
3 -1 0 0.765435 0.765435 14.015 0.597706 0.593833 -0.597706 -0.593833 0.999772 0 0.0225282 0 
3 -1 0 0.767131 0.767131 13.922 0.602371 0.598564 -0.602371 -0.598564 0.99977 0 0.0218876 0 
3 -1 0 0.768839 0.768839 13.8292 0.607029 0.603257 -0.607029 -0.603257 0.999769 0 0.0212659 0 
3 -1 0 0.770558 0.770558 13.7366 0.611684 0.607983 -0.611684 -0.607983 0.999768 0 0.0206628 0 
3 -1 0 0.77229 0.77229 13.6441 0.616335 0.612706 -0.616335 -0.612706 0.999767 0 0.0200775 0 
3 -1 0 0.774034 0.774034 13.5519 0.620979 0.617465 -0.620979 -0.617465 0.999766 0 0.0195095 0 
3 -1 0 0.77579 0.77579 13.4599 0.62562 0.622178 -0.62562 -0.622178 0.999764 0 0.0189583 0 
3 -1 0 0.777558 0.777558 13.3681 0.630256 0.626886 -0.630256 -0.626886 0.999763 0 0.0184235 0 
3 -1 0 0.779339 0.779339 13.2765 0.634886 0.631572 -0.634886 -0.631572 0.999762 0 0.0179044 0 
3 -1 0 0.781133 0.781133 13.1851 0.639513 0.63627 -0.639513 -0.63627 0.99976 0 0.0174006 0 
3 -1 0 0.78294 0.78294 13.0938 0.644134 0.640963 -0.644134 -0.640963 0.999759 0 0.0169117 0 
3 -1 0 0.784759 0.784759 13.0028 0.648749 0.645584 -0.648749 -0.645584 0.999758 0 0.0164371 0 
3 -1 0 0.786592 0.786592 12.912 0.65336 0.65027 -0.65336 -0.65027 0.999756 0 0.0159765 0 
3 -1 0 0.788438 0.788438 12.8214 0.657966 0.654952 -0.657966 -0.654952 0.999755 0 0.0155294 0 
3 -1 0 0.790298 0.790298 12.731 0.662565 0.659697 -0.662565 -0.659697 0.999754 0 0.0150954 0 
3 -1 0 0.792171 0.792171 12.6408 0.66716 0.664367 -0.66716 -0.664367 0.999752 0 0.0146741 0 
3 -1 0 0.794059 0.794059 12.5507 0.67175 0.669031 -0.67175 -0.669031 0.999751 0 0.0142652 0 
3 -1 0 0.79596 0.79596 12.4609 0.676334 0.673676 -0.676334 -0.673676 0.999776 0 0.0138685 0 
3 -1 0 0.797875 0.797875 12.3713 0.680912 0.678327 -0.680912 -0.678327 0.999774 0 0.0134831 0 
3 -1 0 0.799805 0.799805 12.2819 0.685485 0.682971 -0.685485 -0.682971 0.999773 0 0.0131089 0 
3 -1 0 0.801749 0.801749 12.1927 0.69005 0.687592 -0.69005 -0.687592 0.999745 0 0.0127453 0 
3 -1 0 0.803708 0.803708 12.1037 0.694611 0.692223 -0.694611 -0.692223 0.999744 0 0.0123926 0 
3 -1 0 0.805682 0.805682 12.0149 0.699166 0.696848 -0.699166 -0.696848 0.999743 0 0.0120502 0 
3 -1 0 0.80767 0.80767 11.9263 0.703714 0.701473 -0.703714 -0.701473 0.999741 0 0.0117176 0 
3 -1 0 0.809674 0.809674 11.8379 0.708257 0.706087 -0.708257 -0.706087 0.99974 0 0.0113948 0 
3 -1 0 0.811693 0.811693 11.7497 0.712793 0.710695 -0.712793 -0.710695 0.999738 0 0.0110813 0 
3 -1 0 0.813728 0.813728 11.6617 0.71732 0.715238 -0.71732 -0.715238 0.999737 0 0.0107769 0 
3 -1 0 0.815779 0.815779 11.574 0.721843 0.719832 -0.721843 -0.719832 0.999736 0 0.0104813 0 
3 -1 0 0.817846 0.817846 11.4864 0.726359 0.724418 -0.726359 -0.724418 0.999734 0 0.0101942 0 
3 -1 0 0.819928 0.819928 11.399 0.730867 0.729018 -0.730867 -0.729018 0.999733 0 0.00991539 0 
3 -1 0 0.822027 0.822027 11.3119 0.735369 0.733588 -0.735369 -0.733588 0.999731 0 0.00964465 0 
3 -1 0 0.824143 0.824143 11.225 0.739865 0.73815 -0.739865 -0.73815 0.99973 0 0.00938171 0 
3 -1 0 0.826275 0.826275 11.1383 0.744352 0.74277 -0.744352 -0.74277 0.999732 0 0.0091264 0 
3 -1 0 0.828424 0.828424 11.0518 0.748833 0.747315 -0.748833 -0.747315 0.999731 0 0.00887838 0 
3 -1 0 0.830591 0.830591 10.9655 0.753306 0.751852 -0.753306 -0.751852 0.999729 0 0.00863749 0 
3 -1 0 0.832774 0.832774 10.8795 0.757767 0.756308 -0.757767 -0.756308 0.999727 0 0.00840352 0 
3 -1 0 0.834975 0.834975 10.7936 0.762225 0.760827 -0.762225 -0.760827 0.999726 0 0.00817627 0 
3 -1 0 0.837194 0.837194 10.708 0.766674 0.765337 -0.766674 -0.765337 0.999725 0 0.00795553 0 
3 -1 0 0.839431 0.839431 10.6226 0.771112 0.769804 -0.771112 -0.769804 0.999724 0 0.00774103 0 
3 -1 0 0.841685 0.841685 10.5375 0.775545 0.774295 -0.775545 -0.774295 0.999723 0 0.00753277 0 
3 -1 0 0.843958 0.843958 10.4526 0.779969 0.778776 -0.779969 -0.778776 0.999721 0 0.00733046 0 
3 -1 0 0.84625 0.84625 10.3679 0.784382 0.783225 -0.784382 -0.783225 0.99972 0 0.00713394 0 
3 -1 0 0.84856 0.84856 10.2834 0.788788 0.787685 -0.788788 -0.787685 0.999718 0 0.00694304 0 
3 -1 0 0.850889 0.850889 10.1992 0.793185 0.792136 -0.793185 -0.792136 0.999717 0 0.00675759 0 
3 -1 0 0.853238 0.853238 10.1152 0.797571 0.796564 -0.797571 -0.796564 0.999711 0 0.00657746 0 
3 -1 0 0.855605 0.855605 10.0314 0.801949 0.80099 -0.801949 -0.80099 0.99971 0 0.00640245 0 
3 -1 0 0.857993 0.857993 9.94792 0.806317 0.805405 -0.806317 -0.805405 0.999708 0 0.00623242 0 
3 -1 0 0.860399 0.860399 9.86466 0.810673 0.809807 -0.810673 -0.809807 0.999707 0 0.00606724 0 
3 -1 0 0.862826 0.862826 9.78164 0.815021 0.814199 -0.815021 -0.814199 0.999706 0 0.00590676 0 
3 -1 0 0.865273 0.865273 9.69888 0.819359 0.818579 -0.819359 -0.818579 0.999704 0 0.00575085 0 
3 -1 0 0.867741 0.867741 9.61638 0.823684 0.822939 -0.823684 -0.822939 0.999704 0 0.00559939 0 
3 -1 0 0.870229 0.870229 9.53413 0.828 0.827295 -0.828 -0.827295 0.999703 0 0.00545223 0 
3 -1 0 0.872738 0.872738 9.45214 0.832304 0.831638 -0.832304 -0.831638 0.999702 0 0.00530926 0 
3 -1 0 0.875267 0.875267 9.37042 0.836595 0.835955 -0.836595 -0.835955 0.9997 0 0.00517035 0 
3 -1 0 0.877818 0.877818 9.28896 0.840877 0.840272 -0.840877 -0.840272 0.999699 0 0.00503538 0 
3 -1 0 0.88039 0.88039 9.20777 0.845146 0.844575 -0.845146 -0.844575 0.999698 0 0.00490426 0 
3 -1 0 0.882984 0.882984 9.12686 0.8494 0.848924 -0.8494 -0.848924 0.999696 0 0.00477685 0 
3 -1 0 0.8856 0.8856 9.04623 0.853644 0.853202 -0.853644 -0.853202 0.999695 0 0.00465306 0 
3 -1 0 0.888238 0.888238 8.96588 0.857876 0.857465 -0.857876 -0.857465 0.999694 0 0.0045328 0 
3 -1 0 0.890898 0.890898 8.88581 0.862092 0.861749 -0.862092 -0.861749 0.999692 0 0.00441594 0 
3 -1 0 0.89358 0.89358 8.80603 0.866297 0.865983 -0.866297 -0.865983 0.999691 0 0.00430241 0 
3 -1 0 0.896284 0.896284 8.72655 0.870489 0.870202 -0.870489 -0.870202 0.99969 0 0.0041921 0 
3 -1 0 0.899012 0.899012 8.64737 0.874664 0.874443 -0.874664 -0.874443 0.999689 0 0.00408492 0 
3 -1 0 0.901762 0.901762 8.56848 0.878828 0.878631 -0.878828 -0.878631 0.999688 0 0.00398078 0 
3 -1 0 0.904536 0.904536 8.48991 0.882976 0.882803 -0.882976 -0.882803 0.999687 0 0.0038796 0 
3 -1 0 0.907332 0.907332 8.41164 0.887109 0.887007 -0.887109 -0.887007 0.999687 0 0.0037813 0 
3 -1 0 0.910153 0.910153 8.33369 0.891228 0.891146 -0.891228 -0.891146 0.999686 0 0.00368578 0 
3 -1 0 0.912996 0.912996 8.25606 0.895331 0.895269 -0.895331 -0.895269 0.999685 0 0.00359298 0 
3 -1 0 0.915864 0.915864 8.17876 0.899414 0.899342 -0.899414 -0.899342 0.999684 0 0.00350282 0 
3 -1 0 0.918755 0.918755 8.10178 0.903485 0.90343 -0.903485 -0.90343 0.999684 0 0.00341521 0 
3 -1 0 0.921671 0.921671 8.02514 0.907539 0.9075 -0.907539 -0.9075 0.999683 0 0.0033301 0 
3 -1 0 0.92461 0.92461 7.94884 0.911574 0.911542 -0.911574 -0.911542 0.999682 0 0.00324741 0 
3 -1 0 0.927574 0.927574 7.87289 0.915594 0.915575 -0.915594 -0.915575 0.999682 0 0.00316707 0 
3 -1 0 0.930563 0.930563 7.79728 0.919596 0.91959 -0.919596 -0.91959 0.999681 0 0.00308901 0 
3 -1 0 0.933576 0.933576 7.72203 0.923579 0.923576 -0.923579 -0.923576 0.999681 0 0.00301318 0 
3 -1 0 0.936613 0.936613 7.64714 0.927545 0.927552 -0.927545 -0.927552 0.999681 0 0.0029395 0 
3 -1 0 0.939676 0.939676 7.57261 0.931492 0.93151 -0.931492 -0.93151 0.99968 0 0.00286793 0 
3 -1 0 0.942763 0.942763 7.49846 0.93542 0.935439 -0.93542 -0.935439 0.99968 0 0.00279839 0 
3 -1 0 0.945876 0.945876 7.42468 0.939329 0.939356 -0.939329 -0.939356 0.99968 0 0.00273084 0 
3 -1 0 0.949013 0.949013 7.35129 0.943218 0.943253 -0.943218 -0.943253 0.99968 0 0.00266522 0 
3 -1 0 0.952176 0.952176 7.27828 0.947087 0.947123 -0.947087 -0.947123 0.99968 0 0.00260146 0 
3 -1 0 0.955363 0.955363 7.20566 0.950936 0.950977 -0.950936 -0.950977 0.99968 0 0.00253953 0 
3 -1 0 0.958577 0.958577 7.13345 0.954765 0.95481 -0.954765 -0.95481 0.99968 0 0.00247937 0 
3 -1 0 0.961815 0.961815 7.06164 0.958572 0.958618 -0.958572 -0.958618 0.99968 0 0.00242093 0 
3 -1 0 0.965079 0.965079 6.99023 0.962358 0.962407 -0.962358 -0.962407 0.99968 0 0.00236417 0 
3 -1 0 0.968368 0.968368 6.91925 0.966122 0.966174 -0.966122 -0.966174 0.99968 0 0.00230903 0 
3 -1 0 0.971682 0.971682 6.84868 0.969864 0.969917 -0.969864 -0.969917 0.999681 0 0.00225546 0 
3 -1 0 0.975022 0.975022 6.77854 0.973584 0.973638 -0.973584 -0.973638 0.999681 0 0.00220344 0 
3 -1 0 0.978387 0.978387 6.70884 0.977281 0.977337 -0.977281 -0.977337 0.999682 0 0.00215291 0 
3 -1 0 0.981778 0.981778 6.63957 0.980955 0.981011 -0.980955 -0.981011 0.999682 0 0.00210383 0 
3 -1 0 0.985194 0.985194 6.57075 0.984606 0.984662 -0.984606 -0.984662 0.999683 0 0.00205616 0 
3 -1 0 0.988635 0.988635 6.50237 0.988233 0.988289 -0.988233 -0.988289 0.999684 0 0.00200986 0 
3 -1 0 0.992102 0.992102 6.43445 0.991835 0.991892 -0.991835 -0.991892 0.999685 0 0.00196489 0 
3 -1 0 0.995593 0.995593 6.36698 0.995414 0.995471 -0.995414 -0.995471 0.999686 0 0.00192122 0 
3 -1 0 0.99911 0.99911 6.29999 0.998968 0.999025 -0.998968 -0.999025 0.999687 0 0.00187881 0 
3 -1 0 1.00265 1.00265 6.23346 1.0025 1.00255 -1.0025 -1.00255 0.999688 0 0.00183762 0 
