2 1 0 0 0 0 0 0 0 0 0.218721 0 4.57203 0 
2 1 0 0.001 0.001 0 0 0 0 0 2.71286 0 0.368616 0 
2 1 0 0.002 0.002 0 0 0 0 0 2.70745 0 0.369354 0 
2 1 0 0.004 0.004 0 0 0 0 0 2.69671 0 0.370834 0 
2 1 0 0.008 0.008 0 0 0 0 0 2.67548 0 0.373813 0 
2 1 0 0.013 0.013 0 0 0 0 0 2.64941 0 0.37757 0 
2 1 0 0.018 0.018 0 0 0 0 0 2.62386 0 0.381364 0 
2 1 0 0.023 0.023 0 0 0 0 0 2.59882 0 0.385197 0 
2 1 0 0.028 0.028 0 0 0 0 0 2.57427 0 0.389069 0 
2 1 0 0.033 0.033 0 0 0 0 0 2.55021 0 0.392979 0 
2 1 0 0.038 0.038 0 0 0 0 0 2.52663 0 0.396929 0 
2 1 0 0.043 0.043 0 0 0 0 0 2.50352 0 0.400918 0 
2 1 0 0.048 0.048 0 0 0 0 0 2.48086 0 0.404948 0 
2 1 0 0.053 0.053 0 0 0 0 0 2.45865 0 0.409018 0 
2 1 0 0.058 0.058 0 0 0 0 0 2.43689 0 0.41313 0 
2 1 0 0.063 0.063 0 0 0 0 0 2.41555 0 0.417283 0 
2 1 0 0.068 0.068 0 0 0 0 0 2.39465 0 0.421478 0 
2 1 0 0.073 0.073 0 0 0 0 0 2.37415 0 0.425716 0 
2 1 0 0.078 0.078 0 0 0 0 0 2.35407 0 0.429996 0 
2 1 0 0.083 0.083 0 0 0 0 0 2.33439 0 0.434321 0 
2 1 0 0.088 0.088 0 0 0 0 0 2.3151 0 0.438689 0 
2 1 0 0.093 0.093 0 0 0 0 0 2.29619 0 0.443102 0 
2 1 0 0.098 0.098 0 0 0 0 0 2.27767 0 0.447561 0 
2 1 0 0.103 0.103 0 0 0 0 0 2.25951 0 0.452065 0 
2 1 0 0.108 0.108 0 0 0 0 0 2.24172 0 0.456615 0 
2 1 0 0.113 0.113 0 0 0 0 0 2.22428 0 0.461213 0 
2 1 0 0.118 0.118 0 0 0 0 0 2.2072 0 0.465858 0 
2 1 0 0.123 0.123 0 0 0 0 0 2.19045 0 0.470551 0 
2 1 0 0.128 0.128 0 0 0 0 0 2.17405 0 0.475293 0 
2 1 0 0.133 0.133 0 0 0 0 0 2.15797 0 0.480085 0 
2 1 0 0.138 0.138 0 0 0 0 0 2.14222 0 0.484927 0 
2 1 0 0.143 0.143 0 0 0 0 0 2.12679 0 0.489821 0 
2 1 0 0.148 0.148 0 0 0 0 0 2.11167 0 0.494766 0 
2 1 0 0.153 0.153 0 0 0 0 0 2.09685 0 0.499765 0 
2 1 0 0.158 0.158 0 0 0 0 0 2.08233 0 0.504816 0 
2 1 0 0.163 0.163 0 0 0 0 0 2.06811 0 0.509923 0 
2 1 0 0.168 0.168 0 0 0 0 0 2.05417 0 0.515084 0 
2 1 0 0.173 0.173 0 0 0 0 0 2.04052 0 0.520303 0 
2 1 0 0.178 0.178 0 0 0 0 0 2.02714 0 0.525578 0 
2 1 0 0.183 0.183 0 0 0 0 0 2.01403 0 0.530912 0 
2 1 0 0.188 0.188 0 0 0 0 0 2.00119 0 0.536305 0 
2 1 0 0.193 0.193 0 0 0 0 0 1.9886 0 0.541759 0 
2 1 0 0.198 0.198 0 0 0 0 0 1.97627 0 0.547275 0 
2 1 0 0.203 0.203 0 0 0 0 0 1.96419 0 0.552854 0 
2 1 0 0.208 0.208 0 0 0 0 0 1.95235 0 0.558497 0 
2 1 0 0.213 0.213 0 0 0 0 0 1.94075 0 0.564206 0 
2 1 0 0.218 0.218 0 0 0 0 0 1.92938 0 0.569982 0 
2 1 0 0.223 0.223 0 0 0 0 0 1.91824 0 0.575827 0 
2 1 0 0.228 0.228 0 0 0 0 0 1.90732 0 0.581742 0 
2 1 0 0.233 0.233 0 0 0 0 0 1.89661 0 0.587729 0 
2 1 0 0.238 0.238 0 0 0 0 0 1.88611 0 0.593789 0 
2 1 0 0.243 0.243 0 0 0 0 0 1.87582 0 0.599926 0 
2 1 0 0.248 0.248 0 0 0 0 0 1.86573 0 0.606139 0 
2 1 0 0.253 0.253 0 0 0 0 0 1.85583 0 0.612432 0 
2 1 0 0.258 0.258 0 0 0 0 0 1.84613 0 0.618807 0 
2 1 0 0.263 0.263 0 0 0 0 0 1.8366 0 0.625266 0 
2 1 0 0.268 0.268 0 0 0 0 0 1.82725 0 0.631811 0 
2 1 0 0.273 0.273 0 0 0 0 0 1.81807 0 0.638446 0 
2 1 0 0.278 0.278 0 0 0 0 0 1.80906 0 0.645171 0 
2 1 0 0.283 0.283 0 0 0 0 0 1.80021 0 0.651992 0 
2 1 0 0.288 0.288 0 0 0 0 0 1.79151 0 0.65891 0 
2 1 0 0.293 0.293 0 0 0 0 0 1.78295 0 0.665929 0 
2 1 0 0.298 0.298 0 0 0 0 0 1.77454 0 0.673052 0 
2 1 0 0.303 0.303 0 0 0 0 0 1.76626 0 0.680283 0 
2 1 0 0.308 0.308 0 0 0 0 0 1.75811 0 0.687626 0 
2 1 0 0.313 0.313 0 0 0 0 0 1.75007 0 0.695086 0 
2 1 0 0.318 0.318 0 0 0 0 0 1.74215 0 0.702666 0 
2 1 0 0.323 0.323 0 0 0 0 0 1.73434 0 0.710371 0 
2 1 0 0.328 0.328 0 0 0 0 0 1.72662 0 0.718207 0 
2 1 0 0.333 0.333 0 0 0 0 0 1.71899 0 0.726179 0 
2 1 0 0.338 0.338 0 0 0 0 0 1.71144 0 0.734293 0 
2 1 0 0.343 0.343 0 0 0 0 0 1.70396 0 0.742556 0 
2 1 0 0.348 0.348 0 0 0 0 0 1.69654 0 0.750974 0 
2 1 0 0.353 0.353 0 0 0 0 0 1.68918 0 0.759554 0 
2 1 0 0.358 0.358 0 0 0 0 0 1.68185 0 0.768306 0 
2 1 0 0.363 0.363 0 0 0 0 0 1.67455 0 0.777238 0 
2 1 0 0.368 0.368 0 0 0 0 0 1.66727 0 0.786359 0 
2 1 0 0.373 0.373 0 0 0 0 0 1.66 0 0.79568 0 
2 1 0 0.378 0.378 0 0 0 0 0 1.65271 0 0.805213 0 
2 1 0 0.383 0.383 0 0 0 0 0 1.6454 0 0.81497 0 
2 1 0 0.388 0.388 0 0 0 0 0 1.63804 0 0.824966 0 
2 1 0 0.393 0.393 0 0 0 0 0 1.63063 0 0.835215 0 
2 1 0 0.398 0.398 0 0 0 0 0 1.62313 0 0.845736 0 
2 1 0 0.403 0.403 0 0 0 0 0 1.61553 0 0.856547 0 
2 1 0 0.408 0.408 0 0 0 0 0 1.60781 0 0.867671 0 
2 1 0 0.413 0.413 0 0 0 0 0 1.59993 0 0.879132 0 
2 1 0 0.418 0.418 0 0 0 0 0 1.59186 0 0.890958 0 
2 1 0 0.423 0.423 0 0 0 0 0 1.58358 0 0.903182 0 
2 1 0 0.428 0.428 0 0 0 0 0 1.57504 0 0.915842 0 
2 1 0 0.433 0.433 0 0 0 0 0 1.56619 0 0.92898 0 
2 1 0 0.438 0.438 0 0 0 0 0 1.55698 0 0.942649 0 
2 1 0 0.443 0.443 0 0 0 0 0 1.54735 0 0.956912 0 
2 1 0 0.448 0.448 0 0 0 0 0 1.53721 0 0.971843 0 
2 1 0 0.453 0.453 0 0 0 0 0 1.52647 0 0.987537 0 
2 1 0 0.456784 0.456784 0 0 0 0 0 1.51787 0 0.999992 0 
2 1 0 0.461784 0.461784 0 0 0 0 0 1.50577 0 1.01733 0 
2 1 0 0.466784 0.466784 0 0 0 0 0 1.49263 0 1.03586 0 
2 1 0 0.471784 0.471784 0 0 0 0 0 1.4782 0 1.05584 0 
2 1 0 0.476784 0.476784 0 0 0 0 0 1.46207 0 1.07766 0 
2 1 0 0.481784 0.481784 0 0 0 0 0 1.44365 0 1.10193 0 
2 1 0 0.486784 0.486784 0 0 0 0 0 1.42185 0 1.12971 0 
2 1 0 0.491784 0.491784 0 0 0 0 0 1.39446 0 1.16323 0 
2 1 0 0.496784 0.496784 0 0 0 0 0 1.3546 0 1.20935 0 
2 1 0 0.501784 0.501784 148.756 0 0 0 0 1.28518 0.0543157 1.28518 -0.0543157 
2 1 0 0.506784 0.506784 76.2774 0 0 0 0 1.28844 0.106373 1.28844 -0.106373 
2 1 0 0.511784 0.511784 57.8645 0 0 0 0 1.29177 0.14082 1.29177 -0.14082 
2 1 0 0.516784 0.516784 48.4716 0 0 0 0 1.29517 0.168834 1.29517 -0.168834 
2 1 0 0.521784 0.521784 42.5303 0 0 0 0 1.29862 0.193259 1.29862 -0.193259 
2 1 0 0.526784 0.526784 38.3371 0 0 0 0 1.30214 0.215343 1.30214 -0.215343 
2 1 0 0.531784 0.531784 35.1722 0 0 0 0 1.30572 0.235767 1.30572 -0.235767 
2 1 0 0.536784 0.536784 32.6722 0 0 0 0 1.30935 0.254952 1.30935 -0.254952 
2 1 0 0.541784 0.541784 30.6312 0 0 0 0 1.31304 0.273178 1.31304 -0.273178 
2 1 0 0.546784 0.546784 28.9227 0 0 0 0 1.31678 0.290645 1.31678 -0.290645 
2 1 0 0.551784 0.551784 27.4641 0 0 0 0 1.32057 0.307502 1.32057 -0.307502 
2 1 0 0.556784 0.556784 26.199 0 0 0 0 1.32441 0.323862 1.32441 -0.323862 
2 1 0 0.561784 0.561784 25.0871 0 0 0 0 1.32831 0.339815 1.32831 -0.339815 
2 1 0 0.566784 0.566784 24.0993 0 0 0 0 1.33224 0.355434 1.33224 -0.355434 
2 1 0 0.571784 0.571784 23.2132 0 0 0 0 1.33623 0.370779 1.33623 -0.370779 
2 1 0 0.576784 0.576784 22.4121 0 0 0 0 1.34025 0.385899 1.34025 -0.385899 
2 1 0 0.581784 0.581784 21.6826 0 0 0 0 1.34432 0.400838 1.34432 -0.400838 
2 1 0 0.586784 0.586784 21.0143 0 0 0 0 1.34842 0.415632 1.34842 -0.415632 
2 1 0 0.591784 0.591784 20.3986 0 0 0 0 1.35256 0.430313 1.35256 -0.430313 
2 1 0 0.596784 0.596784 19.8285 0 0 0 0 1.35674 0.444909 1.35674 -0.444909 
2 1 0 0.601784 0.601784 19.2985 0 0 0 0 1.36094 0.459446 1.36094 -0.459446 
2 1 0 0.606784 0.606784 18.8036 0 0 0 0 1.36518 0.473945 1.36518 -0.473945 
2 1 0 0.611784 0.611784 18.34 0 0 0 0 1.36945 0.488427 1.36945 -0.488427 
2 1 0 0.616784 0.616784 17.9041 0 0 0 0 1.37374 0.50291 1.37374 -0.50291 
2 1 0 0.621784 0.621784 17.4932 0 0 0 0 1.37806 0.517412 1.37806 -0.517412 
2 1 0 0.626784 0.626784 17.1047 0 0 0 0 1.38239 0.531947 1.38239 -0.531947 
2 1 0 0.631784 0.631784 16.7365 0 0 0 0 1.38675 0.546531 1.38675 -0.546531 
2 1 0 0.636784 0.636784 16.3867 0 0 0 0 1.39112 0.561176 1.39112 -0.561176 
2 1 0 0.641784 0.641784 16.0536 0 0 0 0 1.3955 0.575895 1.3955 -0.575895 
2 1 0 0.646784 0.646784 15.7358 0 0 0 0 1.3999 0.5907 1.3999 -0.5907 
2 1 0 0.651784 0.651784 15.4321 0 0 0 0 1.4043 0.605602 1.4043 -0.605602 
2 1 0 0.656784 0.656784 15.1413 0 0 0 0 1.40871 0.620611 1.40871 -0.620611 
2 1 0 0.661784 0.661784 14.8625 0 0 0 0 1.41312 0.635737 1.41312 -0.635737 
2 1 0 0.666784 0.666784 14.5946 0 0 0 0 1.41753 0.650991 1.41753 -0.650991 
2 1 0 0.671784 0.671784 14.3371 0 0 0 0 1.42194 0.666381 1.42194 -0.666381 
2 1 0 0.676784 0.676784 14.089 0 0 0 0 1.42634 0.681915 1.42634 -0.681915 
2 1 0 0.681784 0.681784 13.8498 0 0 0 0 1.43073 0.697603 1.43073 -0.697603 
2 1 0 0.686784 0.686784 13.6189 0 0 0 0 1.43511 0.713451 1.43511 -0.713451 
2 1 0 0.691784 0.691784 13.3958 0 0 0 0 1.43947 0.72947 1.43947 -0.72947 
2 1 0 0.696784 0.696784 13.1799 0 0 0 0 1.44382 0.745664 1.44382 -0.745664 
2 1 0 0.701784 0.701784 12.9709 0 0 0 0 1.44814 0.762043 1.44814 -0.762043 
2 1 0 0.706784 0.706784 12.7684 0 0 0 0 1.45243 0.778614 1.45243 -0.778614 
2 1 0 0.711784 0.711784 12.5719 0 0 0 0 1.4567 0.795382 1.4567 -0.795382 
2 1 0 0.716784 0.716784 12.3812 0 0 0 0 1.46093 0.812356 1.46093 -0.812356 
2 1 0 0.721784 0.721784 12.1959 0 0 0 0 1.46512 0.829541 1.46512 -0.829541 
2 1 0 0.726784 0.726784 12.0157 0 0 0 0 1.46927 0.846945 1.46927 -0.846945 
2 1 0 0.731784 0.731784 11.8405 0 0 0 0 1.47338 0.864574 1.47338 -0.864574 
2 1 0 0.736784 0.736784 11.6699 0 0 0 0 1.47744 0.882434 1.47744 -0.882434 
2 1 0 0.741784 0.741784 11.5037 0 0 0 0 1.48144 0.900531 1.48144 -0.900531 
2 1 0 0.746784 0.746784 11.3417 0 0 0 0 1.48539 0.918871 1.48539 -0.918871 
2 1 0 0.751784 0.751784 11.1838 0 0 0 0 1.48927 0.937461 1.48927 -0.937461 
2 1 0 0.756784 0.756784 11.0297 0 0 0 0 1.49309 0.956306 1.49309 -0.956306 
2 1 0 0.761784 0.761784 10.8793 0 0 0 0 1.49684 0.975412 1.49684 -0.975412 
2 1 0 0.766784 0.766784 10.7325 0 0 0 0 1.5005 0.994784 1.5005 -0.994784 
2 1 0 0.771784 0.771784 10.589 0 0 0 0 1.50409 1.01443 1.50409 -1.01443 
2 1 0 0.776784 0.776784 10.4488 0 0 0 0 1.50759 1.03435 1.50759 -1.03435 
2 1 0 0.781784 0.781784 10.3117 0 0 0 0 1.511 1.05456 1.511 -1.05456 
2 1 0 0.786784 0.786784 10.1775 0 0 0 0 1.51432 1.07506 1.51432 -1.07506 
2 1 0 0.791784 0.791784 10.0463 0 0 0 0 1.51753 1.09585 1.51753 -1.09585 
2 1 0 0.796784 0.796784 9.91789 0 0 0 0 1.52064 1.11694 1.52064 -1.11694 
2 1 0 0.801784 0.801784 9.79214 0 0 0 0 1.52363 1.13834 1.52363 -1.13834 
2 1 0 0.806784 0.806784 9.66898 0 0 0 0 1.5265 1.16004 1.5265 -1.16004 
2 1 0 0.811784 0.811784 9.54833 0 0 0 0 1.52925 1.18207 1.52925 -1.18207 
2 1 0 0.816784 0.816784 9.43009 0 0 0 0 1.53187 1.20441 1.53187 -1.20441 
2 1 0 0.821784 0.821784 9.31419 0 0 0 0 1.53435 1.22708 1.53435 -1.22708 
2 1 0 0.826784 0.826784 9.20056 0 0 0 0 1.53669 1.25008 1.53669 -1.25008 
2 1 0 0.831784 0.831784 9.08913 0 0 0 0 1.53888 1.27342 1.53888 -1.27342 
2 1 0 0.836784 0.836784 8.97982 0 0 0 0 1.54091 1.2971 1.54091 -1.2971 
2 1 0 0.841784 0.841784 8.87257 0 0 0 0 1.54278 1.32113 1.54278 -1.32113 
2 1 0 0.846784 0.846784 8.76733 0 0 0 0 1.54448 1.34551 1.54448 -1.34551 
2 1 0 0.851784 0.851784 8.66403 0 0 0 0 1.546 1.37025 1.546 -1.37025 
2 1 0 0.856784 0.856784 8.56262 0 0 0 0 1.54734 1.39534 1.54734 -1.39534 
2 1 0 0.861784 0.861784 8.46305 0 0 0 0 1.54848 1.42081 1.54848 -1.42081 
2 1 0 0.866784 0.866784 8.36526 0 0 0 0 1.54943 1.44664 1.54943 -1.44664 
2 1 0 0.871784 0.871784 8.2692 0 0 0 0 1.55016 1.47285 1.55016 -1.47285 
2 1 0 0.876784 0.876784 8.17484 0 0 0 0 1.55068 1.49944 1.55068 -1.49944 
2 1 0 0.881784 0.881784 8.08212 0 0 0 0 1.55098 1.52642 1.55098 -1.52642 
2 1 0 0.886784 0.886784 7.99101 0 0 0 0 1.55104 1.55379 1.55104 -1.55379 
2 1 0 0.891784 0.891784 7.90146 0 0 0 0 1.55087 1.58155 1.55087 -1.58155 
2 1 0 0.896784 0.896784 7.81344 0 0 0 0 1.55044 1.60971 1.55044 -1.60971 
2 1 0 0.901784 0.901784 7.7269 0 0 0 0 1.54975 1.63827 1.54975 -1.63827 
2 1 0 0.906784 0.906784 7.64181 0 0 0 0 1.5488 1.66725 1.5488 -1.66725 
2 1 0 0.911784 0.911784 7.55814 0 0 0 0 1.54757 1.69663 1.54757 -1.69663 
2 1 0 0.916784 0.916784 7.47585 0 0 0 0 1.54605 1.72644 1.54605 -1.72644 
2 1 0 0.921784 0.921784 7.39491 0 0 0 0 1.54423 1.75666 1.54423 -1.75666 
2 1 0 0.926784 0.926784 7.31528 0 0 0 0 1.54211 1.78731 1.54211 -1.78731 
2 1 0 0.931784 0.931784 7.23695 0 0 0 0 1.53967 1.81839 1.53967 -1.81839 
2 1 0 0.936784 0.936784 7.15987 0 0 0 0 1.5369 1.8499 1.5369 -1.8499 
2 1 0 0.941784 0.941784 7.08403 0 0 0 0 1.53379 1.88185 1.53379 -1.88185 
2 1 0 0.946784 0.946784 7.00939 0 0 0 0 1.53033 1.91425 1.53033 -1.91425 
2 1 0 0.951784 0.951784 6.93593 0 0 0 0 1.52651 1.94709 1.52651 -1.94709 
2 1 0 0.956784 0.956784 6.86361 0 0 0 0 1.52231 1.98037 1.52231 -1.98037 
2 1 0 0.961784 0.961784 6.79243 0 0 0 0 1.51774 2.01412 1.51774 -2.01412 
2 1 0 0.966784 0.966784 6.72235 0 0 0 0 1.51276 2.04831 1.51276 -2.04831 
2 1 0 0.971784 0.971784 6.65335 0 0 0 0 1.50737 2.08297 1.50737 -2.08297 
2 1 0 0.976784 0.976784 6.58541 0 0 0 0 1.50157 2.1181 1.50157 -2.1181 
2 1 0 0.981784 0.981784 6.5185 0 0 0 0 1.49533 2.15369 1.49533 -2.15369 
2 1 0 0.986784 0.986784 6.45261 0 0 0 0 1.48864 2.18975 1.48864 -2.18975 
2 1 0 0.991784 0.991784 6.38772 0 0 0 0 1.48148 2.22628 1.48148 -2.22628 
2 1 0 0.996784 0.996784 6.32379 0 0 0 0 1.47386 2.2633 1.47386 -2.2633 
2 1 0 1.00178 1.00178 6.26083 0 0 0 0 1.46574 2.30079 1.46574 -2.30079 
2 2 0 0.456784 0.456784 6.26083 0 0 0 0 1.46574 2.30079 1.46574 -2.30079 
2 2 0 0.456784 0.456784 6.26083 0.000191399 0.000461916 0.000191399 0.000461916 1.46574 2.30079 1.46574 -2.30079 
2 2 0 0.456848 0.456848 6.26083 0.00038255 0.000922904 0.00038255 0.000922904 1.51741 0 0.999792 0 
2 2 0 0.45691 0.45691 6.26083 0.000765191 0.00184472 0.000765191 0.00184472 1.51695 0 0.999583 0 
2 2 0 0.457034 0.457034 6.26083 0.00153186 0.00368779 0.00153186 0.00368779 1.51602 0 0.999167 0 
2 2 0 0.457282 0.457282 6.26083 0.00307076 0.00737161 0.00307076 0.00737161 1.51416 0 0.998333 0 
2 2 0 0.457591 0.457591 6.26083 0.00500489 0.011972 0.00500489 0.011972 1.51183 0 0.99729 0 
2 2 0 0.4579 0.4579 6.26083 0.00695077 0.0165674 0.00695077 0.0165674 1.50948 0 0.996246 0 
2 2 0 0.458209 0.458209 6.26083 0.00890849 0.0211579 0.00890849 0.0211579 1.50711 0 0.995201 0 
2 2 0 0.458518 0.458518 6.26083 0.0108782 0.0257432 0.0108782 0.0257432 1.50472 0 0.994156 0 
2 2 0 0.458827 0.458827 6.26083 0.0128599 0.0303233 0.0128599 0.0303233 1.50232 0 0.99311 0 
2 2 0 0.459135 0.459135 6.26083 0.0148537 0.0348982 0.0148537 0.0348982 1.4999 0 0.992064 0 
2 2 0 0.459444 0.459444 6.26083 0.0168597 0.0394678 0.0168597 0.0394678 1.49746 0 0.991017 0 
2 2 0 0.459752 0.459752 6.26083 0.0188781 0.0440319 0.0188781 0.0440319 1.49501 0 0.989969 0 
2 2 0 0.46006 0.46006 6.26083 0.020909 0.0485906 0.020909 0.0485906 1.49254 0 0.988921 0 
2 2 0 0.460367 0.460367 6.26083 0.0229523 0.0531436 0.0229523 0.0531436 1.49005 0 0.987872 0 
2 2 0 0.460675 0.460675 6.26083 0.0250083 0.057691 0.0250083 0.057691 1.48755 0 0.986823 0 
2 2 0 0.460982 0.460982 6.26083 0.027077 0.0622326 0.027077 0.0622326 1.48502 0 0.985774 0 
2 2 0 0.461288 0.461288 6.26083 0.0291586 0.0667684 0.0291586 0.0667684 1.48248 0 0.984724 0 
2 2 0 0.461595 0.461595 6.26083 0.0312531 0.0712982 0.0312531 0.0712982 1.47992 0 0.983674 0 
2 2 0 0.461901 0.461901 6.26083 0.0333606 0.075822 0.0333606 0.075822 1.47735 0 0.982623 0 
2 2 0 0.462206 0.462206 6.26083 0.0354813 0.0803397 0.0354813 0.0803397 1.47475 0 0.981572 0 
2 2 0 0.462512 0.462512 6.26083 0.0376152 0.0848512 0.0376152 0.0848512 1.47214 0 0.980522 0 
2 2 0 0.462817 0.462817 6.26083 0.0397625 0.0893563 0.0397625 0.0893563 1.4695 0 0.979471 0 
2 2 0 0.463121 0.463121 6.26083 0.0419233 0.0938551 0.0419233 0.0938551 1.46685 0 0.97842 0 
2 2 0 0.463425 0.463425 6.26083 0.0440976 0.0983473 0.0440976 0.0983473 1.46418 0 0.977368 0 
2 2 0 0.463729 0.463729 6.26083 0.0462856 0.102833 0.0462856 0.102833 1.46149 0 0.976317 0 
2 2 0 0.464032 0.464032 6.26083 0.0484875 0.107312 0.0484875 0.107312 1.45878 0 0.975266 0 
2 2 0 0.464335 0.464335 6.26083 0.0507032 0.111784 0.0507032 0.111784 1.45605 0 0.974216 0 
2 2 0 0.464637 0.464637 6.26083 0.0529329 0.116249 0.0529329 0.116249 1.4533 0 0.973165 0 
2 2 0 0.464938 0.464938 6.26083 0.0551768 0.120707 0.0551768 0.120707 1.45054 0 0.972115 0 
2 2 0 0.465239 0.465239 6.26083 0.0574349 0.125158 0.0574349 0.125158 1.44775 0 0.971065 0 
2 2 0 0.46554 0.46554 6.26083 0.0597073 0.129602 0.0597073 0.129602 1.44494 0 0.970015 0 
2 2 0 0.46584 0.46584 6.26083 0.0619943 0.134038 0.0619943 0.134038 1.44211 0 0.968966 0 
2 2 0 0.466139 0.466139 6.26083 0.0642958 0.138467 0.0642958 0.138467 1.43926 0 0.967917 0 
2 2 0 0.466437 0.466437 6.26083 0.066612 0.142888 0.066612 0.142888 1.43639 0 0.966869 0 
2 2 0 0.466735 0.466735 6.26083 0.068943 0.147301 0.068943 0.147301 1.4335 0 0.965822 0 
2 2 0 0.467032 0.467032 6.26083 0.071289 0.151707 0.071289 0.151707 1.43058 0 0.964775 0 
2 2 0 0.467329 0.467329 6.26083 0.0736499 0.156104 0.0736499 0.156104 1.42765 0 0.96373 0 
2 2 0 0.467624 0.467624 6.26083 0.0760261 0.160493 0.0760261 0.160493 1.42469 0 0.962685 0 
2 2 0 0.467919 0.467919 6.26083 0.0784176 0.164875 0.0784176 0.164875 1.42172 0 0.961641 0 
2 2 0 0.468213 0.468213 6.26083 0.0808244 0.169247 0.0808244 0.169247 1.41872 0 0.960598 0 
2 2 0 0.468506 0.468506 6.26083 0.0832468 0.173612 0.0832468 0.173612 1.4157 0 0.959556 0 
2 2 0 0.468799 0.468799 6.26083 0.0856848 0.177967 0.0856848 0.177967 1.41265 0 0.958516 0 
2 2 0 0.46909 0.46909 6.26083 0.0881386 0.182314 0.0881386 0.182314 1.40959 0 0.957477 0 
2 2 0 0.46938 0.46938 6.26083 0.0906083 0.186652 0.0906083 0.186652 1.4065 0 0.956439 0 
2 2 0 0.46967 0.46967 6.26083 0.093094 0.19098 0.093094 0.19098 1.40339 0 0.955403 0 
2 2 0 0.469958 0.469958 6.26083 0.0955958 0.1953 0.0955958 0.1953 1.40025 0 0.954369 0 
2 2 0 0.470246 0.470246 6.26083 0.0981139 0.19961 0.0981139 0.19961 1.39709 0 0.953336 0 
2 2 0 0.470532 0.470532 6.26083 0.100648 0.203911 0.100648 0.203911 1.39391 0 0.952305 0 
2 2 0 0.470818 0.470818 6.26083 0.103199 0.208201 0.103199 0.208201 1.39071 0 0.951277 0 
2 2 0 0.471102 0.471102 6.26083 0.105767 0.212482 0.105767 0.212482 1.38748 0 0.95025 0 
2 2 0 0.471385 0.471385 6.26083 0.108351 0.216753 0.108351 0.216753 1.38422 0 0.949225 0 
2 2 0 0.471667 0.471667 6.26083 0.110953 0.221014 0.110953 0.221014 1.38094 0 0.948203 0 
2 2 0 0.471947 0.471947 6.26083 0.113571 0.225265 0.113571 0.225265 1.37764 0 0.947183 0 
2 2 0 0.472227 0.472227 6.26083 0.116206 0.229505 0.116206 0.229505 1.37431 0 0.946166 0 
2 2 0 0.472505 0.472505 6.26083 0.118859 0.233734 0.118859 0.233734 1.37096 0 0.945152 0 
2 2 0 0.472782 0.472782 6.26083 0.121529 0.237952 0.121529 0.237952 1.36758 0 0.94414 0 
2 2 0 0.473057 0.473057 6.26083 0.124217 0.242159 0.124217 0.242159 1.36417 0 0.943132 0 
2 2 0 0.473331 0.473331 6.26083 0.126922 0.246355 0.126922 0.246355 1.36074 0 0.942126 0 
2 2 0 0.473604 0.473604 6.26083 0.129645 0.25054 0.129645 0.25054 1.35728 0 0.941124 0 
2 2 0 0.473875 0.473875 6.26083 0.132386 0.254713 0.132386 0.254713 1.3538 0 0.940126 0 
2 2 0 0.474144 0.474144 6.26083 0.135145 0.258874 0.135145 0.258874 1.35029 0 0.939131 0 
2 2 0 0.474412 0.474412 6.26083 0.137922 0.263024 0.137922 0.263024 1.34675 0 0.93814 0 
2 2 0 0.474678 0.474678 6.26083 0.140718 0.267161 0.140718 0.267161 1.34319 0 0.937153 0 
2 2 0 0.474943 0.474943 6.26083 0.143532 0.271285 0.143532 0.271285 1.3396 0 0.93617 0 
2 2 0 0.475206 0.475206 6.26083 0.146364 0.275397 0.146364 0.275397 1.33597 0 0.935192 0 
2 2 0 0.475467 0.475467 6.26083 0.149215 0.279496 0.149215 0.279496 1.33233 0 0.934218 0 
2 2 0 0.475727 0.475727 6.26083 0.152085 0.283582 0.152085 0.283582 1.32865 0 0.93325 0 
2 2 0 0.475984 0.475984 6.26083 0.154974 0.287655 0.154974 0.287655 1.32494 0 0.932286 0 
2 2 0 0.47624 0.47624 6.26083 0.157882 0.291715 0.157882 0.291715 1.32121 0 0.931327 0 
2 2 0 0.476493 0.476493 6.26083 0.160809 0.29576 0.160809 0.29576 1.31744 0 0.930374 0 
2 2 0 0.476745 0.476745 6.26083 0.163756 0.299792 0.163756 0.299792 1.31365 0 0.929427 0 
2 2 0 0.476995 0.476995 6.26083 0.166722 0.30381 0.166722 0.30381 1.30982 0 0.928486 0 
2 2 0 0.477242 0.477242 6.26083 0.169708 0.307813 0.169708 0.307813 1.30597 0 0.927551 0 
2 2 0 0.477488 0.477488 6.26083 0.172713 0.311802 0.172713 0.311802 1.30208 0 0.926623 0 
2 2 0 0.477731 0.477731 6.26083 0.175738 0.315775 0.175738 0.315775 1.29817 0 0.925702 0 
2 2 0 0.477972 0.477972 6.26083 0.178783 0.319734 0.178783 0.319734 1.29422 0 0.924788 0 
2 2 0 0.478211 0.478211 6.26083 0.181848 0.323677 0.181848 0.323677 1.29024 0 0.923881 0 
2 2 0 0.478447 0.478447 6.26083 0.184934 0.327604 0.184934 0.327604 1.28622 0 0.922982 0 
2 2 0 0.478681 0.478681 6.26083 0.18804 0.331516 0.18804 0.331516 1.28218 0 0.922092 0 
2 2 0 0.478913 0.478913 6.26083 0.191166 0.335411 0.191166 0.335411 1.2781 0 0.92121 0 
2 2 0 0.479142 0.479142 6.26083 0.194313 0.33929 0.194313 0.33929 1.27399 0 0.920337 0 
2 2 0 0.479368 0.479368 6.26083 0.19748 0.343152 0.19748 0.343152 1.26984 0 0.919473 0 
2 2 0 0.479592 0.479592 6.26083 0.200669 0.346997 0.200669 0.346997 1.26566 0 0.918619 0 
2 2 0 0.479812 0.479812 6.26083 0.203878 0.350825 0.203878 0.350825 1.26144 0 0.917775 0 
2 2 0 0.480031 0.480031 6.26083 0.207109 0.354635 0.207109 0.354635 1.25719 0 0.916942 0 
2 2 0 0.480246 0.480246 6.26083 0.21036 0.358427 0.21036 0.358427 1.2529 0 0.916121 0 
2 2 0 0.480458 0.480458 6.26083 0.213633 0.362201 0.213633 0.362201 1.24857 0 0.915311 0 
2 2 0 0.480668 0.480668 6.26083 0.216928 0.365957 0.216928 0.365957 1.24421 0 0.914513 0 
2 2 0 0.480874 0.480874 6.26083 0.220244 0.369693 0.220244 0.369693 1.23981 0 0.913728 0 
2 2 0 0.481077 0.481077 6.26083 0.223581 0.373411 0.223581 0.373411 1.23537 0 0.912957 0 
2 2 0 0.481277 0.481277 6.26083 0.226941 0.377109 0.226941 0.377109 1.23089 0 0.912199 0 
2 2 0 0.481474 0.481474 6.26083 0.230322 0.380787 0.230322 0.380787 1.22638 0 0.911457 0 
2 2 0 0.481667 0.481667 6.26083 0.233725 0.384445 0.233725 0.384445 1.22182 0 0.91073 0 
2 2 0 0.481857 0.481857 6.26083 0.237151 0.388083 0.237151 0.388083 1.21722 0 0.910019 0 
2 2 0 0.482044 0.482044 6.26083 0.240598 0.3917 0.240598 0.3917 1.21257 0 0.909326 0 
2 2 0 0.482227 0.482227 6.26083 0.244068 0.395295 0.244068 0.395295 1.20789 0 0.90865 0 
2 2 0 0.482406 0.482406 6.26083 0.24756 0.398869 0.24756 0.398869 1.20316 0 0.907994 0 
2 2 0 0.482582 0.482582 6.26083 0.251074 0.402421 0.251074 0.402421 1.19838 0 0.907357 0 
2 2 0 0.482753 0.482753 6.26083 0.254612 0.405951 0.254612 0.405951 1.19356 0 0.906742 0 
2 2 0 0.482921 0.482921 6.26083 0.258171 0.409459 0.258171 0.409459 1.18869 0 0.906149 0 
2 2 0 0.483085 0.483085 6.26083 0.261754 0.412943 0.261754 0.412943 1.18377 0 0.905579 0 
2 2 0 0.483245 0.483245 6.26083 0.265359 0.416404 0.265359 0.416404 1.1788 0 0.905035 0 
2 2 0 0.483401 0.483401 6.26083 0.268987 0.419841 0.268987 0.419841 1.17378 0 0.904516 0 
2 2 0 0.483552 0.483552 6.26083 0.272639 0.423253 0.272639 0.423253 1.16871 0 0.904026 0 
2 2 0 0.483699 0.483699 6.26083 0.276313 0.426642 0.276313 0.426642 1.16359 0 0.903565 0 
2 2 0 0.483842 0.483842 6.26083 0.28001 0.430005 0.28001 0.430005 1.1584 0 0.903136 0 
2 2 0 0.48398 0.48398 6.26083 0.283731 0.433342 0.283731 0.433342 1.15316 0 0.90274 0 
2 2 0 0.484114 0.484114 6.26083 0.287474 0.436654 0.287474 0.436654 1.14786 0 0.90238 0 
2 2 0 0.484243 0.484243 6.26083 0.291241 0.43994 0.291241 0.43994 1.14249 0 0.902059 0 
2 2 0 0.484367 0.484367 6.26083 0.295031 0.443199 0.295031 0.443199 1.13706 0 0.901779 0 
2 2 0 0.484486 0.484486 6.26083 0.298845 0.44643 0.298845 0.44643 1.13156 0 0.901543 0 
2 2 0 0.4846 0.4846 6.26083 0.302682 0.449634 0.302682 0.449634 1.12599 0 0.901354 0 
2 2 0 0.484709 0.484709 6.26083 0.306543 0.45281 0.306543 0.45281 1.12034 0 0.901218 0 
2 2 0 0.484813 0.484813 6.26083 0.310427 0.455957 0.310427 0.455957 1.11461 0 0.901137 0 
2 2 0 0.484912 0.484912 6.26083 0.314334 0.459075 0.314334 0.459075 1.1088 0 0.901117 0 
2 2 0 0.485005 0.485005 6.26083 0.318265 0.462164 0.318265 0.462164 1.10289 0 0.901163 0 
2 2 0 0.485093 0.485093 6.26083 0.32222 0.465223 0.32222 0.465223 1.09689 0 0.901283 0 
2 2 0 0.485175 0.485175 6.26083 0.326198 0.468251 0.326198 0.468251 1.09079 0 0.901483 0 
2 2 0 0.485251 0.485251 6.26083 0.330199 0.471248 0.330199 0.471248 1.08457 0 0.901772 0 
2 2 0 0.485322 0.485322 6.26083 0.334224 0.474214 0.334224 0.474214 1.07823 0 0.90216 0 
2 2 0 0.485386 0.485386 6.26083 0.338273 0.477148 0.338273 0.477148 1.07175 0 0.902661 0 
2 2 0 0.485445 0.485445 6.26083 0.342345 0.480049 0.342345 0.480049 1.06513 0 0.903289 0 
2 2 0 0.485497 0.485497 6.26083 0.346441 0.482917 0.346441 0.482917 1.05833 0 0.904063 0 
2 2 0 0.485543 0.485543 6.26083 0.350559 0.485751 0.350559 0.485751 1.05134 0 0.905006 0 
2 2 0 0.485582 0.485582 6.26083 0.354702 0.488551 0.354702 0.488551 1.04413 0 0.906148 0 
2 2 0 0.485615 0.485615 6.26083 0.358867 0.491317 0.358867 0.491317 1.03667 0 0.907528 0 
2 2 0 0.485642 0.485642 6.26083 0.363056 0.494047 0.363056 0.494047 1.02888 0 0.909202 0 
2 2 0 0.485661 0.485661 6.26083 0.367268 0.496742 0.367268 0.496742 1.0207 0 0.911245 0 
2 2 0 0.485674 0.485674 6.26083 0.371503 0.4994 0.371503 0.4994 1.01202 0 0.913775 0 
2 2 0 0.485679 0.485679 6.26083 0.375762 0.502021 0.375762 0.502021 1.00264 0 0.916985 0 
2 2 0 0.485679 0.485679 6.26083 0.376883 0.502702 0.376883 0.502702 1.00002 0 0.917978 0 
1 2 0 0.485676 0.485676 6.26083 0.38117 0.505276 0.38117 0.505276 0.989183 0 0.922611 0 
1 2 0 0.485665 0.485665 6.26083 0.38548 0.507811 0.38548 0.507811 0.975959 0 0.929612 0 
1 2 0 0.485646 0.485646 1088.17 0.389812 0.510307 0.389812 0.510307 0.949664 0.00548348 0.949664 -0.00548348 
1 2 0 0.48562 0.48562 244.265 0.394167 0.512764 0.394167 0.512764 0.946532 0.0243528 0.946532 -0.0243528 
1 2 0 0.485586 0.485586 174.733 0.398544 0.515181 0.398544 0.515181 0.943391 0.0339377 0.943391 -0.0339377 
1 2 0 0.485545 0.485545 143.123 0.402944 0.517557 0.402944 0.517557 0.940239 0.0413037 0.940239 -0.0413037 
1 2 0 0.485495 0.485495 124.08 0.407365 0.519891 0.407365 0.519891 0.937079 0.0474924 0.937079 -0.0474924 
1 2 0 0.485437 0.485437 111.008 0.411809 0.522184 0.411809 0.522184 0.933908 0.0529167 0.933908 -0.0529167 
1 2 0 0.485371 0.485371 101.322 0.416274 0.524433 0.416274 0.524433 0.930729 0.0577904 0.930729 -0.0577904 
1 2 0 0.485296 0.485296 93.7747 0.42076 0.52664 0.42076 0.52664 0.927541 0.0622412 0.927541 -0.0622412 
1 2 0 0.485213 0.485213 87.6797 0.425268 0.528802 0.425268 0.528802 0.924344 0.0663527 0.924344 -0.0663527 
1 2 0 0.485121 0.485121 82.6249 0.429797 0.53092 0.429797 0.53092 0.921138 0.070183 0.921138 -0.070183 
1 2 0 0.48502 0.48502 78.3452 0.434346 0.532993 0.434346 0.532993 0.917924 0.0737746 0.917924 -0.0737746 
1 2 0 0.48491 0.48491 74.6618 0.438916 0.53502 0.438916 0.53502 0.914702 0.0771593 0.914702 -0.0771593 
1 2 0 0.484791 0.484791 71.4487 0.443506 0.537 0.443506 0.537 0.911472 0.0803619 0.911472 -0.0803619 
1 2 0 0.484662 0.484662 68.6147 0.448116 0.538932 0.448116 0.538932 0.908234 0.0834021 0.908234 -0.0834021 
1 2 0 0.484524 0.484524 66.0913 0.452745 0.540817 0.452745 0.540817 0.904989 0.0862958 0.904989 -0.0862958 
1 2 0 0.484377 0.484377 63.8267 0.457394 0.542653 0.457394 0.542653 0.901737 0.089056 0.901737 -0.089056 
1 2 0 0.484219 0.484219 61.7802 0.462061 0.54444 0.462061 0.54444 0.898478 0.0916936 0.898478 -0.0916936 
1 2 0 0.484052 0.484052 59.9196 0.466747 0.546176 0.466747 0.546176 0.895212 0.0942176 0.895212 -0.0942176 
1 2 0 0.483875 0.483875 58.2194 0.471452 0.547862 0.471452 0.547862 0.891939 0.0966359 0.891939 -0.0966359 
1 2 0 0.483687 0.483687 56.6583 0.476173 0.549497 0.476173 0.549497 0.888661 0.098955 0.888661 -0.098955 
1 2 0 0.483489 0.483489 55.2192 0.480913 0.551079 0.480913 0.551079 0.885377 0.101181 0.885377 -0.101181 
1 2 0 0.483281 0.483281 53.8878 0.485669 0.552608 0.485669 0.552608 0.882087 0.103318 0.882087 -0.103318 
1 2 0 0.483061 0.483061 52.6519 0.490441 0.554084 0.490441 0.554084 0.878792 0.105371 0.878792 -0.105371 
1 2 0 0.482831 0.482831 51.5013 0.49523 0.555505 0.49523 0.555505 0.875493 0.107344 0.875493 -0.107344 
1 2 0 0.48259 0.48259 50.4275 0.500034 0.556872 0.500034 0.556872 0.872188 0.109239 0.872188 -0.109239 
1 2 0 0.482338 0.482338 49.4228 0.504853 0.558182 0.504853 0.558182 0.86888 0.111061 0.86888 -0.111061 
1 2 0 0.482074 0.482074 48.4809 0.509686 0.559437 0.509686 0.559437 0.865567 0.112811 0.865567 -0.112811 
1 2 0 0.481799 0.481799 47.5961 0.514533 0.560634 0.514533 0.560634 0.862251 0.114492 0.862251 -0.114492 
1 2 0 0.481513 0.481513 46.7637 0.519394 0.561773 0.519394 0.561773 0.858932 0.116106 0.858932 -0.116106 
1 2 0 0.481214 0.481214 45.9792 0.524267 0.562854 0.524267 0.562854 0.85561 0.117655 0.85561 -0.117655 
1 2 0 0.480904 0.480904 45.2389 0.529152 0.563876 0.529152 0.563876 0.852285 0.11914 0.852285 -0.11914 
1 2 0 0.480582 0.480582 44.5395 0.534048 0.564838 0.534048 0.564838 0.848959 0.120563 0.848959 -0.120563 
1 2 0 0.480247 0.480247 43.878 0.538955 0.565739 0.538955 0.565739 0.845631 0.121926 0.845631 -0.121926 
1 2 0 0.4799 0.4799 43.2517 0.543872 0.566579 0.543872 0.566579 0.842301 0.123229 0.842301 -0.123229 
1 2 0 0.479541 0.479541 42.6584 0.548799 0.567357 0.548799 0.567357 0.838971 0.124474 0.838971 -0.124474 
1 2 0 0.479169 0.479169 42.0958 0.553734 0.568073 0.553734 0.568073 0.83564 0.125662 0.83564 -0.125662 
1 2 0 0.478784 0.478784 41.5621 0.558676 0.568725 0.558676 0.568725 0.832309 0.126792 0.832309 -0.126792 
1 2 0 0.478386 0.478386 41.0555 0.563626 0.569314 0.563626 0.569314 0.828978 0.127868 0.828978 -0.127868 
1 2 0 0.477975 0.477975 40.5746 0.568582 0.569838 0.568582 0.569838 0.825648 0.128888 0.825648 -0.128888 
1 2 0 0.477551 0.477551 40.1179 0.573543 0.570297 0.573543 0.570297 0.82232 0.129854 0.82232 -0.129854 
1 2 0 0.477114 0.477114 39.6841 0.578509 0.57069 0.578509 0.57069 0.818993 0.130766 0.818993 -0.130766 
1 2 0 0.476663 0.476663 39.2721 0.583478 0.571017 0.583478 0.571017 0.815669 0.131625 0.815669 -0.131625 
1 2 0 0.476199 0.476199 38.8809 0.58845 0.571277 0.58845 0.571277 0.812347 0.132431 0.812347 -0.132431 
1 2 0 0.475721 0.475721 38.5094 0.593424 0.57147 0.593424 0.57147 0.809028 0.133185 0.809028 -0.133185 
1 2 0 0.475229 0.475229 38.1569 0.598399 0.571595 0.598399 0.571595 0.805712 0.133887 0.805712 -0.133887 
1 2 0 0.474723 0.474723 37.8225 0.603373 0.571651 0.603373 0.571651 0.802401 0.134537 0.802401 -0.134537 
1 2 0 0.474204 0.474204 37.5055 0.608347 0.571639 0.608347 0.571639 0.799095 0.135136 0.799095 -0.135136 
1 2 0 0.47367 0.47367 37.2054 0.613318 0.571557 0.613318 0.571557 0.795793 0.135685 0.795793 -0.135685 
1 2 0 0.473122 0.473122 36.9213 0.618286 0.571406 0.618286 0.571406 0.792497 0.136182 0.792497 -0.136182 
1 2 0 0.472559 0.472559 36.653 0.62325 0.571184 0.62325 0.571184 0.789207 0.13663 0.789207 -0.13663 
1 2 0 0.471983 0.471983 36.3997 0.628209 0.570892 0.628209 0.570892 0.785924 0.137027 0.785924 -0.137027 
1 2 0 0.471392 0.471392 36.1612 0.633161 0.57053 0.633161 0.57053 0.782647 0.137374 0.782647 -0.137374 
1 2 0 0.470786 0.470786 35.9369 0.638106 0.570096 0.638106 0.570096 0.779379 0.137672 0.779379 -0.137672 
1 2 0 0.470166 0.470166 35.7266 0.643042 0.56959 0.643042 0.56959 0.776118 0.13792 0.776118 -0.13792 
1 2 0 0.469531 0.469531 35.5298 0.647968 0.569013 0.647968 0.569013 0.772866 0.138118 0.772866 -0.138118 
1 2 0 0.468882 0.468882 35.3464 0.652884 0.568364 0.652884 0.568364 0.769623 0.138268 0.769623 -0.138268 
1 2 0 0.468217 0.468217 35.176 0.657787 0.567643 0.657787 0.567643 0.766389 0.138368 0.766389 -0.138368 
1 2 0 0.467538 0.467538 35.0184 0.662677 0.56685 0.662677 0.56685 0.763166 0.13842 0.763166 -0.13842 
1 2 0 0.466844 0.466844 34.8734 0.667553 0.565985 0.667553 0.565985 0.759953 0.138423 0.759953 -0.138423 
1 2 0 0.466136 0.466136 34.7409 0.672414 0.565048 0.672414 0.565048 0.756751 0.138377 0.756751 -0.138377 
1 2 0 0.465412 0.465412 34.6207 0.677258 0.564038 0.677258 0.564038 0.753561 0.138283 0.753561 -0.138283 
1 2 0 0.464674 0.464674 34.5126 0.682084 0.562956 0.682084 0.562956 0.750383 0.13814 0.750383 -0.13814 
1 2 0 0.46392 0.46392 34.4167 0.686891 0.561802 0.686891 0.561802 0.747218 0.13795 0.747218 -0.13795 
1 2 0 0.463152 0.463152 34.3328 0.691677 0.560576 0.691677 0.560576 0.744065 0.137711 0.744065 -0.137711 
1 2 0 0.462369 0.462369 34.2608 0.696443 0.559278 0.696443 0.559278 0.740926 0.137425 0.740926 -0.137425 
1 2 0 0.461571 0.461571 34.2008 0.701185 0.557908 0.701185 0.557908 0.737801 0.13709 0.737801 -0.13709 
1 2 0 0.460759 0.460759 34.1528 0.705904 0.556467 0.705904 0.556467 0.73469 0.136709 0.73469 -0.136709 
1 2 0 0.459931 0.459931 34.1168 0.710599 0.554955 0.710599 0.554955 0.731594 0.136279 0.731594 -0.136279 
1 2 0 0.459089 0.459089 34.0929 0.715267 0.553373 0.715267 0.553373 0.728512 0.135803 0.728512 -0.135803 
1 2 0 0.458232 0.458232 34.0811 0.719908 0.55172 0.719908 0.55172 0.725447 0.135279 0.725447 -0.135279 
1 2 0 0.45736 0.45736 34.0816 0.724521 0.549997 0.724521 0.549997 0.722397 0.134709 0.722397 -0.134709 
1 2 0 0.456474 0.456474 34.0945 0.729104 0.548205 0.729104 0.548205 0.719364 0.134091 0.719364 -0.134091 
1 2 0 0.455574 0.455574 34.1199 0.733658 0.546345 0.733658 0.546345 0.716347 0.133427 0.716347 -0.133427 
1 2 0 0.454658 0.454658 34.1581 0.73818 0.544416 0.73818 0.544416 0.713348 0.132716 0.713348 -0.132716 
1 2 0 0.453729 0.453729 34.2093 0.742669 0.542419 0.742669 0.542419 0.710365 0.131959 0.710365 -0.131959 
1 2 0 0.452785 0.452785 34.2738 0.747125 0.540356 0.747125 0.540356 0.7074 0.131156 0.7074 -0.131156 
1 2 0 0.451827 0.451827 34.3518 0.751547 0.538226 0.751547 0.538226 0.704453 0.130306 0.704453 -0.130306 
1 2 0 0.450855 0.450855 34.4436 0.755934 0.536031 0.755934 0.536031 0.701524 0.12941 0.701524 -0.12941 
1 2 0 0.449869 0.449869 34.5498 0.760284 0.533772 0.760284 0.533772 0.698614 0.128469 0.698614 -0.128469 
1 2 0 0.448868 0.448868 34.6706 0.764598 0.531448 0.764598 0.531448 0.695722 0.127481 0.695722 -0.127481 
1 2 0 0.447854 0.447854 34.8066 0.768874 0.529062 0.768874 0.529062 0.692848 0.126447 0.692848 -0.126447 
1 2 0 0.446827 0.446827 34.9582 0.773111 0.526613 0.773111 0.526613 0.689993 0.125368 0.689993 -0.125368 
1 2 0 0.445785 0.445785 35.1262 0.777309 0.524103 0.777309 0.524103 0.687158 0.124243 0.687158 -0.124243 
1 2 0 0.44473 0.44473 35.311 0.781466 0.521533 0.781466 0.521533 0.684341 0.123072 0.684341 -0.123072 
1 2 0 0.443662 0.443662 35.5134 0.785583 0.518904 0.785583 0.518904 0.681544 0.121856 0.681544 -0.121856 
1 2 0 0.44258 0.44258 35.7343 0.789659 0.516216 0.789659 0.516216 0.678765 0.120593 0.678765 -0.120593 
1 2 0 0.441485 0.441485 35.9744 0.793693 0.513471 0.793693 0.513471 0.676007 0.119285 0.676007 -0.119285 
1 2 0 0.440377 0.440377 36.2349 0.797684 0.51067 0.797684 0.51067 0.673267 0.11793 0.673267 -0.11793 
1 2 0 0.439255 0.439255 36.5167 0.801632 0.507813 0.801632 0.507813 0.670547 0.116529 0.670547 -0.116529 
1 2 0 0.438121 0.438121 36.8211 0.805537 0.504903 0.805537 0.504903 0.667846 0.115081 0.667846 -0.115081 
1 2 0 0.436974 0.436974 37.1494 0.809398 0.501939 0.809398 0.501939 0.665164 0.113586 0.665164 -0.113586 
1 2 0 0.435814 0.435814 37.5031 0.813215 0.498924 0.813215 0.498924 0.662501 0.112044 0.662501 -0.112044 
1 2 0 0.434642 0.434642 37.884 0.816987 0.495858 0.816987 0.495858 0.659858 0.110454 0.659858 -0.110454 
1 2 0 0.433457 0.433457 38.2939 0.820714 0.492741 0.820714 0.492741 0.657233 0.108816 0.657233 -0.108816 
1 2 0 0.432259 0.432259 38.735 0.824395 0.489577 0.824395 0.489577 0.654627 0.107128 0.654627 -0.107128 
1 2 0 0.43105 0.43105 39.2097 0.828032 0.486365 0.828032 0.486365 0.65204 0.10539 0.65204 -0.10539 
1 2 0 0.429827 0.429827 39.7208 0.831622 0.483106 0.831622 0.483106 0.649472 0.103602 0.649472 -0.103602 
1 2 0 0.428593 0.428593 40.2713 0.835167 0.479802 0.835167 0.479802 0.646921 0.101761 0.646921 -0.101761 
1 2 0 0.427346 0.427346 40.8648 0.838666 0.476454 0.838666 0.476454 0.644389 0.0998665 0.644389 -0.0998665 
1 2 0 0.426087 0.426087 41.5055 0.842118 0.473063 0.842118 0.473063 0.641875 0.0979174 0.641875 -0.0979174 
1 2 0 0.424816 0.424816 42.1981 0.845525 0.469631 0.845525 0.469631 0.639378 0.0959116 0.639378 -0.0959116 
1 2 0 0.423533 0.423533 42.948 0.848885 0.466157 0.848885 0.466157 0.636899 0.0938472 0.636899 -0.0938472 
1 2 0 0.422238 0.422238 43.7617 0.852199 0.462644 0.852199 0.462644 0.634437 0.0917218 0.634437 -0.0917218 
1 2 0 0.420931 0.420931 44.6467 0.855467 0.459092 0.855467 0.459092 0.631991 0.0895327 0.631991 -0.0895327 
1 2 0 0.419612 0.419612 45.612 0.858689 0.455503 0.858689 0.455503 0.629562 0.0872768 0.629562 -0.0872768 
1 2 0 0.41828 0.41828 46.6682 0.861865 0.451877 0.861865 0.451877 0.62715 0.0849505 0.62715 -0.0849505 
1 2 0 0.416937 0.416937 47.8281 0.864995 0.448216 0.864995 0.448216 0.624753 0.0825494 0.624753 -0.0825494 
1 2 0 0.415583 0.415583 49.1074 0.868079 0.444521 0.868079 0.444521 0.622371 0.0800685 0.622371 -0.0800685 
1 2 0 0.414216 0.414216 50.5253 0.871118 0.440792 0.871118 0.440792 0.620005 0.077502 0.620005 -0.077502 
1 2 0 0.412837 0.412837 52.106 0.874111 0.437031 0.874111 0.437031 0.617654 0.0748427 0.617654 -0.0748427 
1 2 0 0.411446 0.411446 53.8798 0.877059 0.433239 0.877059 0.433239 0.615317 0.0720822 0.615317 -0.0720822 
1 2 0 0.410043 0.410043 55.8859 0.879962 0.429417 0.879962 0.429417 0.612994 0.06921 0.612994 -0.06921 
1 2 0 0.408628 0.408628 58.1759 0.882819 0.425566 0.882819 0.425566 0.610684 0.0662135 0.610684 -0.0662135 
1 2 0 0.407201 0.407201 60.819 0.885633 0.421686 0.885633 0.421686 0.608388 0.0630769 0.608388 -0.0630769 
1 2 0 0.405762 0.405762 63.9107 0.888402 0.417779 0.888402 0.417779 0.606105 0.05978 0.606105 -0.05978 
1 2 0 0.404311 0.404311 67.5878 0.891127 0.413846 0.891127 0.413846 0.603834 0.0562967 0.603834 -0.0562967 
1 2 0 0.402847 0.402847 72.0532 0.893808 0.409887 0.893808 0.409887 0.601575 0.0525919 0.601575 -0.0525919 
1 2 0 0.401371 0.401371 77.6254 0.896445 0.405904 0.896445 0.405904 0.599327 0.0486172 0.599327 -0.0486172 
1 2 0 0.399882 0.399882 84.8377 0.89904 0.401897 0.89904 0.401897 0.597091 0.0443023 0.597091 -0.0443023 
1 2 0 0.398381 0.398381 94.6709 0.901592 0.397867 0.901592 0.397867 0.594865 0.0395385 0.594865 -0.0395385 
1 2 0 0.396867 0.396867 109.189 0.904101 0.393816 0.904101 0.393816 0.592649 0.0341411 0.592649 -0.0341411 
1 2 0 0.39534 0.39534 133.805 0.906568 0.389743 0.906568 0.389743 0.590443 0.0277462 0.590443 -0.0277462 
1 2 0 0.3938 0.3938 190.633 0.908993 0.38565 0.908993 0.38565 0.588247 0.0193954 0.588247 -0.0193954 
1 2 0 0.392248 0.392248 190.633 0.911376 0.381538 0.911376 0.381538 0.582157 0 0.589962 0 
1 2 0 0.390682 0.390682 190.633 0.913719 0.377408 0.913719 0.377408 0.563775 0 0.603985 0 
1 2 0 0.389102 0.389102 190.633 0.916021 0.373259 0.916021 0.373259 0.553591 0 0.609826 0 
1 2 0 0.387509 0.387509 190.633 0.918282 0.369094 0.918282 0.369094 0.545277 0 0.613811 0 
1 2 0 0.385902 0.385902 190.633 0.920503 0.364912 0.920503 0.364912 0.537953 0 0.61682 0 
1 2 0 0.384281 0.384281 190.633 0.922685 0.360715 0.922685 0.360715 0.531273 0 0.619198 0 
1 2 0 0.382646 0.382646 190.633 0.924827 0.356503 0.924827 0.356503 0.525057 0 0.621124 0 
1 2 0 0.380997 0.380997 190.633 0.92693 0.352278 0.92693 0.352278 0.519198 0 0.622705 0 
1 2 0 0.379333 0.379333 190.633 0.928995 0.348038 0.928995 0.348038 0.513625 0 0.624009 0 
1 2 0 0.377654 0.377654 190.633 0.931021 0.343787 0.931021 0.343787 0.508288 0 0.625085 0 
1 2 0 0.37596 0.37596 190.633 0.93301 0.339523 0.93301 0.339523 0.503153 0 0.625968 0 
1 2 0 0.37425 0.37425 190.633 0.934962 0.335249 0.934962 0.335249 0.498191 0 0.626684 0 
1 2 0 0.372526 0.372526 190.633 0.936876 0.330964 0.936876 0.330964 0.493382 0 0.627254 0 
1 2 0 0.370785 0.370785 190.633 0.938753 0.326669 0.938753 0.326669 0.488708 0 0.627693 0 
1 2 0 0.369028 0.369028 190.633 0.940594 0.322365 0.940594 0.322365 0.484156 0 0.628014 0 
1 2 0 0.367254 0.367254 190.633 0.9424 0.318052 0.9424 0.318052 0.479713 0 0.628229 0 
1 2 0 0.365464 0.365464 190.633 0.944169 0.313732 0.944169 0.313732 0.47537 0 0.628346 0 
1 2 0 0.363657 0.363657 190.633 0.945904 0.309404 0.945904 0.309404 0.471118 0 0.628371 0 
1 2 0 0.361832 0.361832 190.633 0.947603 0.30507 0.947603 0.30507 0.466951 0 0.628312 0 
1 2 0 0.35999 0.35999 190.633 0.949268 0.30073 0.949268 0.30073 0.462861 0 0.628174 0 
1 2 0 0.358129 0.358129 190.633 0.950899 0.296385 0.950899 0.296385 0.458844 0 0.627961 0 
1 2 0 0.35625 0.35625 190.633 0.952496 0.292036 0.952496 0.292036 0.454894 0 0.627677 0 
1 2 0 0.354352 0.354352 190.633 0.95406 0.287682 0.95406 0.287682 0.451007 0 0.627325 0 
1 2 0 0.352435 0.352435 190.633 0.955591 0.283325 0.955591 0.283325 0.447179 0 0.626909 0 
1 2 0 0.350498 0.350498 190.633 0.957088 0.278966 0.957088 0.278966 0.443406 0 0.62643 0 
1 2 0 0.34854 0.34854 190.633 0.958554 0.274604 0.958554 0.274604 0.439685 0 0.625892 0 
1 2 0 0.346563 0.346563 190.633 0.959987 0.270241 0.959987 0.270241 0.436013 0 0.625295 0 
1 2 0 0.344564 0.344564 190.633 0.961389 0.265877 0.961389 0.265877 0.432386 0 0.624643 0 
1 2 0 0.342544 0.342544 190.633 0.962759 0.261513 0.962759 0.261513 0.428803 0 0.623935 0 
1 2 0 0.340502 0.340502 190.633 0.964098 0.25715 0.964098 0.25715 0.425261 0 0.623174 0 
1 2 0 0.338437 0.338437 190.633 0.965406 0.252788 0.965406 0.252788 0.421757 0 0.622361 0 
1 2 0 0.33635 0.33635 190.633 0.966684 0.248428 0.966684 0.248428 0.41829 0 0.621497 0 
1 2 0 0.334239 0.334239 190.633 0.967932 0.24407 0.967932 0.24407 0.414857 0 0.620582 0 
1 2 0 0.332104 0.332104 190.633 0.96915 0.239716 0.96915 0.239716 0.411456 0 0.619617 0 
1 2 0 0.329944 0.329944 190.633 0.970338 0.235366 0.970338 0.235366 0.408086 0 0.618603 0 
1 2 0 0.32776 0.32776 190.633 0.971497 0.23102 0.971497 0.23102 0.404744 0 0.617541 0 
1 2 0 0.325549 0.325549 190.633 0.972628 0.22668 0.972628 0.22668 0.40143 0 0.616431 0 
1 2 0 0.323313 0.323313 190.633 0.973729 0.222345 0.973729 0.222345 0.39814 0 0.615273 0 
1 2 0 0.321049 0.321049 190.633 0.974803 0.218018 0.974803 0.218018 0.394875 0 0.614067 0 
1 2 0 0.318758 0.318758 190.633 0.975848 0.213698 0.975848 0.213698 0.391632 0 0.612815 0 
1 2 0 0.316439 0.316439 190.633 0.976866 0.209387 0.976866 0.209387 0.38841 0 0.611515 0 
1 2 0 0.314091 0.314091 190.633 0.977857 0.205085 0.977857 0.205085 0.385207 0 0.610169 0 
1 2 0 0.311714 0.311714 190.633 0.97882 0.200793 0.97882 0.200793 0.382022 0 0.608775 0 
1 2 0 0.309306 0.309306 190.633 0.979757 0.196512 0.979757 0.196512 0.378854 0 0.607336 0 
1 2 0 0.306868 0.306868 190.633 0.980667 0.192242 0.980667 0.192242 0.375702 0 0.605849 0 
1 2 0 0.304398 0.304398 190.633 0.981551 0.187986 0.981551 0.187986 0.372563 0 0.604315 0 
1 2 0 0.301896 0.301896 190.633 0.982408 0.183743 0.982408 0.183743 0.369437 0 0.602735 0 
1 2 0 0.29936 0.29936 190.633 0.983241 0.179514 0.983241 0.179514 0.366323 0 0.601107 0 
1 2 0 0.296791 0.296791 190.633 0.984048 0.175301 0.984048 0.175301 0.36322 0 0.599433 0 
1 2 0 0.294187 0.294187 190.633 0.984829 0.171104 0.984829 0.171104 0.360125 0 0.597711 0 
1 2 0 0.291548 0.291548 190.633 0.985587 0.166925 0.985587 0.166925 0.357039 0 0.595941 0 
1 2 0 0.288873 0.288873 190.633 0.986319 0.162765 0.986319 0.162765 0.353959 0 0.594123 0 
1 2 0 0.286161 0.286161 190.633 0.987028 0.158624 0.987028 0.158624 0.350886 0 0.592258 0 
1 2 0 0.283411 0.283411 190.633 0.987712 0.154505 0.987712 0.154505 0.347817 0 0.590344 0 
1 2 0 0.280622 0.280622 190.633 0.988373 0.150407 0.988373 0.150407 0.344752 0 0.588381 0 
1 2 0 0.277795 0.277795 190.633 0.989011 0.146333 0.989011 0.146333 0.341689 0 0.58637 0 
1 2 0 0.274927 0.274927 190.633 0.989625 0.142283 0.989625 0.142283 0.338628 0 0.584309 0 
1 2 0 0.272018 0.272018 190.633 0.990217 0.138259 0.990217 0.138259 0.335568 0 0.582199 0 
1 2 0 0.269067 0.269067 190.633 0.990787 0.134263 0.990787 0.134263 0.332507 0 0.580039 0 
1 2 0 0.266074 0.266074 190.633 0.991334 0.130295 0.991334 0.130295 0.329445 0 0.577828 0 
1 2 0 0.263037 0.263037 190.633 0.99186 0.126357 0.99186 0.126357 0.326381 0 0.575568 0 
1 2 0 0.259956 0.259956 190.633 0.992365 0.122451 0.992365 0.122451 0.323313 0 0.573257 0 
1 2 0 0.25683 0.25683 190.633 0.992848 0.118578 0.992848 0.118578 0.320242 0 0.570894 0 
1 2 0 0.253659 0.253659 190.633 0.993311 0.11474 0.993311 0.11474 0.317165 0 0.568481 0 
1 2 0 0.250441 0.250441 190.633 0.993753 0.110938 0.993753 0.110938 0.314083 0 0.566017 0 
1 2 0 0.247176 0.247176 190.633 0.994176 0.107175 0.994176 0.107175 0.310994 0 0.563501 0 
1 2 0 0.243863 0.243863 190.633 0.994579 0.103451 0.994579 0.103451 0.307898 0 0.560933 0 
1 2 0 0.240502 0.240502 190.633 0.994962 0.0997685 0.994962 0.0997685 0.304794 0 0.558314 0 
1 2 0 0.237092 0.237092 190.633 0.995327 0.0961295 0.995327 0.0961295 0.301682 0 0.555643 0 
1 2 0 0.233632 0.233632 190.633 0.995674 0.0925357 0.995674 0.0925357 0.298561 0 0.55292 0 
1 2 0 0.230123 0.230123 190.633 0.996002 0.088989 0.996002 0.088989 0.29543 0 0.550146 0 
1 2 0 0.226562 0.226562 190.633 0.996313 0.0854913 0.996313 0.0854913 0.292289 0 0.54732 0 
1 2 0 0.222951 0.222951 190.633 0.996607 0.0820444 0.996607 0.0820444 0.289138 0 0.544443 0 
1 2 0 0.21929 0.21929 190.633 0.996884 0.0786504 0.996884 0.0786504 0.285976 0 0.541515 0 
1 2 0 0.215576 0.215576 190.633 0.997144 0.0753112 0.997144 0.0753112 0.282803 0 0.538536 0 
1 2 0 0.211812 0.211812 190.633 0.997389 0.0720288 0.997389 0.0720288 0.279619 0 0.535508 0 
1 2 0 0.207996 0.207996 190.633 0.997619 0.068805 0.997619 0.068805 0.276424 0 0.53243 0 
1 2 0 0.204129 0.204129 190.633 0.997834 0.065642 0.997834 0.065642 0.273218 0 0.529303 0 
1 2 0 0.20021 0.20021 190.633 0.998035 0.0625415 0.998035 0.0625415 0.270001 0 0.526128 0 
1 2 0 0.196241 0.196241 190.633 0.998222 0.0595054 0.998222 0.0595054 0.266774 0 0.522906 0 
1 2 0 0.192222 0.192222 190.633 0.998396 0.0565357 0.998396 0.0565357 0.263535 0 0.519638 0 
1 2 0 0.188152 0.188152 190.633 0.998557 0.0536341 0.998557 0.0536341 0.260287 0 0.516325 0 
1 2 0 0.184033 0.184033 190.633 0.998705 0.0508023 0.998705 0.0508023 0.257029 0 0.512968 0 
1 2 0 0.179865 0.179865 190.633 0.998843 0.048042 0.998843 0.048042 0.253763 0 0.509569 0 
1 2 0 0.17565 0.17565 190.633 0.998969 0.0453548 0.998969 0.0453548 0.250488 0 0.506128 0 
1 2 0 0.171387 0.171387 190.633 0.999084 0.0427421 0.999084 0.0427421 0.247205 0 0.502648 0 
1 2 0 0.167079 0.167079 190.633 0.99919 0.0402054 0.99919 0.0402054 0.243916 0 0.499131 0 
1 2 0 0.162726 0.162726 190.633 0.999286 0.0377457 0.999286 0.0377457 0.240622 0 0.495577 0 
1 2 0 0.158329 0.158329 190.633 0.999374 0.0353644 0.999374 0.0353644 0.237323 0 0.491988 0 
1 2 0 0.153891 0.153891 190.633 0.999453 0.0330623 0.999453 0.0330623 0.23402 0 0.488367 0 
1 2 0 0.149411 0.149411 190.633 0.999524 0.0308404 0.999524 0.0308404 0.230716 0 0.484716 0 
1 2 0 0.144892 0.144892 190.633 0.999588 0.0286992 0.999588 0.0286992 0.22741 0 0.481036 0 
1 2 0 0.140336 0.140336 190.633 0.999645 0.0266394 0.999645 0.0266394 0.224105 0 0.477329 0 
1 2 0 0.135743 0.135743 190.633 0.999696 0.0246614 0.999696 0.0246614 0.220802 0 0.473598 0 
1 2 0 0.131116 0.131116 190.633 0.999741 0.0227653 0.999741 0.0227653 0.217503 0 0.469845 0 
1 2 0 0.126456 0.126456 190.633 0.99978 0.0209514 0.99978 0.0209514 0.214208 0 0.466072 0 
1 2 0 0.121765 0.121765 190.633 0.999815 0.0192194 0.999815 0.0192194 0.210919 0 0.462281 0 
1 2 0 0.117044 0.117044 190.633 0.999846 0.0175693 0.999846 0.0175693 0.207638 0 0.458474 0 
1 2 0 0.112296 0.112296 190.633 0.999872 0.0160006 0.999872 0.0160006 0.204367 0 0.454653 0 
1 2 0 0.107522 0.107522 190.633 0.999895 0.0145128 0.999895 0.0145128 0.201106 0 0.450821 0 
1 2 0 0.102723 0.102723 190.633 0.999914 0.0131053 0.999914 0.0131053 0.197857 0 0.446979 0 
1 2 0 0.0979021 0.0979021 190.633 0.999931 0.0117773 0.999931 0.0117773 0.194622 0 0.443129 0 
1 2 0 0.09306 0.09306 190.633 0.999945 0.010528 0.999945 0.010528 0.191403 0 0.439274 0 
1 2 0 0.0881986 0.0881986 190.633 0.999956 0.00935629 0.999956 0.00935629 0.1882 0 0.435415 0 
1 2 0 0.0833194 0.0833194 190.633 0.999966 0.00826116 0.999966 0.00826116 0.185015 0 0.431555 0 
1 2 0 0.0784238 0.0784238 190.633 0.999974 0.0072414 0.999974 0.0072414 0.181849 0 0.427694 0 
1 2 0 0.0735135 0.0735135 190.633 0.99998 0.00629575 0.99998 0.00629575 0.178704 0 0.423835 0 
1 2 0 0.0685897 0.0685897 190.633 0.999985 0.00542288 0.999985 0.00542288 0.175581 0 0.419979 0 
1 2 0 0.0636539 0.0636539 190.633 0.999989 0.00462139 0.999989 0.00462139 0.172482 0 0.416128 0 
1 2 0 0.0587072 0.0587072 190.633 0.999992 0.00388982 0.999992 0.00388982 0.169406 0 0.412283 0 
1 2 0 0.0537509 0.0537509 190.633 0.999995 0.00322669 0.999995 0.00322669 0.166356 0 0.408446 0 
1 2 0 0.0487861 0.0487861 190.633 0.999997 0.00263047 0.999997 0.00263047 0.163332 0 0.404617 0 
1 2 0 0.0438139 0.0438139 190.633 0.999998 0.00209961 0.999998 0.00209961 0.160335 0 0.400799 0 
1 2 0 0.0388353 0.0388353 190.633 0.999999 0.00163252 0.999999 0.00163252 0.157367 0 0.396992 0 
1 2 0 0.0338514 0.0338514 190.633 0.999999 0.00122762 0.999999 0.00122762 0.154428 0 0.393197 0 
1 2 0 0.0288629 0.0288629 190.633 1 0.00088332 1 0.00088332 0.151519 0 0.389416 0 
1 2 0 0.0238707 0.0238707 190.633 1 0.000598019 1 0.000598019 0.14864 0 0.385649 0 
1 2 0 0.0188755 0.0188755 190.633 1 0.000370127 1 0.000370127 0.145793 0 0.381897 0 
1 2 0 0.0138782 0.0138782 190.633 1 0.000198064 1 0.000198064 0.142978 0 0.378161 0 
1 2 0 0.00887928 0.00887928 190.633 1 8.02607e-05 1 8.02607e-05 0.140195 0 0.374441 0 
1 2 0 0.00387942 0.00387942 190.633 1 1.51675e-05 1 1.51675e-05 0.137446 0 0.370739 0 
1 2 0 -0.00112082 -0.00112082 190.633 1 1.25347e-06 1 1.25347e-06 0.134729 0 0.367055 0 
2 2 0 0.456784 0.456784 190.633 0 0 0 0 0.134729 0 0.367055 0 
1 2 0 0.456784 0.456784 190.633 -0.000191399 -0.000461916 -0.000191399 -0.000461916 0.134729 0 0.367055 0 
2 2 0 0.456848 0.456848 190.633 -0.00038255 -0.000922904 -0.00038255 -0.000922904 1.51741 0 0.999792 0 
2 2 0 0.45691 0.45691 190.633 -0.000765191 -0.00184472 -0.000765191 -0.00184472 1.51695 0 0.999583 0 
2 2 0 0.457034 0.457034 190.633 -0.00153186 -0.00368779 -0.00153186 -0.00368779 1.51602 0 0.999167 0 
2 2 0 0.457282 0.457282 190.633 -0.00307076 -0.00737161 -0.00307076 -0.00737161 1.51416 0 0.998333 0 
2 2 0 0.457591 0.457591 190.633 -0.00500489 -0.011972 -0.00500489 -0.011972 1.51183 0 0.99729 0 
2 2 0 0.4579 0.4579 190.633 -0.00695077 -0.0165674 -0.00695077 -0.0165674 1.50948 0 0.996246 0 
2 2 0 0.458209 0.458209 190.633 -0.00890849 -0.0211579 -0.00890849 -0.0211579 1.50711 0 0.995201 0 
2 2 0 0.458518 0.458518 190.633 -0.0108782 -0.0257432 -0.0108782 -0.0257432 1.50472 0 0.994156 0 
2 2 0 0.458827 0.458827 190.633 -0.0128599 -0.0303233 -0.0128599 -0.0303233 1.50232 0 0.99311 0 
2 2 0 0.459135 0.459135 190.633 -0.0148537 -0.0348982 -0.0148537 -0.0348982 1.4999 0 0.992064 0 
2 2 0 0.459444 0.459444 190.633 -0.0168597 -0.0394678 -0.0168597 -0.0394678 1.49746 0 0.991017 0 
2 2 0 0.459752 0.459752 190.633 -0.0188781 -0.0440319 -0.0188781 -0.0440319 1.49501 0 0.989969 0 
2 2 0 0.46006 0.46006 190.633 -0.020909 -0.0485906 -0.020909 -0.0485906 1.49254 0 0.988921 0 
2 2 0 0.460367 0.460367 190.633 -0.0229523 -0.0531436 -0.0229523 -0.0531436 1.49005 0 0.987872 0 
2 2 0 0.460675 0.460675 190.633 -0.0250083 -0.057691 -0.0250083 -0.057691 1.48755 0 0.986823 0 
2 2 0 0.460982 0.460982 190.633 -0.027077 -0.0622326 -0.027077 -0.0622326 1.48502 0 0.985774 0 
2 2 0 0.461288 0.461288 190.633 -0.0291586 -0.0667684 -0.0291586 -0.0667684 1.48248 0 0.984724 0 
2 2 0 0.461595 0.461595 190.633 -0.0312531 -0.0712982 -0.0312531 -0.0712982 1.47992 0 0.983674 0 
2 2 0 0.461901 0.461901 190.633 -0.0333606 -0.075822 -0.0333606 -0.075822 1.47735 0 0.982623 0 
2 2 0 0.462206 0.462206 190.633 -0.0354813 -0.0803397 -0.0354813 -0.0803397 1.47475 0 0.981572 0 
2 2 0 0.462512 0.462512 190.633 -0.0376152 -0.0848512 -0.0376152 -0.0848512 1.47214 0 0.980522 0 
2 2 0 0.462817 0.462817 190.633 -0.0397625 -0.0893563 -0.0397625 -0.0893563 1.4695 0 0.979471 0 
2 2 0 0.463121 0.463121 190.633 -0.0419233 -0.0938551 -0.0419233 -0.0938551 1.46685 0 0.97842 0 
2 2 0 0.463425 0.463425 190.633 -0.0440976 -0.0983473 -0.0440976 -0.0983473 1.46418 0 0.977368 0 
2 2 0 0.463729 0.463729 190.633 -0.0462856 -0.102833 -0.0462856 -0.102833 1.46149 0 0.976317 0 
2 2 0 0.464032 0.464032 190.633 -0.0484875 -0.107312 -0.0484875 -0.107312 1.45878 0 0.975266 0 
2 2 0 0.464335 0.464335 190.633 -0.0507032 -0.111784 -0.0507032 -0.111784 1.45605 0 0.974216 0 
2 2 0 0.464637 0.464637 190.633 -0.0529329 -0.116249 -0.0529329 -0.116249 1.4533 0 0.973165 0 
2 2 0 0.464938 0.464938 190.633 -0.0551768 -0.120707 -0.0551768 -0.120707 1.45054 0 0.972115 0 
2 2 0 0.465239 0.465239 190.633 -0.0574349 -0.125158 -0.0574349 -0.125158 1.44775 0 0.971065 0 
2 2 0 0.46554 0.46554 190.633 -0.0597073 -0.129602 -0.0597073 -0.129602 1.44494 0 0.970015 0 
2 2 0 0.46584 0.46584 190.633 -0.0619943 -0.134038 -0.0619943 -0.134038 1.44211 0 0.968966 0 
2 2 0 0.466139 0.466139 190.633 -0.0642958 -0.138467 -0.0642958 -0.138467 1.43926 0 0.967917 0 
2 2 0 0.466437 0.466437 190.633 -0.066612 -0.142888 -0.066612 -0.142888 1.43639 0 0.966869 0 
2 2 0 0.466735 0.466735 190.633 -0.068943 -0.147301 -0.068943 -0.147301 1.4335 0 0.965822 0 
2 2 0 0.467032 0.467032 190.633 -0.071289 -0.151707 -0.071289 -0.151707 1.43058 0 0.964775 0 
2 2 0 0.467329 0.467329 190.633 -0.0736499 -0.156104 -0.0736499 -0.156104 1.42765 0 0.96373 0 
2 2 0 0.467624 0.467624 190.633 -0.0760261 -0.160493 -0.0760261 -0.160493 1.42469 0 0.962685 0 
2 2 0 0.467919 0.467919 190.633 -0.0784176 -0.164875 -0.0784176 -0.164875 1.42172 0 0.961641 0 
2 2 0 0.468213 0.468213 190.633 -0.0808244 -0.169247 -0.0808244 -0.169247 1.41872 0 0.960598 0 
2 2 0 0.468506 0.468506 190.633 -0.0832468 -0.173612 -0.0832468 -0.173612 1.4157 0 0.959556 0 
2 2 0 0.468799 0.468799 190.633 -0.0856848 -0.177967 -0.0856848 -0.177967 1.41265 0 0.958516 0 
2 2 0 0.46909 0.46909 190.633 -0.0881386 -0.182314 -0.0881386 -0.182314 1.40959 0 0.957477 0 
2 2 0 0.46938 0.46938 190.633 -0.0906083 -0.186652 -0.0906083 -0.186652 1.4065 0 0.956439 0 
2 2 0 0.46967 0.46967 190.633 -0.093094 -0.19098 -0.093094 -0.19098 1.40339 0 0.955403 0 
2 2 0 0.469958 0.469958 190.633 -0.0955958 -0.1953 -0.0955958 -0.1953 1.40025 0 0.954369 0 
2 2 0 0.470246 0.470246 190.633 -0.0981139 -0.19961 -0.0981139 -0.19961 1.39709 0 0.953336 0 
2 2 0 0.470532 0.470532 190.633 -0.100648 -0.203911 -0.100648 -0.203911 1.39391 0 0.952305 0 
2 2 0 0.470818 0.470818 190.633 -0.103199 -0.208201 -0.103199 -0.208201 1.39071 0 0.951277 0 
2 2 0 0.471102 0.471102 190.633 -0.105767 -0.212482 -0.105767 -0.212482 1.38748 0 0.95025 0 
2 2 0 0.471385 0.471385 190.633 -0.108351 -0.216753 -0.108351 -0.216753 1.38422 0 0.949225 0 
2 2 0 0.471667 0.471667 190.633 -0.110953 -0.221014 -0.110953 -0.221014 1.38094 0 0.948203 0 
2 2 0 0.471947 0.471947 190.633 -0.113571 -0.225265 -0.113571 -0.225265 1.37764 0 0.947183 0 
2 2 0 0.472227 0.472227 190.633 -0.116206 -0.229505 -0.116206 -0.229505 1.37431 0 0.946166 0 
2 2 0 0.472505 0.472505 190.633 -0.118859 -0.233734 -0.118859 -0.233734 1.37096 0 0.945152 0 
2 2 0 0.472782 0.472782 190.633 -0.121529 -0.237952 -0.121529 -0.237952 1.36758 0 0.94414 0 
2 2 0 0.473057 0.473057 190.633 -0.124217 -0.242159 -0.124217 -0.242159 1.36417 0 0.943132 0 
2 2 0 0.473331 0.473331 190.633 -0.126922 -0.246355 -0.126922 -0.246355 1.36074 0 0.942126 0 
2 2 0 0.473604 0.473604 190.633 -0.129645 -0.25054 -0.129645 -0.25054 1.35728 0 0.941124 0 
2 2 0 0.473875 0.473875 190.633 -0.132386 -0.254713 -0.132386 -0.254713 1.3538 0 0.940126 0 
2 2 0 0.474144 0.474144 190.633 -0.135145 -0.258874 -0.135145 -0.258874 1.35029 0 0.939131 0 
2 2 0 0.474412 0.474412 190.633 -0.137922 -0.263024 -0.137922 -0.263024 1.34675 0 0.93814 0 
2 2 0 0.474678 0.474678 190.633 -0.140718 -0.267161 -0.140718 -0.267161 1.34319 0 0.937153 0 
2 2 0 0.474943 0.474943 190.633 -0.143532 -0.271285 -0.143532 -0.271285 1.3396 0 0.93617 0 
2 2 0 0.475206 0.475206 190.633 -0.146364 -0.275397 -0.146364 -0.275397 1.33597 0 0.935192 0 
2 2 0 0.475467 0.475467 190.633 -0.149215 -0.279496 -0.149215 -0.279496 1.33233 0 0.934218 0 
2 2 0 0.475727 0.475727 190.633 -0.152085 -0.283582 -0.152085 -0.283582 1.32865 0 0.93325 0 
2 2 0 0.475984 0.475984 190.633 -0.154974 -0.287655 -0.154974 -0.287655 1.32494 0 0.932286 0 
2 2 0 0.47624 0.47624 190.633 -0.157882 -0.291715 -0.157882 -0.291715 1.32121 0 0.931327 0 
2 2 0 0.476493 0.476493 190.633 -0.160809 -0.29576 -0.160809 -0.29576 1.31744 0 0.930374 0 
2 2 0 0.476745 0.476745 190.633 -0.163756 -0.299792 -0.163756 -0.299792 1.31365 0 0.929427 0 
2 2 0 0.476995 0.476995 190.633 -0.166722 -0.30381 -0.166722 -0.30381 1.30982 0 0.928486 0 
2 2 0 0.477242 0.477242 190.633 -0.169708 -0.307813 -0.169708 -0.307813 1.30597 0 0.927551 0 
2 2 0 0.477488 0.477488 190.633 -0.172713 -0.311802 -0.172713 -0.311802 1.30208 0 0.926623 0 
2 2 0 0.477731 0.477731 190.633 -0.175738 -0.315775 -0.175738 -0.315775 1.29817 0 0.925702 0 
2 2 0 0.477972 0.477972 190.633 -0.178783 -0.319734 -0.178783 -0.319734 1.29422 0 0.924788 0 
2 2 0 0.478211 0.478211 190.633 -0.181848 -0.323677 -0.181848 -0.323677 1.29024 0 0.923881 0 
2 2 0 0.478447 0.478447 190.633 -0.184934 -0.327604 -0.184934 -0.327604 1.28622 0 0.922982 0 
2 2 0 0.478681 0.478681 190.633 -0.18804 -0.331516 -0.18804 -0.331516 1.28218 0 0.922092 0 
2 2 0 0.478913 0.478913 190.633 -0.191166 -0.335411 -0.191166 -0.335411 1.2781 0 0.92121 0 
2 2 0 0.479142 0.479142 190.633 -0.194313 -0.33929 -0.194313 -0.33929 1.27399 0 0.920337 0 
2 2 0 0.479368 0.479368 190.633 -0.19748 -0.343152 -0.19748 -0.343152 1.26984 0 0.919473 0 
2 2 0 0.479592 0.479592 190.633 -0.200669 -0.346997 -0.200669 -0.346997 1.26566 0 0.918619 0 
2 2 0 0.479812 0.479812 190.633 -0.203878 -0.350825 -0.203878 -0.350825 1.26144 0 0.917775 0 
2 2 0 0.480031 0.480031 190.633 -0.207109 -0.354635 -0.207109 -0.354635 1.25719 0 0.916942 0 
2 2 0 0.480246 0.480246 190.633 -0.21036 -0.358427 -0.21036 -0.358427 1.2529 0 0.916121 0 
2 2 0 0.480458 0.480458 190.633 -0.213633 -0.362201 -0.213633 -0.362201 1.24857 0 0.915311 0 
2 2 0 0.480668 0.480668 190.633 -0.216928 -0.365957 -0.216928 -0.365957 1.24421 0 0.914513 0 
2 2 0 0.480874 0.480874 190.633 -0.220244 -0.369693 -0.220244 -0.369693 1.23981 0 0.913728 0 
2 2 0 0.481077 0.481077 190.633 -0.223581 -0.373411 -0.223581 -0.373411 1.23537 0 0.912957 0 
2 2 0 0.481277 0.481277 190.633 -0.226941 -0.377109 -0.226941 -0.377109 1.23089 0 0.912199 0 
2 2 0 0.481474 0.481474 190.633 -0.230322 -0.380787 -0.230322 -0.380787 1.22638 0 0.911457 0 
2 2 0 0.481667 0.481667 190.633 -0.233725 -0.384445 -0.233725 -0.384445 1.22182 0 0.91073 0 
2 2 0 0.481857 0.481857 190.633 -0.237151 -0.388083 -0.237151 -0.388083 1.21722 0 0.910019 0 
2 2 0 0.482044 0.482044 190.633 -0.240598 -0.3917 -0.240598 -0.3917 1.21257 0 0.909326 0 
2 2 0 0.482227 0.482227 190.633 -0.244068 -0.395295 -0.244068 -0.395295 1.20789 0 0.90865 0 
2 2 0 0.482406 0.482406 190.633 -0.24756 -0.398869 -0.24756 -0.398869 1.20316 0 0.907994 0 
2 2 0 0.482582 0.482582 190.633 -0.251074 -0.402421 -0.251074 -0.402421 1.19838 0 0.907357 0 
2 2 0 0.482753 0.482753 190.633 -0.254612 -0.405951 -0.254612 -0.405951 1.19356 0 0.906742 0 
2 2 0 0.482921 0.482921 190.633 -0.258171 -0.409459 -0.258171 -0.409459 1.18869 0 0.906149 0 
2 2 0 0.483085 0.483085 190.633 -0.261754 -0.412943 -0.261754 -0.412943 1.18377 0 0.905579 0 
2 2 0 0.483245 0.483245 190.633 -0.265359 -0.416404 -0.265359 -0.416404 1.1788 0 0.905035 0 
2 2 0 0.483401 0.483401 190.633 -0.268987 -0.419841 -0.268987 -0.419841 1.17378 0 0.904516 0 
2 2 0 0.483552 0.483552 190.633 -0.272639 -0.423253 -0.272639 -0.423253 1.16871 0 0.904026 0 
2 2 0 0.483699 0.483699 190.633 -0.276313 -0.426642 -0.276313 -0.426642 1.16359 0 0.903565 0 
2 2 0 0.483842 0.483842 190.633 -0.28001 -0.430005 -0.28001 -0.430005 1.1584 0 0.903136 0 
2 2 0 0.48398 0.48398 190.633 -0.283731 -0.433342 -0.283731 -0.433342 1.15316 0 0.90274 0 
2 2 0 0.484114 0.484114 190.633 -0.287474 -0.436654 -0.287474 -0.436654 1.14786 0 0.90238 0 
2 2 0 0.484243 0.484243 190.633 -0.291241 -0.43994 -0.291241 -0.43994 1.14249 0 0.902059 0 
2 2 0 0.484367 0.484367 190.633 -0.295031 -0.443199 -0.295031 -0.443199 1.13706 0 0.901779 0 
2 2 0 0.484486 0.484486 190.633 -0.298845 -0.44643 -0.298845 -0.44643 1.13156 0 0.901543 0 
2 2 0 0.4846 0.4846 190.633 -0.302682 -0.449634 -0.302682 -0.449634 1.12599 0 0.901354 0 
2 2 0 0.484709 0.484709 190.633 -0.306543 -0.45281 -0.306543 -0.45281 1.12034 0 0.901218 0 
2 2 0 0.484813 0.484813 190.633 -0.310427 -0.455957 -0.310427 -0.455957 1.11461 0 0.901137 0 
2 2 0 0.484912 0.484912 190.633 -0.314334 -0.459075 -0.314334 -0.459075 1.1088 0 0.901117 0 
2 2 0 0.485005 0.485005 190.633 -0.318265 -0.462164 -0.318265 -0.462164 1.10289 0 0.901163 0 
2 2 0 0.485093 0.485093 190.633 -0.32222 -0.465223 -0.32222 -0.465223 1.09689 0 0.901283 0 
2 2 0 0.485175 0.485175 190.633 -0.326198 -0.468251 -0.326198 -0.468251 1.09079 0 0.901483 0 
2 2 0 0.485251 0.485251 190.633 -0.330199 -0.471248 -0.330199 -0.471248 1.08457 0 0.901772 0 
2 2 0 0.485322 0.485322 190.633 -0.334224 -0.474214 -0.334224 -0.474214 1.07823 0 0.90216 0 
2 2 0 0.485386 0.485386 190.633 -0.338273 -0.477148 -0.338273 -0.477148 1.07175 0 0.902661 0 
2 2 0 0.485445 0.485445 190.633 -0.342345 -0.480049 -0.342345 -0.480049 1.06513 0 0.903289 0 
2 2 0 0.485497 0.485497 190.633 -0.346441 -0.482917 -0.346441 -0.482917 1.05833 0 0.904063 0 
2 2 0 0.485543 0.485543 190.633 -0.350559 -0.485751 -0.350559 -0.485751 1.05134 0 0.905006 0 
2 2 0 0.485582 0.485582 190.633 -0.354702 -0.488551 -0.354702 -0.488551 1.04413 0 0.906148 0 
2 2 0 0.485615 0.485615 190.633 -0.358867 -0.491317 -0.358867 -0.491317 1.03667 0 0.907528 0 
2 2 0 0.485642 0.485642 190.633 -0.363056 -0.494047 -0.363056 -0.494047 1.02888 0 0.909202 0 
2 2 0 0.485661 0.485661 190.633 -0.367268 -0.496742 -0.367268 -0.496742 1.0207 0 0.911245 0 
2 2 0 0.485674 0.485674 190.633 -0.371503 -0.4994 -0.371503 -0.4994 1.01202 0 0.913775 0 
2 2 0 0.485679 0.485679 190.633 -0.375762 -0.502021 -0.375762 -0.502021 1.00264 0 0.916985 0 
2 2 0 0.485679 0.485679 190.633 -0.376883 -0.502702 -0.376883 -0.502702 1.00002 0 0.917978 0 
1 2 0 0.485676 0.485676 190.633 -0.38117 -0.505276 -0.38117 -0.505276 0.989183 0 0.922611 0 
1 2 0 0.485665 0.485665 190.633 -0.38548 -0.507811 -0.38548 -0.507811 0.975959 0 0.929612 0 
1 2 0 0.485646 0.485646 1088.17 -0.389812 -0.510307 -0.389812 -0.510307 0.949664 0.00548348 0.949664 -0.00548348 
1 2 0 0.48562 0.48562 244.265 -0.394167 -0.512764 -0.394167 -0.512764 0.946532 0.0243528 0.946532 -0.0243528 
1 2 0 0.485586 0.485586 174.733 -0.398544 -0.515181 -0.398544 -0.515181 0.943391 0.0339377 0.943391 -0.0339377 
1 2 0 0.485545 0.485545 143.123 -0.402944 -0.517557 -0.402944 -0.517557 0.940239 0.0413037 0.940239 -0.0413037 
1 2 0 0.485495 0.485495 124.08 -0.407365 -0.519891 -0.407365 -0.519891 0.937079 0.0474924 0.937079 -0.0474924 
1 2 0 0.485437 0.485437 111.008 -0.411809 -0.522184 -0.411809 -0.522184 0.933908 0.0529167 0.933908 -0.0529167 
1 2 0 0.485371 0.485371 101.322 -0.416274 -0.524433 -0.416274 -0.524433 0.930729 0.0577904 0.930729 -0.0577904 
1 2 0 0.485296 0.485296 93.7747 -0.42076 -0.52664 -0.42076 -0.52664 0.927541 0.0622412 0.927541 -0.0622412 
1 2 0 0.485213 0.485213 87.6797 -0.425268 -0.528802 -0.425268 -0.528802 0.924344 0.0663527 0.924344 -0.0663527 
1 2 0 0.485121 0.485121 82.6249 -0.429797 -0.53092 -0.429797 -0.53092 0.921138 0.070183 0.921138 -0.070183 
1 2 0 0.48502 0.48502 78.3452 -0.434346 -0.532993 -0.434346 -0.532993 0.917924 0.0737746 0.917924 -0.0737746 
1 2 0 0.48491 0.48491 74.6618 -0.438916 -0.53502 -0.438916 -0.53502 0.914702 0.0771593 0.914702 -0.0771593 
1 2 0 0.484791 0.484791 71.4487 -0.443506 -0.537 -0.443506 -0.537 0.911472 0.0803619 0.911472 -0.0803619 
1 2 0 0.484662 0.484662 68.6147 -0.448116 -0.538932 -0.448116 -0.538932 0.908234 0.0834021 0.908234 -0.0834021 
1 2 0 0.484524 0.484524 66.0913 -0.452745 -0.540817 -0.452745 -0.540817 0.904989 0.0862958 0.904989 -0.0862958 
1 2 0 0.484377 0.484377 63.8267 -0.457394 -0.542653 -0.457394 -0.542653 0.901737 0.089056 0.901737 -0.089056 
1 2 0 0.484219 0.484219 61.7802 -0.462061 -0.54444 -0.462061 -0.54444 0.898478 0.0916936 0.898478 -0.0916936 
1 2 0 0.484052 0.484052 59.9196 -0.466747 -0.546176 -0.466747 -0.546176 0.895212 0.0942176 0.895212 -0.0942176 
1 2 0 0.483875 0.483875 58.2194 -0.471452 -0.547862 -0.471452 -0.547862 0.891939 0.0966359 0.891939 -0.0966359 
1 2 0 0.483687 0.483687 56.6583 -0.476173 -0.549497 -0.476173 -0.549497 0.888661 0.098955 0.888661 -0.098955 
1 2 0 0.483489 0.483489 55.2192 -0.480913 -0.551079 -0.480913 -0.551079 0.885377 0.101181 0.885377 -0.101181 
1 2 0 0.483281 0.483281 53.8878 -0.485669 -0.552608 -0.485669 -0.552608 0.882087 0.103318 0.882087 -0.103318 
1 2 0 0.483061 0.483061 52.6519 -0.490441 -0.554084 -0.490441 -0.554084 0.878792 0.105371 0.878792 -0.105371 
1 2 0 0.482831 0.482831 51.5013 -0.49523 -0.555505 -0.49523 -0.555505 0.875493 0.107344 0.875493 -0.107344 
1 2 0 0.48259 0.48259 50.4275 -0.500034 -0.556872 -0.500034 -0.556872 0.872188 0.109239 0.872188 -0.109239 
1 2 0 0.482338 0.482338 49.4228 -0.504853 -0.558182 -0.504853 -0.558182 0.86888 0.111061 0.86888 -0.111061 
1 2 0 0.482074 0.482074 48.4809 -0.509686 -0.559437 -0.509686 -0.559437 0.865567 0.112811 0.865567 -0.112811 
1 2 0 0.481799 0.481799 47.5961 -0.514533 -0.560634 -0.514533 -0.560634 0.862251 0.114492 0.862251 -0.114492 
1 2 0 0.481513 0.481513 46.7637 -0.519394 -0.561773 -0.519394 -0.561773 0.858932 0.116106 0.858932 -0.116106 
1 2 0 0.481214 0.481214 45.9792 -0.524267 -0.562854 -0.524267 -0.562854 0.85561 0.117655 0.85561 -0.117655 
1 2 0 0.480904 0.480904 45.2389 -0.529152 -0.563876 -0.529152 -0.563876 0.852285 0.11914 0.852285 -0.11914 
1 2 0 0.480582 0.480582 44.5395 -0.534048 -0.564838 -0.534048 -0.564838 0.848959 0.120563 0.848959 -0.120563 
1 2 0 0.480247 0.480247 43.878 -0.538955 -0.565739 -0.538955 -0.565739 0.845631 0.121926 0.845631 -0.121926 
1 2 0 0.4799 0.4799 43.2517 -0.543872 -0.566579 -0.543872 -0.566579 0.842301 0.123229 0.842301 -0.123229 
1 2 0 0.479541 0.479541 42.6584 -0.548799 -0.567357 -0.548799 -0.567357 0.838971 0.124474 0.838971 -0.124474 
1 2 0 0.479169 0.479169 42.0958 -0.553734 -0.568073 -0.553734 -0.568073 0.83564 0.125662 0.83564 -0.125662 
1 2 0 0.478784 0.478784 41.5621 -0.558676 -0.568725 -0.558676 -0.568725 0.832309 0.126792 0.832309 -0.126792 
1 2 0 0.478386 0.478386 41.0555 -0.563626 -0.569314 -0.563626 -0.569314 0.828978 0.127868 0.828978 -0.127868 
1 2 0 0.477975 0.477975 40.5746 -0.568582 -0.569838 -0.568582 -0.569838 0.825648 0.128888 0.825648 -0.128888 
1 2 0 0.477551 0.477551 40.1179 -0.573543 -0.570297 -0.573543 -0.570297 0.82232 0.129854 0.82232 -0.129854 
1 2 0 0.477114 0.477114 39.6841 -0.578509 -0.57069 -0.578509 -0.57069 0.818993 0.130766 0.818993 -0.130766 
1 2 0 0.476663 0.476663 39.2721 -0.583478 -0.571017 -0.583478 -0.571017 0.815669 0.131625 0.815669 -0.131625 
1 2 0 0.476199 0.476199 38.8809 -0.58845 -0.571277 -0.58845 -0.571277 0.812347 0.132431 0.812347 -0.132431 
1 2 0 0.475721 0.475721 38.5094 -0.593424 -0.57147 -0.593424 -0.57147 0.809028 0.133185 0.809028 -0.133185 
1 2 0 0.475229 0.475229 38.1569 -0.598399 -0.571595 -0.598399 -0.571595 0.805712 0.133887 0.805712 -0.133887 
1 2 0 0.474723 0.474723 37.8225 -0.603373 -0.571651 -0.603373 -0.571651 0.802401 0.134537 0.802401 -0.134537 
1 2 0 0.474204 0.474204 37.5055 -0.608347 -0.571639 -0.608347 -0.571639 0.799095 0.135136 0.799095 -0.135136 
1 2 0 0.47367 0.47367 37.2054 -0.613318 -0.571557 -0.613318 -0.571557 0.795793 0.135685 0.795793 -0.135685 
1 2 0 0.473122 0.473122 36.9213 -0.618286 -0.571406 -0.618286 -0.571406 0.792497 0.136182 0.792497 -0.136182 
1 2 0 0.472559 0.472559 36.653 -0.62325 -0.571184 -0.62325 -0.571184 0.789207 0.13663 0.789207 -0.13663 
1 2 0 0.471983 0.471983 36.3997 -0.628209 -0.570892 -0.628209 -0.570892 0.785924 0.137027 0.785924 -0.137027 
1 2 0 0.471392 0.471392 36.1612 -0.633161 -0.57053 -0.633161 -0.57053 0.782647 0.137374 0.782647 -0.137374 
1 2 0 0.470786 0.470786 35.9369 -0.638106 -0.570096 -0.638106 -0.570096 0.779379 0.137672 0.779379 -0.137672 
1 2 0 0.470166 0.470166 35.7266 -0.643042 -0.56959 -0.643042 -0.56959 0.776118 0.13792 0.776118 -0.13792 
1 2 0 0.469531 0.469531 35.5298 -0.647968 -0.569013 -0.647968 -0.569013 0.772866 0.138118 0.772866 -0.138118 
1 2 0 0.468882 0.468882 35.3464 -0.652884 -0.568364 -0.652884 -0.568364 0.769623 0.138268 0.769623 -0.138268 
1 2 0 0.468217 0.468217 35.176 -0.657787 -0.567643 -0.657787 -0.567643 0.766389 0.138368 0.766389 -0.138368 
1 2 0 0.467538 0.467538 35.0184 -0.662677 -0.56685 -0.662677 -0.56685 0.763166 0.13842 0.763166 -0.13842 
1 2 0 0.466844 0.466844 34.8734 -0.667553 -0.565985 -0.667553 -0.565985 0.759953 0.138423 0.759953 -0.138423 
1 2 0 0.466136 0.466136 34.7409 -0.672414 -0.565048 -0.672414 -0.565048 0.756751 0.138377 0.756751 -0.138377 
1 2 0 0.465412 0.465412 34.6207 -0.677258 -0.564038 -0.677258 -0.564038 0.753561 0.138283 0.753561 -0.138283 
1 2 0 0.464674 0.464674 34.5126 -0.682084 -0.562956 -0.682084 -0.562956 0.750383 0.13814 0.750383 -0.13814 
1 2 0 0.46392 0.46392 34.4167 -0.686891 -0.561802 -0.686891 -0.561802 0.747218 0.13795 0.747218 -0.13795 
1 2 0 0.463152 0.463152 34.3328 -0.691677 -0.560576 -0.691677 -0.560576 0.744065 0.137711 0.744065 -0.137711 
1 2 0 0.462369 0.462369 34.2608 -0.696443 -0.559278 -0.696443 -0.559278 0.740926 0.137425 0.740926 -0.137425 
1 2 0 0.461571 0.461571 34.2008 -0.701185 -0.557908 -0.701185 -0.557908 0.737801 0.13709 0.737801 -0.13709 
1 2 0 0.460759 0.460759 34.1528 -0.705904 -0.556467 -0.705904 -0.556467 0.73469 0.136709 0.73469 -0.136709 
1 2 0 0.459931 0.459931 34.1168 -0.710599 -0.554955 -0.710599 -0.554955 0.731594 0.136279 0.731594 -0.136279 
1 2 0 0.459089 0.459089 34.0929 -0.715267 -0.553373 -0.715267 -0.553373 0.728512 0.135803 0.728512 -0.135803 
1 2 0 0.458232 0.458232 34.0811 -0.719908 -0.55172 -0.719908 -0.55172 0.725447 0.135279 0.725447 -0.135279 
1 2 0 0.45736 0.45736 34.0816 -0.724521 -0.549997 -0.724521 -0.549997 0.722397 0.134709 0.722397 -0.134709 
1 2 0 0.456474 0.456474 34.0945 -0.729104 -0.548205 -0.729104 -0.548205 0.719364 0.134091 0.719364 -0.134091 
1 2 0 0.455574 0.455574 34.1199 -0.733658 -0.546345 -0.733658 -0.546345 0.716347 0.133427 0.716347 -0.133427 
1 2 0 0.454658 0.454658 34.1581 -0.73818 -0.544416 -0.73818 -0.544416 0.713348 0.132716 0.713348 -0.132716 
1 2 0 0.453729 0.453729 34.2093 -0.742669 -0.542419 -0.742669 -0.542419 0.710365 0.131959 0.710365 -0.131959 
1 2 0 0.452785 0.452785 34.2738 -0.747125 -0.540356 -0.747125 -0.540356 0.7074 0.131156 0.7074 -0.131156 
1 2 0 0.451827 0.451827 34.3518 -0.751547 -0.538226 -0.751547 -0.538226 0.704453 0.130306 0.704453 -0.130306 
1 2 0 0.450855 0.450855 34.4436 -0.755934 -0.536031 -0.755934 -0.536031 0.701524 0.12941 0.701524 -0.12941 
1 2 0 0.449869 0.449869 34.5498 -0.760284 -0.533772 -0.760284 -0.533772 0.698614 0.128469 0.698614 -0.128469 
1 2 0 0.448868 0.448868 34.6706 -0.764598 -0.531448 -0.764598 -0.531448 0.695722 0.127481 0.695722 -0.127481 
1 2 0 0.447854 0.447854 34.8066 -0.768874 -0.529062 -0.768874 -0.529062 0.692848 0.126447 0.692848 -0.126447 
1 2 0 0.446827 0.446827 34.9582 -0.773111 -0.526613 -0.773111 -0.526613 0.689993 0.125368 0.689993 -0.125368 
1 2 0 0.445785 0.445785 35.1262 -0.777309 -0.524103 -0.777309 -0.524103 0.687158 0.124243 0.687158 -0.124243 
1 2 0 0.44473 0.44473 35.311 -0.781466 -0.521533 -0.781466 -0.521533 0.684341 0.123072 0.684341 -0.123072 
1 2 0 0.443662 0.443662 35.5134 -0.785583 -0.518904 -0.785583 -0.518904 0.681544 0.121856 0.681544 -0.121856 
1 2 0 0.44258 0.44258 35.7343 -0.789659 -0.516216 -0.789659 -0.516216 0.678765 0.120593 0.678765 -0.120593 
1 2 0 0.441485 0.441485 35.9744 -0.793693 -0.513471 -0.793693 -0.513471 0.676007 0.119285 0.676007 -0.119285 
1 2 0 0.440377 0.440377 36.2349 -0.797684 -0.51067 -0.797684 -0.51067 0.673267 0.11793 0.673267 -0.11793 
1 2 0 0.439255 0.439255 36.5167 -0.801632 -0.507813 -0.801632 -0.507813 0.670547 0.116529 0.670547 -0.116529 
1 2 0 0.438121 0.438121 36.8211 -0.805537 -0.504903 -0.805537 -0.504903 0.667846 0.115081 0.667846 -0.115081 
1 2 0 0.436974 0.436974 37.1494 -0.809398 -0.501939 -0.809398 -0.501939 0.665164 0.113586 0.665164 -0.113586 
1 2 0 0.435814 0.435814 37.5031 -0.813215 -0.498924 -0.813215 -0.498924 0.662501 0.112044 0.662501 -0.112044 
1 2 0 0.434642 0.434642 37.884 -0.816987 -0.495858 -0.816987 -0.495858 0.659858 0.110454 0.659858 -0.110454 
1 2 0 0.433457 0.433457 38.2939 -0.820714 -0.492741 -0.820714 -0.492741 0.657233 0.108816 0.657233 -0.108816 
1 2 0 0.432259 0.432259 38.735 -0.824395 -0.489577 -0.824395 -0.489577 0.654627 0.107128 0.654627 -0.107128 
1 2 0 0.43105 0.43105 39.2097 -0.828032 -0.486365 -0.828032 -0.486365 0.65204 0.10539 0.65204 -0.10539 
1 2 0 0.429827 0.429827 39.7208 -0.831622 -0.483106 -0.831622 -0.483106 0.649472 0.103602 0.649472 -0.103602 
1 2 0 0.428593 0.428593 40.2713 -0.835167 -0.479802 -0.835167 -0.479802 0.646921 0.101761 0.646921 -0.101761 
1 2 0 0.427346 0.427346 40.8648 -0.838666 -0.476454 -0.838666 -0.476454 0.644389 0.0998665 0.644389 -0.0998665 
1 2 0 0.426087 0.426087 41.5055 -0.842118 -0.473063 -0.842118 -0.473063 0.641875 0.0979174 0.641875 -0.0979174 
1 2 0 0.424816 0.424816 42.1981 -0.845525 -0.469631 -0.845525 -0.469631 0.639378 0.0959116 0.639378 -0.0959116 
1 2 0 0.423533 0.423533 42.948 -0.848885 -0.466157 -0.848885 -0.466157 0.636899 0.0938472 0.636899 -0.0938472 
1 2 0 0.422238 0.422238 43.7617 -0.852199 -0.462644 -0.852199 -0.462644 0.634437 0.0917218 0.634437 -0.0917218 
1 2 0 0.420931 0.420931 44.6467 -0.855467 -0.459092 -0.855467 -0.459092 0.631991 0.0895327 0.631991 -0.0895327 
1 2 0 0.419612 0.419612 45.612 -0.858689 -0.455503 -0.858689 -0.455503 0.629562 0.0872768 0.629562 -0.0872768 
1 2 0 0.41828 0.41828 46.6682 -0.861865 -0.451877 -0.861865 -0.451877 0.62715 0.0849505 0.62715 -0.0849505 
1 2 0 0.416937 0.416937 47.8281 -0.864995 -0.448216 -0.864995 -0.448216 0.624753 0.0825494 0.624753 -0.0825494 
1 2 0 0.415583 0.415583 49.1074 -0.868079 -0.444521 -0.868079 -0.444521 0.622371 0.0800685 0.622371 -0.0800685 
1 2 0 0.414216 0.414216 50.5253 -0.871118 -0.440792 -0.871118 -0.440792 0.620005 0.077502 0.620005 -0.077502 
1 2 0 0.412837 0.412837 52.106 -0.874111 -0.437031 -0.874111 -0.437031 0.617654 0.0748427 0.617654 -0.0748427 
1 2 0 0.411446 0.411446 53.8798 -0.877059 -0.433239 -0.877059 -0.433239 0.615317 0.0720822 0.615317 -0.0720822 
1 2 0 0.410043 0.410043 55.8859 -0.879962 -0.429417 -0.879962 -0.429417 0.612994 0.06921 0.612994 -0.06921 
1 2 0 0.408628 0.408628 58.1759 -0.882819 -0.425566 -0.882819 -0.425566 0.610684 0.0662135 0.610684 -0.0662135 
1 2 0 0.407201 0.407201 60.819 -0.885633 -0.421686 -0.885633 -0.421686 0.608388 0.0630769 0.608388 -0.0630769 
1 2 0 0.405762 0.405762 63.9107 -0.888402 -0.417779 -0.888402 -0.417779 0.606105 0.05978 0.606105 -0.05978 
1 2 0 0.404311 0.404311 67.5878 -0.891127 -0.413846 -0.891127 -0.413846 0.603834 0.0562967 0.603834 -0.0562967 
1 2 0 0.402847 0.402847 72.0532 -0.893808 -0.409887 -0.893808 -0.409887 0.601575 0.0525919 0.601575 -0.0525919 
1 2 0 0.401371 0.401371 77.6254 -0.896445 -0.405904 -0.896445 -0.405904 0.599327 0.0486172 0.599327 -0.0486172 
1 2 0 0.399882 0.399882 84.8377 -0.89904 -0.401897 -0.89904 -0.401897 0.597091 0.0443023 0.597091 -0.0443023 
1 2 0 0.398381 0.398381 94.6709 -0.901592 -0.397867 -0.901592 -0.397867 0.594865 0.0395385 0.594865 -0.0395385 
1 2 0 0.396867 0.396867 109.189 -0.904101 -0.393816 -0.904101 -0.393816 0.592649 0.0341411 0.592649 -0.0341411 
1 2 0 0.39534 0.39534 133.805 -0.906568 -0.389743 -0.906568 -0.389743 0.590443 0.0277462 0.590443 -0.0277462 
1 2 0 0.3938 0.3938 190.633 -0.908993 -0.38565 -0.908993 -0.38565 0.588247 0.0193954 0.588247 -0.0193954 
1 2 0 0.392248 0.392248 190.633 -0.911376 -0.381538 -0.911376 -0.381538 0.582157 0 0.589962 0 
1 2 0 0.390682 0.390682 190.633 -0.913719 -0.377408 -0.913719 -0.377408 0.563775 0 0.603985 0 
1 2 0 0.389102 0.389102 190.633 -0.916021 -0.373259 -0.916021 -0.373259 0.553591 0 0.609826 0 
1 2 0 0.387509 0.387509 190.633 -0.918282 -0.369094 -0.918282 -0.369094 0.545277 0 0.613811 0 
1 2 0 0.385902 0.385902 190.633 -0.920503 -0.364912 -0.920503 -0.364912 0.537953 0 0.61682 0 
1 2 0 0.384281 0.384281 190.633 -0.922685 -0.360715 -0.922685 -0.360715 0.531273 0 0.619198 0 
1 2 0 0.382646 0.382646 190.633 -0.924827 -0.356503 -0.924827 -0.356503 0.525057 0 0.621124 0 
1 2 0 0.380997 0.380997 190.633 -0.92693 -0.352278 -0.92693 -0.352278 0.519198 0 0.622705 0 
1 2 0 0.379333 0.379333 190.633 -0.928995 -0.348038 -0.928995 -0.348038 0.513625 0 0.624009 0 
1 2 0 0.377654 0.377654 190.633 -0.931021 -0.343787 -0.931021 -0.343787 0.508288 0 0.625085 0 
1 2 0 0.37596 0.37596 190.633 -0.93301 -0.339523 -0.93301 -0.339523 0.503153 0 0.625968 0 
1 2 0 0.37425 0.37425 190.633 -0.934962 -0.335249 -0.934962 -0.335249 0.498191 0 0.626684 0 
1 2 0 0.372526 0.372526 190.633 -0.936876 -0.330964 -0.936876 -0.330964 0.493382 0 0.627254 0 
1 2 0 0.370785 0.370785 190.633 -0.938753 -0.326669 -0.938753 -0.326669 0.488708 0 0.627693 0 
1 2 0 0.369028 0.369028 190.633 -0.940594 -0.322365 -0.940594 -0.322365 0.484156 0 0.628014 0 
1 2 0 0.367254 0.367254 190.633 -0.9424 -0.318052 -0.9424 -0.318052 0.479713 0 0.628229 0 
1 2 0 0.365464 0.365464 190.633 -0.944169 -0.313732 -0.944169 -0.313732 0.47537 0 0.628346 0 
1 2 0 0.363657 0.363657 190.633 -0.945904 -0.309404 -0.945904 -0.309404 0.471118 0 0.628371 0 
1 2 0 0.361832 0.361832 190.633 -0.947603 -0.30507 -0.947603 -0.30507 0.466951 0 0.628312 0 
1 2 0 0.35999 0.35999 190.633 -0.949268 -0.30073 -0.949268 -0.30073 0.462861 0 0.628174 0 
1 2 0 0.358129 0.358129 190.633 -0.950899 -0.296385 -0.950899 -0.296385 0.458844 0 0.627961 0 
1 2 0 0.35625 0.35625 190.633 -0.952496 -0.292036 -0.952496 -0.292036 0.454894 0 0.627677 0 
1 2 0 0.354352 0.354352 190.633 -0.95406 -0.287682 -0.95406 -0.287682 0.451007 0 0.627325 0 
1 2 0 0.352435 0.352435 190.633 -0.955591 -0.283325 -0.955591 -0.283325 0.447179 0 0.626909 0 
1 2 0 0.350498 0.350498 190.633 -0.957088 -0.278966 -0.957088 -0.278966 0.443406 0 0.62643 0 
1 2 0 0.34854 0.34854 190.633 -0.958554 -0.274604 -0.958554 -0.274604 0.439685 0 0.625892 0 
1 2 0 0.346563 0.346563 190.633 -0.959987 -0.270241 -0.959987 -0.270241 0.436013 0 0.625295 0 
1 2 0 0.344564 0.344564 190.633 -0.961389 -0.265877 -0.961389 -0.265877 0.432386 0 0.624643 0 
1 2 0 0.342544 0.342544 190.633 -0.962759 -0.261513 -0.962759 -0.261513 0.428803 0 0.623935 0 
1 2 0 0.340502 0.340502 190.633 -0.964098 -0.25715 -0.964098 -0.25715 0.425261 0 0.623174 0 
1 2 0 0.338437 0.338437 190.633 -0.965406 -0.252788 -0.965406 -0.252788 0.421757 0 0.622361 0 
1 2 0 0.33635 0.33635 190.633 -0.966684 -0.248428 -0.966684 -0.248428 0.41829 0 0.621497 0 
1 2 0 0.334239 0.334239 190.633 -0.967932 -0.24407 -0.967932 -0.24407 0.414857 0 0.620582 0 
1 2 0 0.332104 0.332104 190.633 -0.96915 -0.239716 -0.96915 -0.239716 0.411456 0 0.619617 0 
1 2 0 0.329944 0.329944 190.633 -0.970338 -0.235366 -0.970338 -0.235366 0.408086 0 0.618603 0 
1 2 0 0.32776 0.32776 190.633 -0.971497 -0.23102 -0.971497 -0.23102 0.404744 0 0.617541 0 
1 2 0 0.325549 0.325549 190.633 -0.972628 -0.22668 -0.972628 -0.22668 0.40143 0 0.616431 0 
1 2 0 0.323313 0.323313 190.633 -0.973729 -0.222345 -0.973729 -0.222345 0.39814 0 0.615273 0 
1 2 0 0.321049 0.321049 190.633 -0.974803 -0.218018 -0.974803 -0.218018 0.394875 0 0.614067 0 
1 2 0 0.318758 0.318758 190.633 -0.975848 -0.213698 -0.975848 -0.213698 0.391632 0 0.612815 0 
1 2 0 0.316439 0.316439 190.633 -0.976866 -0.209387 -0.976866 -0.209387 0.38841 0 0.611515 0 
1 2 0 0.314091 0.314091 190.633 -0.977857 -0.205085 -0.977857 -0.205085 0.385207 0 0.610169 0 
1 2 0 0.311714 0.311714 190.633 -0.97882 -0.200793 -0.97882 -0.200793 0.382022 0 0.608775 0 
1 2 0 0.309306 0.309306 190.633 -0.979757 -0.196512 -0.979757 -0.196512 0.378854 0 0.607336 0 
1 2 0 0.306868 0.306868 190.633 -0.980667 -0.192242 -0.980667 -0.192242 0.375702 0 0.605849 0 
1 2 0 0.304398 0.304398 190.633 -0.981551 -0.187986 -0.981551 -0.187986 0.372563 0 0.604315 0 
1 2 0 0.301896 0.301896 190.633 -0.982408 -0.183743 -0.982408 -0.183743 0.369437 0 0.602735 0 
1 2 0 0.29936 0.29936 190.633 -0.983241 -0.179514 -0.983241 -0.179514 0.366323 0 0.601107 0 
1 2 0 0.296791 0.296791 190.633 -0.984048 -0.175301 -0.984048 -0.175301 0.36322 0 0.599433 0 
1 2 0 0.294187 0.294187 190.633 -0.984829 -0.171104 -0.984829 -0.171104 0.360125 0 0.597711 0 
1 2 0 0.291548 0.291548 190.633 -0.985587 -0.166925 -0.985587 -0.166925 0.357039 0 0.595941 0 
1 2 0 0.288873 0.288873 190.633 -0.986319 -0.162765 -0.986319 -0.162765 0.353959 0 0.594123 0 
1 2 0 0.286161 0.286161 190.633 -0.987028 -0.158624 -0.987028 -0.158624 0.350886 0 0.592258 0 
1 2 0 0.283411 0.283411 190.633 -0.987712 -0.154505 -0.987712 -0.154505 0.347817 0 0.590344 0 
1 2 0 0.280622 0.280622 190.633 -0.988373 -0.150407 -0.988373 -0.150407 0.344752 0 0.588381 0 
1 2 0 0.277795 0.277795 190.633 -0.989011 -0.146333 -0.989011 -0.146333 0.341689 0 0.58637 0 
1 2 0 0.274927 0.274927 190.633 -0.989625 -0.142283 -0.989625 -0.142283 0.338628 0 0.584309 0 
1 2 0 0.272018 0.272018 190.633 -0.990217 -0.138259 -0.990217 -0.138259 0.335568 0 0.582199 0 
1 2 0 0.269067 0.269067 190.633 -0.990787 -0.134263 -0.990787 -0.134263 0.332507 0 0.580039 0 
1 2 0 0.266074 0.266074 190.633 -0.991334 -0.130295 -0.991334 -0.130295 0.329445 0 0.577828 0 
1 2 0 0.263037 0.263037 190.633 -0.99186 -0.126357 -0.99186 -0.126357 0.326381 0 0.575568 0 
1 2 0 0.259956 0.259956 190.633 -0.992365 -0.122451 -0.992365 -0.122451 0.323313 0 0.573257 0 
1 2 0 0.25683 0.25683 190.633 -0.992848 -0.118578 -0.992848 -0.118578 0.320242 0 0.570894 0 
1 2 0 0.253659 0.253659 190.633 -0.993311 -0.11474 -0.993311 -0.11474 0.317165 0 0.568481 0 
1 2 0 0.250441 0.250441 190.633 -0.993753 -0.110938 -0.993753 -0.110938 0.314083 0 0.566017 0 
1 2 0 0.247176 0.247176 190.633 -0.994176 -0.107175 -0.994176 -0.107175 0.310994 0 0.563501 0 
1 2 0 0.243863 0.243863 190.633 -0.994579 -0.103451 -0.994579 -0.103451 0.307898 0 0.560933 0 
1 2 0 0.240502 0.240502 190.633 -0.994962 -0.0997685 -0.994962 -0.0997685 0.304794 0 0.558314 0 
1 2 0 0.237092 0.237092 190.633 -0.995327 -0.0961295 -0.995327 -0.0961295 0.301682 0 0.555643 0 
1 2 0 0.233632 0.233632 190.633 -0.995674 -0.0925357 -0.995674 -0.0925357 0.298561 0 0.55292 0 
1 2 0 0.230123 0.230123 190.633 -0.996002 -0.088989 -0.996002 -0.088989 0.29543 0 0.550146 0 
1 2 0 0.226562 0.226562 190.633 -0.996313 -0.0854913 -0.996313 -0.0854913 0.292289 0 0.54732 0 
1 2 0 0.222951 0.222951 190.633 -0.996607 -0.0820444 -0.996607 -0.0820444 0.289138 0 0.544443 0 
1 2 0 0.21929 0.21929 190.633 -0.996884 -0.0786504 -0.996884 -0.0786504 0.285976 0 0.541515 0 
1 2 0 0.215576 0.215576 190.633 -0.997144 -0.0753112 -0.997144 -0.0753112 0.282803 0 0.538536 0 
1 2 0 0.211812 0.211812 190.633 -0.997389 -0.0720288 -0.997389 -0.0720288 0.279619 0 0.535508 0 
1 2 0 0.207996 0.207996 190.633 -0.997619 -0.068805 -0.997619 -0.068805 0.276424 0 0.53243 0 
1 2 0 0.204129 0.204129 190.633 -0.997834 -0.065642 -0.997834 -0.065642 0.273218 0 0.529303 0 
1 2 0 0.20021 0.20021 190.633 -0.998035 -0.0625415 -0.998035 -0.0625415 0.270001 0 0.526128 0 
1 2 0 0.196241 0.196241 190.633 -0.998222 -0.0595054 -0.998222 -0.0595054 0.266774 0 0.522906 0 
1 2 0 0.192222 0.192222 190.633 -0.998396 -0.0565357 -0.998396 -0.0565357 0.263535 0 0.519638 0 
1 2 0 0.188152 0.188152 190.633 -0.998557 -0.0536341 -0.998557 -0.0536341 0.260287 0 0.516325 0 
1 2 0 0.184033 0.184033 190.633 -0.998705 -0.0508023 -0.998705 -0.0508023 0.257029 0 0.512968 0 
1 2 0 0.179865 0.179865 190.633 -0.998843 -0.048042 -0.998843 -0.048042 0.253763 0 0.509569 0 
1 2 0 0.17565 0.17565 190.633 -0.998969 -0.0453548 -0.998969 -0.0453548 0.250488 0 0.506128 0 
1 2 0 0.171387 0.171387 190.633 -0.999084 -0.0427421 -0.999084 -0.0427421 0.247205 0 0.502648 0 
1 2 0 0.167079 0.167079 190.633 -0.99919 -0.0402054 -0.99919 -0.0402054 0.243916 0 0.499131 0 
1 2 0 0.162726 0.162726 190.633 -0.999286 -0.0377457 -0.999286 -0.0377457 0.240622 0 0.495577 0 
1 2 0 0.158329 0.158329 190.633 -0.999374 -0.0353644 -0.999374 -0.0353644 0.237323 0 0.491988 0 
1 2 0 0.153891 0.153891 190.633 -0.999453 -0.0330623 -0.999453 -0.0330623 0.23402 0 0.488367 0 
1 2 0 0.149411 0.149411 190.633 -0.999524 -0.0308404 -0.999524 -0.0308404 0.230716 0 0.484716 0 
1 2 0 0.144892 0.144892 190.633 -0.999588 -0.0286992 -0.999588 -0.0286992 0.22741 0 0.481036 0 
1 2 0 0.140336 0.140336 190.633 -0.999645 -0.0266394 -0.999645 -0.0266394 0.224105 0 0.477329 0 
1 2 0 0.135743 0.135743 190.633 -0.999696 -0.0246614 -0.999696 -0.0246614 0.220802 0 0.473598 0 
1 2 0 0.131116 0.131116 190.633 -0.999741 -0.0227653 -0.999741 -0.0227653 0.217503 0 0.469845 0 
1 2 0 0.126456 0.126456 190.633 -0.99978 -0.0209514 -0.99978 -0.0209514 0.214208 0 0.466072 0 
1 2 0 0.121765 0.121765 190.633 -0.999815 -0.0192194 -0.999815 -0.0192194 0.210919 0 0.462281 0 
1 2 0 0.117044 0.117044 190.633 -0.999846 -0.0175693 -0.999846 -0.0175693 0.207638 0 0.458474 0 
1 2 0 0.112296 0.112296 190.633 -0.999872 -0.0160006 -0.999872 -0.0160006 0.204367 0 0.454653 0 
1 2 0 0.107522 0.107522 190.633 -0.999895 -0.0145128 -0.999895 -0.0145128 0.201106 0 0.450821 0 
1 2 0 0.102723 0.102723 190.633 -0.999914 -0.0131053 -0.999914 -0.0131053 0.197857 0 0.446979 0 
1 2 0 0.0979021 0.0979021 190.633 -0.999931 -0.0117773 -0.999931 -0.0117773 0.194622 0 0.443129 0 
1 2 0 0.09306 0.09306 190.633 -0.999945 -0.010528 -0.999945 -0.010528 0.191403 0 0.439274 0 
1 2 0 0.0881986 0.0881986 190.633 -0.999956 -0.00935629 -0.999956 -0.00935629 0.1882 0 0.435415 0 
1 2 0 0.0833194 0.0833194 190.633 -0.999966 -0.00826116 -0.999966 -0.00826116 0.185015 0 0.431555 0 
1 2 0 0.0784238 0.0784238 190.633 -0.999974 -0.0072414 -0.999974 -0.0072414 0.181849 0 0.427694 0 
1 2 0 0.0735135 0.0735135 190.633 -0.99998 -0.00629575 -0.99998 -0.00629575 0.178704 0 0.423835 0 
1 2 0 0.0685897 0.0685897 190.633 -0.999985 -0.00542288 -0.999985 -0.00542288 0.175581 0 0.419979 0 
1 2 0 0.0636539 0.0636539 190.633 -0.999989 -0.00462139 -0.999989 -0.00462139 0.172482 0 0.416128 0 
1 2 0 0.0587072 0.0587072 190.633 -0.999992 -0.00388982 -0.999992 -0.00388982 0.169406 0 0.412283 0 
1 2 0 0.0537509 0.0537509 190.633 -0.999995 -0.00322669 -0.999995 -0.00322669 0.166356 0 0.408446 0 
1 2 0 0.0487861 0.0487861 190.633 -0.999997 -0.00263047 -0.999997 -0.00263047 0.163332 0 0.404617 0 
1 2 0 0.0438139 0.0438139 190.633 -0.999998 -0.00209961 -0.999998 -0.00209961 0.160335 0 0.400799 0 
1 2 0 0.0388353 0.0388353 190.633 -0.999999 -0.00163252 -0.999999 -0.00163252 0.157367 0 0.396992 0 
1 2 0 0.0338514 0.0338514 190.633 -0.999999 -0.00122762 -0.999999 -0.00122762 0.154428 0 0.393197 0 
1 2 0 0.0288629 0.0288629 190.633 -1 -0.00088332 -1 -0.00088332 0.151519 0 0.389416 0 
1 2 0 0.0238707 0.0238707 190.633 -1 -0.000598019 -1 -0.000598019 0.14864 0 0.385649 0 
1 2 0 0.0188755 0.0188755 190.633 -1 -0.000370127 -1 -0.000370127 0.145793 0 0.381897 0 
1 2 0 0.0138782 0.0138782 190.633 -1 -0.000198064 -1 -0.000198064 0.142978 0 0.378161 0 
1 2 0 0.00887928 0.00887928 190.633 -1 -8.02607e-05 -1 -8.02607e-05 0.140195 0 0.374441 0 
1 2 0 0.00387942 0.00387942 190.633 -1 -1.51675e-05 -1 -1.51675e-05 0.137446 0 0.370739 0 
1 2 0 -0.00112082 -0.00112082 190.633 -1 -1.25347e-06 -1 -1.25347e-06 0.134729 0 0.367055 0 
