1 1 0 0 0 0 1 0 1 0 0 0 0 0 
1 1 0 0.00141321 0.00141321 0 0.999999 0.00141521 0.999999 0.00141521 0.135528 0 0.368399 0 
1 1 0 0.00282443 0.00282443 0 0.999996 0.00283242 0.999996 0.00283242 0.135722 0 0.368917 0 
1 1 0 0.00564087 0.00564087 0 0.999984 0.00567278 0.999984 0.00567278 0.136118 0 0.369949 0 
1 1 0 0.0112498 0.0112498 0 0.999935 0.0113771 0.999935 0.0113771 0.136936 0 0.371994 0 
1 1 0 0.0182162 0.0182162 0 0.999828 0.018551 0.999828 0.018551 0.13801 0 0.374515 0 
1 1 0 0.0251327 0.0251327 0 0.999668 0.025772 0.999668 0.025772 0.13914 0 0.376997 0 
1 1 0 0.0319994 0.0319994 0 0.999453 0.0330391 0.999453 0.0330391 0.140329 0 0.379438 0 
1 1 0 0.0388164 0.0388164 0 0.999184 0.040351 0.999184 0.040351 0.141578 0 0.381837 0 
1 1 0 0.0455838 0.0455838 0 0.998859 0.0477065 0.998859 0.0477065 0.142889 0 0.384193 0 
1 1 0 0.0523019 0.0523019 0 0.998476 0.0551043 0.998476 0.0551043 0.144263 0 0.386503 0 
1 1 0 0.0589709 0.0589709 0 0.998035 0.0625432 0.998035 0.0625432 0.145702 0 0.388767 0 
1 1 0 0.0655909 0.0655909 0 0.997534 0.070022 0.997534 0.070022 0.147208 0 0.390982 0 
1 1 0 0.0721623 0.0721623 0 0.996972 0.0775392 0.996972 0.0775392 0.148783 0 0.393148 0 
1 1 0 0.0786852 0.0786852 0 0.996347 0.0850936 0.996347 0.0850936 0.150429 0 0.395263 0 
1 1 0 0.0851601 0.0851601 0 0.99566 0.0926838 0.99566 0.0926838 0.15215 0 0.397325 0 
1 1 0 0.0915873 0.0915873 0 0.994907 0.100308 0.994907 0.100308 0.153946 0 0.399331 0 
1 1 0 0.0979671 0.0979671 0 0.994088 0.107966 0.994088 0.107966 0.155822 0 0.401281 0 
1 1 0 0.1043 0.1043 0 0.993202 0.115655 0.993202 0.115655 0.15778 0 0.403172 0 
1 1 0 0.110586 0.110586 0 0.992247 0.123373 0.992247 0.123373 0.159823 0 0.405002 0 
1 1 0 0.116826 0.116826 0 0.991222 0.131121 0.991222 0.131121 0.161954 0 0.406768 0 
1 1 0 0.12302 0.12302 0 0.990125 0.138895 0.990125 0.138895 0.164178 0 0.408469 0 
1 1 0 0.129169 0.129169 0 0.988955 0.146694 0.988955 0.146694 0.166498 0 0.410101 0 
1 1 0 0.135272 0.135272 0 0.98771 0.154518 0.98771 0.154518 0.168918 0 0.411663 0 
1 1 0 0.141332 0.141332 0 0.986389 0.162363 0.986389 0.162363 0.171442 0 0.413151 0 
1 1 0 0.147347 0.147347 0 0.98499 0.170228 0.98499 0.170228 0.174077 0 0.414562 0 
1 1 0 0.153319 0.153319 0 0.983512 0.178112 0.983512 0.178112 0.176826 0 0.415893 0 
1 1 0 0.159248 0.159248 0 0.981952 0.186013 0.981952 0.186013 0.179697 0 0.41714 0 
1 1 0 0.165134 0.165134 0 0.98031 0.193929 0.98031 0.193929 0.182694 0 0.418299 0 
1 1 0 0.170979 0.170979 0 0.978583 0.201858 0.978583 0.201858 0.185825 0 0.419367 0 
1 1 0 0.176782 0.176782 0 0.97677 0.209799 0.97677 0.209799 0.189098 0 0.420338 0 
1 1 0 0.182543 0.182543 0 0.974869 0.217748 0.974869 0.217748 0.19252 0 0.421207 0 
1 1 0 0.188265 0.188265 0 0.972877 0.225705 0.972877 0.225705 0.1961 0 0.421968 0 
1 1 0 0.193946 0.193946 0 0.970794 0.233667 0.970794 0.233667 0.199849 0 0.422615 0 
1 1 0 0.199587 0.199587 0 0.968617 0.241632 0.968617 0.241632 0.203777 0 0.423141 0 
1 1 0 0.20519 0.20519 0 0.966343 0.249598 0.966343 0.249598 0.207897 0 0.423536 0 
1 1 0 0.210754 0.210754 0 0.963972 0.257563 0.963972 0.257563 0.212224 0 0.423791 0 
1 1 0 0.216279 0.216279 0 0.9615 0.265523 0.9615 0.265523 0.216772 0 0.423895 0 
1 1 0 0.221767 0.221767 0 0.958926 0.273478 0.958926 0.273478 0.221561 0 0.423835 0 
1 1 0 0.227217 0.227217 0 0.956247 0.281423 0.956247 0.281423 0.22661 0 0.423593 0 
1 1 0 0.232629 0.232629 0 0.95346 0.289357 0.95346 0.289357 0.231946 0 0.423152 0 
1 1 0 0.238005 0.238005 0 0.950565 0.297277 0.950565 0.297277 0.237598 0 0.422487 0 
1 1 0 0.243345 0.243345 0 0.947557 0.305181 0.947557 0.305181 0.2436 0 0.421569 0 
1 1 0 0.248648 0.248648 0 0.944435 0.313064 0.944435 0.313064 0.249999 0 0.42036 0 
1 1 0 0.253915 0.253915 0 0.941196 0.320924 0.941196 0.320924 0.256848 0 0.418812 0 
1 1 0 0.259145 0.259145 0 0.937837 0.328758 0.937837 0.328758 0.264222 0 0.416859 0 
1 1 0 0.26434 0.26434 0 0.934356 0.336563 0.934356 0.336563 0.272221 0 0.414409 0 
1 1 0 0.2695 0.2695 0 0.930751 0.344335 0.930751 0.344335 0.280987 0 0.411326 0 
1 1 0 0.274623 0.274623 0 0.927017 0.35207 0.927017 0.35207 0.290744 0 0.407398 0 
1 1 0 0.27971 0.27971 0 0.923153 0.359764 0.923153 0.359764 0.301876 0 0.402248 0 
1 1 0 0.284761 0.284761 0 0.919155 0.367415 0.919155 0.367415 0.315179 0 0.395091 0 
1 1 0 0.289776 0.289776 0 0.915021 0.375016 0.915021 0.375016 0.333097 0 0.383493 0 
1 1 0 0.294754 0.294754 118.8 0.910748 0.382565 0.910748 0.382565 0.361548 0.0191397 0.361548 -0.0191397 
1 1 0 0.299696 0.299696 61.3213 0.906333 0.390056 0.906333 0.390056 0.364899 0.0375201 0.364899 -0.0375201 
1 1 0 0.304599 0.304599 46.6668 0.901772 0.397484 0.901772 0.397484 0.368354 0.0498967 0.368354 -0.0498967 
1 1 0 0.309465 0.309465 39.2167 0.897064 0.404845 0.897064 0.404845 0.37192 0.060103 0.37192 -0.060103 
1 1 0 0.314292 0.314292 34.5308 0.892204 0.412133 0.892204 0.412133 0.375603 0.0691087 0.375603 -0.0691087 
1 1 0 0.319079 0.319079 31.2479 0.887191 0.419343 0.887191 0.419343 0.37941 0.0773351 0.37941 -0.0773351 
1 1 0 0.323826 0.323826 28.7926 0.882021 0.426468 0.882021 0.426468 0.383348 0.0850089 0.383348 -0.0850089 
1 1 0 0.328532 0.328532 26.8741 0.876691 0.433503 0.876691 0.433503 0.387425 0.0922676 0.387425 -0.0922676 
1 1 0 0.333195 0.333195 25.3279 0.871199 0.44044 0.871199 0.44044 0.391649 0.0992012 0.391649 -0.0992012 
1 1 0 0.337814 0.337814 24.0526 0.865542 0.447274 0.865542 0.447274 0.396027 0.105872 0.396027 -0.105872 
1 1 0 0.342388 0.342388 22.9823 0.859717 0.453997 0.859717 0.453997 0.400568 0.112325 0.400568 -0.112325 
1 1 0 0.346915 0.346915 22.0718 0.853723 0.460601 0.853723 0.460601 0.40528 0.118592 0.40528 -0.118592 
1 1 0 0.351394 0.351394 21.289 0.847557 0.46708 0.847557 0.46708 0.410172 0.124699 0.410172 -0.124699 
1 1 0 0.355822 0.355822 20.6107 0.841217 0.473424 0.841217 0.473424 0.415253 0.130663 0.415253 -0.130663 
1 1 0 0.360199 0.360199 20.0191 0.834702 0.479625 0.834702 0.479625 0.420531 0.136499 0.420531 -0.136499 
1 1 0 0.364521 0.364521 19.5009 0.828011 0.485674 0.828011 0.485674 0.426015 0.142218 0.426015 -0.142218 
1 1 0 0.368787 0.368787 19.0456 0.821142 0.491563 0.821142 0.491563 0.431715 0.147826 0.431715 -0.147826 
1 1 0 0.372994 0.372994 18.645 0.814095 0.497282 0.814095 0.497282 0.43764 0.153329 0.43764 -0.153329 
1 1 0 0.37714 0.37714 18.2923 0.80687 0.502821 0.80687 0.502821 0.443798 0.158731 0.443798 -0.158731 
1 1 0 0.38122 0.38122 17.9824 0.79947 0.508168 0.79947 0.508168 0.450195 0.164031 0.450195 -0.164031 
1 1 0 0.385234 0.385234 17.7108 0.791894 0.513315 0.791894 0.513315 0.456842 0.169232 0.456842 -0.169232 
1 1 0 0.389178 0.389178 17.4737 0.784143 0.518252 0.784143 0.518252 0.463747 0.174333 0.463747 -0.174333 
1 1 0 0.39305 0.39305 17.2682 0.77622 0.522968 0.77622 0.522968 0.470916 0.179331 0.470916 -0.179331 
1 1 0 0.396847 0.396847 17.0919 0.768128 0.527452 0.768128 0.527452 0.478356 0.184224 0.478356 -0.184224 
1 1 0 0.400566 0.400566 16.9425 0.759871 0.531693 0.759871 0.531693 0.486074 0.189008 0.486074 -0.189008 
1 1 0 0.404204 0.404204 16.8183 0.751454 0.535683 0.751454 0.535683 0.494073 0.193678 0.494073 -0.193678 
1 1 0 0.407757 0.407757 16.7177 0.742881 0.539409 0.742881 0.539409 0.502357 0.198228 0.502357 -0.198228 
1 1 0 0.411224 0.411224 16.6396 0.73416 0.542862 0.73416 0.542862 0.510928 0.202653 0.510928 -0.202653 
1 1 0 0.414601 0.414601 16.5828 0.725298 0.546032 0.725298 0.546032 0.519788 0.206946 0.519788 -0.206946 
1 1 0 0.417886 0.417886 16.5463 0.716302 0.54891 0.716302 0.54891 0.528936 0.211101 0.528936 -0.211101 
1 1 0 0.421076 0.421076 16.5293 0.707182 0.551488 0.707182 0.551488 0.53837 0.21511 0.53837 -0.21511 
1 1 0 0.42417 0.42417 16.5311 0.697947 0.553758 0.697947 0.553758 0.548085 0.218965 0.548085 -0.218965 
1 1 0 0.427164 0.427164 16.5511 0.688608 0.555712 0.688608 0.555712 0.558077 0.22266 0.558077 -0.22266 
1 1 0 0.430058 0.430058 16.5887 0.679177 0.557345 0.679177 0.557345 0.568338 0.226186 0.568338 -0.226186 
1 1 0 0.432851 0.432851 16.6435 0.669664 0.558651 0.669664 0.558651 0.578857 0.229537 0.578857 -0.229537 
1 1 0 0.435541 0.435541 16.715 0.660082 0.559627 0.660082 0.559627 0.589625 0.232706 0.589625 -0.232706 
1 1 0 0.438127 0.438127 16.8028 0.650443 0.56027 0.650443 0.56027 0.600628 0.235686 0.600628 -0.235686 
1 1 0 0.44061 0.44061 16.9065 0.640762 0.560579 0.640762 0.560579 0.611851 0.238472 0.611851 -0.238472 
1 1 0 0.442991 0.442991 17.0258 0.631049 0.560552 0.631049 0.560552 0.623279 0.241057 0.623279 -0.241057 
1 1 0 0.445268 0.445268 17.1605 0.621318 0.560192 0.621318 0.560192 0.634893 0.243438 0.634893 -0.243438 
1 1 0 0.447445 0.447445 17.3102 0.611583 0.5595 0.611583 0.5595 0.646675 0.24561 0.646675 -0.24561 
1 1 0 0.449521 0.449521 17.4746 0.601854 0.55848 0.601854 0.55848 0.658605 0.24757 0.658605 -0.24757 
1 1 0 0.4515 0.4515 17.6536 0.592144 0.557137 0.592144 0.557137 0.670662 0.249317 0.670662 -0.249317 
1 1 0 0.453383 0.453383 17.8468 0.582465 0.555475 0.582465 0.555475 0.682825 0.250848 0.682825 -0.250848 
1 1 0 0.455172 0.455172 18.0541 0.572826 0.553502 0.572826 0.553502 0.695072 0.252163 0.695072 -0.252163 
1 1 0 0.456872 0.456872 18.2753 0.563238 0.551225 0.563238 0.551225 0.707382 0.253262 0.707382 -0.253262 
1 1 0 0.458484 0.458484 18.5101 0.55371 0.548652 0.55371 0.548652 0.719733 0.254147 0.719733 -0.254147 
1 1 0 0.460012 0.460012 18.7586 0.544251 0.545791 0.544251 0.545791 0.732102 0.25482 0.732102 -0.25482 
1 1 0 0.461459 0.461459 19.0204 0.534867 0.542653 0.534867 0.542653 0.74447 0.255282 0.74447 -0.255282 
1 1 0 0.462829 0.462829 19.2955 0.525566 0.539246 0.525566 0.539246 0.756815 0.255538 0.756815 -0.255538 
1 1 0 0.464126 0.464126 19.5838 0.516352 0.53558 0.516352 0.53558 0.769117 0.255591 0.769117 -0.255591 
1 1 0 0.465353 0.465353 19.8852 0.507232 0.531666 0.507232 0.531666 0.781357 0.255446 0.781357 -0.255446 
1 1 0 0.466514 0.466514 20.1997 0.49821 0.527514 0.49821 0.527514 0.793517 0.255107 0.793517 -0.255107 
1 1 0 0.467613 0.467613 20.5272 0.489287 0.523134 0.489287 0.523134 0.805578 0.25458 0.805578 -0.25458 
1 1 0 0.468653 0.468653 20.8679 0.480469 0.518535 0.480469 0.518535 0.817524 0.25387 0.817524 -0.25387 
1 1 0 0.469638 0.469638 21.2216 0.471755 0.513729 0.471755 0.513729 0.82934 0.252982 0.82934 -0.252982 
1 1 0 0.470571 0.470571 21.5886 0.463148 0.508725 0.463148 0.508725 0.84101 0.251923 0.84101 -0.251923 
1 1 0 0.471457 0.471457 21.9688 0.454648 0.503531 0.454648 0.503531 0.852522 0.250699 0.852522 -0.250699 
1 1 0 0.472297 0.472297 22.3625 0.446255 0.498159 0.446255 0.498159 0.863861 0.249315 0.863861 -0.249315 
1 1 0 0.473096 0.473096 22.7697 0.43797 0.492617 0.43797 0.492617 0.875016 0.247778 0.875016 -0.247778 
1 1 0 0.473856 0.473856 23.1907 0.429792 0.486913 0.429792 0.486913 0.885975 0.246093 0.885975 -0.246093 
1 1 0 0.47458 0.47458 23.6258 0.421719 0.481056 0.421719 0.481056 0.896729 0.244268 0.896729 -0.244268 
1 1 0 0.475271 0.475271 24.0753 0.413749 0.475053 0.413749 0.475053 0.90727 0.242306 0.90727 -0.242306 
1 1 0 0.475933 0.475933 24.5394 0.405882 0.468913 0.405882 0.468913 0.917587 0.240216 0.917587 -0.240216 
1 1 0 0.476566 0.476566 25.0185 0.398115 0.462643 0.398115 0.462643 0.927671 0.238002 0.927671 -0.238002 
1 1 0 0.477174 0.477174 25.513 0.390447 0.456251 0.390447 0.456251 0.937516 0.235669 0.937516 -0.235669 
1 1 0 0.477759 0.477759 26.0235 0.382876 0.449743 0.382876 0.449743 0.947114 0.233224 0.947114 -0.233224 
1 1 0 0.478323 0.478323 26.5503 0.375398 0.443126 0.375398 0.443126 0.95646 0.230671 0.95646 -0.230671 
1 1 0 0.478869 0.478869 27.094 0.368011 0.436406 0.368011 0.436406 0.965548 0.228016 0.965548 -0.228016 
2 1 0 0.479397 0.479397 27.6553 0.360713 0.429589 0.360713 0.429589 0.974372 0.225263 0.974372 -0.225263 
2 1 0 0.479909 0.479909 28.2349 0.3535 0.42268 0.3535 0.42268 0.982929 0.222418 0.982929 -0.222418 
2 1 0 0.480408 0.480408 28.8335 0.34637 0.415685 0.34637 0.415685 0.991214 0.219484 0.991214 -0.219484 
2 1 0 0.480895 0.480895 29.4519 0.33932 0.408609 0.33932 0.408609 0.999222 0.216466 0.999222 -0.216466 
2 1 0 0.481371 0.481371 30.091 0.332346 0.401457 0.332346 0.401457 1.00695 0.213368 1.00695 -0.213368 
2 1 0 0.481837 0.481837 30.7519 0.325446 0.394234 0.325446 0.394234 1.0144 0.210194 1.0144 -0.210194 
2 1 0 0.482295 0.482295 31.4355 0.318616 0.386943 0.318616 0.386943 1.02156 0.206948 1.02156 -0.206948 
2 1 0 0.482746 0.482746 32.1432 0.311854 0.379589 0.311854 0.379589 1.02843 0.203633 1.02843 -0.203633 
2 1 0 0.483191 0.483191 32.8761 0.305156 0.372176 0.305156 0.372176 1.03502 0.200253 1.03502 -0.200253 
2 1 0 0.483631 0.483631 33.6357 0.29852 0.364708 0.29852 0.364708 1.04131 0.196812 1.04131 -0.196812 
2 1 0 0.484066 0.484066 34.4236 0.291941 0.357189 0.291941 0.357189 1.0473 0.193311 1.0473 -0.193311 
2 1 0 0.484498 0.484498 35.2415 0.285418 0.349622 0.285418 0.349622 1.05301 0.189755 1.05301 -0.189755 
2 1 0 0.484927 0.484927 36.0912 0.278946 0.34201 0.278946 0.34201 1.05841 0.186145 1.05841 -0.186145 
2 1 0 0.485353 0.485353 36.9748 0.272524 0.334357 0.272524 0.334357 1.06352 0.182485 1.06352 -0.182485 
2 1 0 0.485778 0.485778 37.8946 0.266147 0.326665 0.266147 0.326665 1.06832 0.178777 1.06832 -0.178777 
2 1 0 0.486201 0.486201 38.853 0.259813 0.318939 0.259813 0.318939 1.07283 0.175023 1.07283 -0.175023 
2 1 0 0.486624 0.486624 39.8529 0.253518 0.311179 0.253518 0.311179 1.07704 0.171226 1.07704 -0.171226 
2 1 0 0.487046 0.487046 40.8973 0.247261 0.303391 0.247261 0.303391 1.08094 0.167387 1.08094 -0.167387 
2 1 0 0.487468 0.487468 41.9895 0.241037 0.295575 0.241037 0.295575 1.08454 0.16351 1.08454 -0.16351 
2 1 0 0.487889 0.487889 43.1335 0.234843 0.287735 0.234843 0.287735 1.08784 0.159594 1.08784 -0.159594 
2 1 0 0.488311 0.488311 44.3333 0.228678 0.279873 0.228678 0.279873 1.09083 0.155643 1.09083 -0.155643 
2 1 0 0.488733 0.488733 45.5937 0.222538 0.271991 0.222538 0.271991 1.09353 0.151658 1.09353 -0.151658 
2 1 0 0.489155 0.489155 46.9199 0.216419 0.264093 0.216419 0.264093 1.09592 0.147641 1.09592 -0.147641 
2 1 0 0.489578 0.489578 48.3178 0.210319 0.25618 0.210319 0.25618 1.098 0.143593 1.098 -0.143593 
2 1 0 0.49 0.49 49.7942 0.204236 0.248254 0.204236 0.248254 1.09978 0.139515 1.09978 -0.139515 
2 1 0 0.490423 0.490423 51.3564 0.198166 0.240319 0.198166 0.240319 1.10126 0.13541 1.10126 -0.13541 
2 1 0 0.490845 0.490845 53.0131 0.192106 0.232375 0.192106 0.232375 1.10244 0.131278 1.10244 -0.131278 
2 1 0 0.491266 0.491266 54.7739 0.186053 0.224426 0.186053 0.224426 1.10331 0.12712 1.10331 -0.12712 
2 1 0 0.491687 0.491687 56.65 0.180006 0.216473 0.180006 0.216473 1.10388 0.122938 1.10388 -0.122938 
2 1 0 0.492107 0.492107 58.6542 0.17396 0.208518 0.17396 0.208518 1.10414 0.118733 1.10414 -0.118733 
2 1 0 0.492525 0.492525 60.8012 0.167913 0.200565 0.167913 0.200565 1.10411 0.114506 1.10411 -0.114506 
2 1 0 0.492941 0.492941 63.108 0.161862 0.192614 0.161862 0.192614 1.10377 0.110259 1.10377 -0.110259 
2 1 0 0.493354 0.493354 65.5947 0.155805 0.184668 0.155805 0.184668 1.10314 0.105992 1.10314 -0.105992 
2 1 0 0.493764 0.493764 68.2847 0.149738 0.176729 0.149738 0.176729 1.1022 0.101706 1.1022 -0.101706 
2 1 0 0.49417 0.49417 71.2055 0.14366 0.168799 0.14366 0.168799 1.10097 0.0974023 1.10097 -0.0974023 
2 1 0 0.494572 0.494572 74.3901 0.137566 0.16088 0.137566 0.16088 1.09943 0.0930824 1.09943 -0.0930824 
2 1 0 0.494968 0.494968 77.878 0.131454 0.152975 0.131454 0.152975 1.0976 0.0887472 1.0976 -0.0887472 
2 1 0 0.495358 0.495358 81.7166 0.125322 0.145086 0.125322 0.145086 1.09548 0.0843976 1.09548 -0.0843976 
2 1 0 0.495741 0.495741 85.9644 0.119167 0.137214 0.119167 0.137214 1.09306 0.0800349 1.09306 -0.0800349 
2 1 0 0.496116 0.496116 90.6929 0.112985 0.129362 0.112985 0.129362 1.09035 0.07566 1.09035 -0.07566 
2 1 0 0.496482 0.496482 95.9917 0.106775 0.121533 0.106775 0.121533 1.08734 0.0712743 1.08734 -0.0712743 
2 1 0 0.496837 0.496837 101.974 0.100533 0.113728 0.100533 0.113728 1.08405 0.066879 1.08405 -0.066879 
2 1 0 0.497182 0.497182 108.784 0.0942572 0.10595 0.0942572 0.10595 1.08046 0.0624752 1.08046 -0.0624752 
2 1 0 0.497513 0.497513 116.612 0.0879443 0.0982014 0.0879443 0.0982014 1.0766 0.0580643 1.0766 -0.0580643 
2 1 0 0.497831 0.497831 125.708 0.0815918 0.0904847 0.0815918 0.0904847 1.07244 0.0536477 1.07244 -0.0536477 
2 1 0 0.498134 0.498134 136.414 0.0751971 0.0828023 0.0751971 0.0828023 1.06801 0.0492269 1.06801 -0.0492269 
2 1 0 0.49842 0.49842 149.203 0.0687575 0.0751568 0.0687575 0.0751568 1.06329 0.0448033 1.06329 -0.0448033 
2 1 0 0.498688 0.498688 164.758 0.0622704 0.0675508 0.0622704 0.0675508 1.0583 0.0403787 1.0583 -0.0403787 
2 1 0 0.498936 0.498936 184.092 0.0557334 0.0599871 0.0557334 0.0599871 1.05303 0.0359546 1.05303 -0.0359546 
2 1 0 0.499163 0.499163 208.784 0.0491437 0.0524684 0.0491437 0.0524684 1.04749 0.031533 1.04749 -0.031533 
2 1 0 0.499366 0.499366 241.431 0.0424991 0.0449976 0.0424991 0.0449976 1.04169 0.0271158 1.04169 -0.0271158 
2 1 0 0.499545 0.499545 286.635 0.035797 0.0375776 0.035797 0.0375776 1.03562 0.0227049 1.03562 -0.0227049 
2 1 0 0.499698 0.499698 353.387 0.0290351 0.0302114 0.0290351 0.0302114 1.02928 0.0183025 1.02928 -0.0183025 
2 1 0 0.499821 0.499821 461.953 0.0222111 0.0229021 0.0222111 0.0229021 1.02269 0.0139109 1.02269 -0.0139109 
2 1 0 0.499914 0.499914 669.603 0.0153229 0.0156528 0.0153229 0.0156528 1.01585 0.00953245 1.01585 -0.00953245 
2 1 0 0.499974 0.499974 1226.02 0.00836817 0.00846688 0.00836817 0.00846688 1.00876 0.00516979 1.00876 -0.00516979 
2 1 0 0.499999 0.499999 8266.46 0.001345 0.00134755 0.001345 0.00134755 1.00142 0.000761164 1.00142 -0.000761164 
2 1 0 0.5 0.5 31095.2 0.000329967 0.000330121 0.000329967 0.000330121 1.00035 0.000202133 1.00035 -0.000202133 
2 1 0 0.500182 0.500182 329.096 -1.50337e-07 -1.50337e-07 -1.50337e-07 -1.50337e-07 0.999818 0.0190911 0.999818 -0.0190911 
2 1 0 0.499982 0.499982 1458.33 -0.00703582 -0.00710564 -0.00703582 -0.00710564 1.00738 0.00434031 1.00738 -0.00434031 
2 1 0 0.499928 0.499928 732.654 -0.0140035 -0.0142793 -0.0140035 -0.0142793 1.01452 0.00870064 1.01452 -0.00870064 
2 1 0 0.499841 0.499841 490.831 -0.0209043 -0.0215167 -0.0209043 -0.0215167 1.02141 0.0130759 1.02141 -0.0130759 
2 1 0 0.499723 0.499723 369.88 -0.0277404 -0.0288149 -0.0277404 -0.0288149 1.02805 0.0174652 1.02805 -0.0174652 
2 1 0 0.499576 0.499576 297.291 -0.0345139 -0.0361705 -0.0345139 -0.0361705 1.03443 0.0218657 1.03443 -0.0218657 
2 1 0 0.499402 0.499402 248.88 -0.0412272 -0.0435806 -0.0412272 -0.0435806 1.04055 0.0262752 1.04055 -0.0262752 
2 1 0 0.499203 0.499203 214.283 -0.0478827 -0.0510419 -0.0478827 -0.0510419 1.04641 0.0306914 1.04641 -0.0306914 
2 1 0 0.498981 0.498981 188.32 -0.0544826 -0.0585518 -0.0544826 -0.0585518 1.052 0.0351124 1.052 -0.0351124 
2 1 0 0.498736 0.498736 168.11 -0.0610295 -0.0661071 -0.0610295 -0.0661071 1.05732 0.0395361 1.05732 -0.0395361 
2 1 0 0.498472 0.498472 151.927 -0.0675259 -0.0737053 -0.0675259 -0.0737053 1.06236 0.0439608 1.06236 -0.0439608 
2 1 0 0.49819 0.49819 138.671 -0.0739743 -0.0813435 -0.0739743 -0.0813435 1.06713 0.0483847 1.06713 -0.0483847 
2 1 0 0.49789 0.49789 127.611 -0.0803774 -0.089019 -0.0803774 -0.089019 1.07162 0.0528062 1.07162 -0.0528062 
2 1 0 0.497575 0.497575 118.238 -0.0867378 -0.0967294 -0.0867378 -0.0967294 1.07583 0.0572237 1.07583 -0.0572237 
2 1 0 0.497246 0.497246 110.19 -0.093058 -0.104472 -0.093058 -0.104472 1.07975 0.0616358 1.07975 -0.0616358 
2 1 0 0.496904 0.496904 103.202 -0.0993408 -0.112245 -0.0993408 -0.112245 1.08339 0.066041 1.08339 -0.066041 
2 1 0 0.49655 0.49655 97.0741 -0.105589 -0.120045 -0.105589 -0.120045 1.08674 0.0704381 1.08674 -0.0704381 
2 1 0 0.496186 0.496186 91.6548 -0.111805 -0.12787 -0.111805 -0.12787 1.0898 0.0748258 1.0898 -0.0748258 
2 1 0 0.495813 0.495813 86.8252 -0.117992 -0.135717 -0.117992 -0.135717 1.09256 0.0792027 1.09256 -0.0792027 
2 1 0 0.495432 0.495432 82.492 -0.124152 -0.143585 -0.124152 -0.143585 1.09504 0.0835679 1.09504 -0.0835679 
2 1 0 0.495043 0.495043 78.5802 -0.130288 -0.151472 -0.130288 -0.151472 1.09722 0.0879201 1.09722 -0.0879201 
2 1 0 0.494648 0.494648 75.0296 -0.136404 -0.159374 -0.136404 -0.159374 1.09911 0.0922581 1.09911 -0.0922581 
2 1 0 0.494247 0.494247 71.7905 -0.142501 -0.16729 -0.142501 -0.16729 1.1007 0.096581 1.1007 -0.096581 
2 1 0 0.493842 0.493842 68.8221 -0.148582 -0.175218 -0.148582 -0.175218 1.10199 0.100888 1.10199 -0.100888 
2 1 0 0.493433 0.493433 66.0905 -0.154651 -0.183156 -0.154651 -0.183156 1.10298 0.105177 1.10298 -0.105177 
2 1 0 0.49302 0.49302 63.567 -0.16071 -0.1911 -0.16071 -0.1911 1.10367 0.109448 1.10367 -0.109448 
2 1 0 0.492604 0.492604 61.2275 -0.166761 -0.199051 -0.166761 -0.199051 1.10407 0.113699 1.10407 -0.113699 
2 1 0 0.492187 0.492187 59.0515 -0.172809 -0.207004 -0.172809 -0.207004 1.10416 0.11793 1.10416 -0.11793 
2 1 0 0.491767 0.491767 57.0213 -0.178854 -0.214958 -0.178854 -0.214958 1.10395 0.122139 1.10395 -0.122139 
2 1 0 0.491347 0.491347 55.1219 -0.184902 -0.222912 -0.184902 -0.222912 1.10344 0.126325 1.10344 -0.126325 
2 1 0 0.490925 0.490925 53.34 -0.190953 -0.230862 -0.190953 -0.230862 1.10262 0.130488 1.10262 -0.130488 
2 1 0 0.490503 0.490503 51.6643 -0.197011 -0.238807 -0.197011 -0.238807 1.10151 0.134625 1.10151 -0.134625 
2 1 0 0.490081 0.490081 50.0847 -0.203079 -0.246744 -0.203079 -0.246744 1.10009 0.138736 1.10009 -0.138736 
2 1 0 0.489658 0.489658 48.5927 -0.20916 -0.254671 -0.20916 -0.254671 1.09836 0.142819 1.09836 -0.142819 
2 1 0 0.489236 0.489236 47.1804 -0.215256 -0.262587 -0.215256 -0.262587 1.09634 0.146872 1.09634 -0.146872 
2 1 0 0.488814 0.488814 45.841 -0.221371 -0.270489 -0.221371 -0.270489 1.09401 0.150896 1.09401 -0.150896 
2 1 0 0.488392 0.488392 44.5685 -0.227507 -0.278373 -0.227507 -0.278373 1.09137 0.154887 1.09137 -0.154887 
2 1 0 0.48797 0.48797 43.3575 -0.233667 -0.286239 -0.233667 -0.286239 1.08843 0.158845 1.08843 -0.158845 
2 1 0 0.487548 0.487548 42.2033 -0.239855 -0.294084 -0.239855 -0.294084 1.08519 0.162767 1.08519 -0.162767 
2 1 0 0.487126 0.487126 41.1015 -0.246073 -0.301904 -0.246073 -0.301904 1.08165 0.166652 1.08165 -0.166652 
2 1 0 0.486704 0.486704 40.0482 -0.252324 -0.309698 -0.252324 -0.309698 1.0778 0.170498 1.0778 -0.170498 
2 1 0 0.486282 0.486282 39.0401 -0.258611 -0.317464 -0.258611 -0.317464 1.07365 0.174303 1.07365 -0.174303 
2 1 0 0.485859 0.485859 38.074 -0.264937 -0.325197 -0.264937 -0.325197 1.0692 0.178066 1.0692 -0.178066 
2 1 0 0.485434 0.485434 37.1471 -0.271306 -0.332895 -0.271306 -0.332895 1.06446 0.181783 1.06446 -0.181783 
2 1 0 0.485008 0.485008 36.2568 -0.27772 -0.340556 -0.27772 -0.340556 1.05941 0.185452 1.05941 -0.185452 
2 1 0 0.48458 0.48458 35.4008 -0.284182 -0.348176 -0.284182 -0.348176 1.05406 0.189071 1.05406 -0.189071 
2 1 0 0.484149 0.484149 34.577 -0.290695 -0.355752 -0.290695 -0.355752 1.04841 0.192638 1.04841 -0.192638 
2 1 0 0.483714 0.483714 33.7836 -0.297263 -0.36328 -0.297263 -0.36328 1.04247 0.19615 1.04247 -0.19615 
2 1 0 0.483275 0.483275 33.0187 -0.303888 -0.370758 -0.303888 -0.370758 1.03624 0.199603 1.03624 -0.199603 
2 1 0 0.482832 0.482832 32.2808 -0.310574 -0.378182 -0.310574 -0.378182 1.02971 0.202994 1.02971 -0.202994 
2 1 0 0.482382 0.482382 31.5684 -0.317323 -0.385547 -0.317323 -0.385547 1.02289 0.206322 1.02289 -0.206322 
2 1 0 0.481925 0.481925 30.8803 -0.32414 -0.39285 -0.32414 -0.39285 1.01578 0.209581 1.01578 -0.209581 
2 1 0 0.48146 0.48146 30.2152 -0.331026 -0.400087 -0.331026 -0.400087 1.00839 0.212769 1.00839 -0.212769 
2 1 0 0.480986 0.480986 29.572 -0.337986 -0.407253 -0.337986 -0.407253 1.00072 0.215882 1.00072 -0.215882 
2 1 0 0.480502 0.480502 28.9497 -0.345021 -0.414344 -0.345021 -0.414344 0.992761 0.218915 0.992761 -0.218915 
2 1 0 0.480005 0.480005 28.3474 -0.352136 -0.421354 -0.352136 -0.421354 0.984528 0.221865 0.984528 -0.221865 
2 1 0 0.479495 0.479495 27.7643 -0.359333 -0.42828 -0.359333 -0.42828 0.976023 0.224728 0.976023 -0.224728 
2 1 0 0.479392 0.479392 27.6514 -0.360757 -0.429631 -0.360757 -0.429631 0.974316 0.225283 0.974316 -0.225283 
1 1 0 0.478865 0.478865 27.0907 -0.368055 -0.436447 -0.368055 -0.436447 0.965494 0.228032 0.965494 -0.228032 
1 1 0 0.47832 0.47832 26.5471 -0.375442 -0.443166 -0.375442 -0.443166 0.956405 0.230687 0.956405 -0.230687 
1 1 0 0.477756 0.477756 26.0204 -0.382921 -0.449782 -0.382921 -0.449782 0.947057 0.233239 0.947057 -0.233239 
1 1 0 0.477171 0.477171 25.5101 -0.390493 -0.456289 -0.390493 -0.456289 0.937458 0.235683 0.937458 -0.235683 
1 1 0 0.476562 0.476562 25.0156 -0.398161 -0.462681 -0.398161 -0.462681 0.927612 0.238015 0.927612 -0.238015 
1 1 0 0.475929 0.475929 24.5366 -0.405928 -0.46895 -0.405928 -0.46895 0.917526 0.240229 0.917526 -0.240229 
1 1 0 0.475267 0.475267 24.0726 -0.413796 -0.475089 -0.413796 -0.475089 0.907208 0.242318 0.907208 -0.242318 
1 1 0 0.474576 0.474576 23.6232 -0.421766 -0.481091 -0.421766 -0.481091 0.896667 0.244279 0.896667 -0.244279 
1 1 0 0.473851 0.473851 23.1881 -0.429841 -0.486948 -0.429841 -0.486948 0.885909 0.246104 0.885909 -0.246104 
1 1 0 0.473091 0.473091 22.7672 -0.43802 -0.492651 -0.43802 -0.492651 0.874949 0.247787 0.874949 -0.247787 
1 1 0 0.472292 0.472292 22.36 -0.446306 -0.498192 -0.446306 -0.498192 0.863793 0.249324 0.863793 -0.249324 
1 1 0 0.471451 0.471451 21.9665 -0.454699 -0.503564 -0.454699 -0.503564 0.852452 0.250707 0.852452 -0.250707 
1 1 0 0.470566 0.470566 21.5863 -0.4632 -0.508755 -0.4632 -0.508755 0.84094 0.25193 0.84094 -0.25193 
1 1 0 0.469632 0.469632 21.2195 -0.471807 -0.513759 -0.471807 -0.513759 0.829269 0.252988 0.829269 -0.252988 
1 1 0 0.468647 0.468647 20.8658 -0.480522 -0.518564 -0.480522 -0.518564 0.817452 0.253875 0.817452 -0.253875 
1 1 0 0.467607 0.467607 20.5252 -0.489341 -0.523161 -0.489341 -0.523161 0.805505 0.254584 0.805505 -0.254584 
1 1 0 0.466508 0.466508 20.1977 -0.498264 -0.52754 -0.498264 -0.52754 0.793443 0.25511 0.793443 -0.25511 
1 1 0 0.465346 0.465346 19.8833 -0.507288 -0.531691 -0.507288 -0.531691 0.781283 0.255448 0.781283 -0.255448 
1 1 0 0.464119 0.464119 19.582 -0.516408 -0.535603 -0.516408 -0.535603 0.769043 0.255592 0.769043 -0.255592 
1 1 0 0.462821 0.462821 19.2938 -0.525622 -0.539267 -0.525622 -0.539267 0.75674 0.255537 0.75674 -0.255537 
1 1 0 0.461451 0.461451 19.0187 -0.534924 -0.542673 -0.534924 -0.542673 0.744395 0.25528 0.744395 -0.25528 
1 1 0 0.460003 0.460003 18.757 -0.544308 -0.545809 -0.544308 -0.545809 0.732027 0.254816 0.732027 -0.254816 
1 1 0 0.458474 0.458474 18.5087 -0.553768 -0.548668 -0.553768 -0.548668 0.719658 0.254142 0.719658 -0.254142 
1 1 0 0.456862 0.456862 18.2739 -0.563296 -0.55124 -0.563296 -0.55124 0.707307 0.253256 0.707307 -0.253256 
1 1 0 0.455162 0.455162 18.0528 -0.572884 -0.553515 -0.572884 -0.553515 0.694998 0.252155 0.694998 -0.252155 
1 1 0 0.453372 0.453372 17.8456 -0.582523 -0.555486 -0.582523 -0.555486 0.682751 0.250839 0.682751 -0.250839 
1 1 0 0.451488 0.451488 17.6524 -0.592203 -0.557146 -0.592203 -0.557146 0.670588 0.249307 0.670588 -0.249307 
1 1 0 0.449509 0.449509 17.4736 -0.601913 -0.558487 -0.601913 -0.558487 0.658532 0.247559 0.658532 -0.247559 
1 1 0 0.447432 0.447432 17.3092 -0.611642 -0.559505 -0.611642 -0.559505 0.646603 0.245598 0.646603 -0.245598 
1 1 0 0.445255 0.445255 17.1596 -0.621378 -0.560195 -0.621378 -0.560195 0.634822 0.243424 0.634822 -0.243424 
1 1 0 0.442976 0.442976 17.0251 -0.631108 -0.560553 -0.631108 -0.560553 0.623209 0.241042 0.623209 -0.241042 
1 1 0 0.440596 0.440596 16.9058 -0.64082 -0.560578 -0.64082 -0.560578 0.611782 0.238456 0.611782 -0.238456 
1 1 0 0.438112 0.438112 16.8022 -0.650502 -0.560267 -0.650502 -0.560267 0.60056 0.235669 0.60056 -0.235669 
1 1 0 0.435525 0.435525 16.7145 -0.66014 -0.559622 -0.66014 -0.559622 0.589559 0.232688 0.589559 -0.232688 
1 1 0 0.432834 0.432834 16.6431 -0.669722 -0.558644 -0.669722 -0.558644 0.578793 0.229517 0.578793 -0.229517 
1 1 0 0.430041 0.430041 16.5884 -0.679234 -0.557336 -0.679234 -0.557336 0.568274 0.226165 0.568274 -0.226165 
1 1 0 0.427146 0.427146 16.5509 -0.688665 -0.555701 -0.688665 -0.555701 0.558016 0.222638 0.558016 -0.222638 
1 1 0 0.424151 0.424151 16.531 -0.698003 -0.553745 -0.698003 -0.553745 0.548026 0.218942 0.548026 -0.218942 
1 1 0 0.421057 0.421057 16.5293 -0.707238 -0.551474 -0.707238 -0.551474 0.538312 0.215086 0.538312 -0.215086 
1 1 0 0.417866 0.417866 16.5464 -0.716357 -0.548894 -0.716357 -0.548894 0.52888 0.211076 0.52888 -0.211076 
1 1 0 0.414581 0.414581 16.583 -0.725352 -0.546014 -0.725352 -0.546014 0.519733 0.206921 0.519733 -0.206921 
1 1 0 0.411203 0.411203 16.64 -0.734214 -0.542842 -0.734214 -0.542842 0.510875 0.202627 0.510875 -0.202627 
1 1 0 0.407736 0.407736 16.7183 -0.742934 -0.539387 -0.742934 -0.539387 0.502305 0.198201 0.502305 -0.198201 
1 1 0 0.404182 0.404182 16.8189 -0.751506 -0.535659 -0.751506 -0.535659 0.494023 0.19365 0.494023 -0.19365 
1 1 0 0.400544 0.400544 16.9433 -0.759922 -0.531668 -0.759922 -0.531668 0.486026 0.188979 0.486026 -0.188979 
1 1 0 0.396824 0.396824 17.0929 -0.768178 -0.527425 -0.768178 -0.527425 0.47831 0.184195 0.47831 -0.184195 
1 1 0 0.393027 0.393027 17.2694 -0.776269 -0.52294 -0.776269 -0.52294 0.470872 0.179301 0.470872 -0.179301 
1 1 0 0.389155 0.389155 17.4751 -0.784191 -0.518223 -0.784191 -0.518223 0.463704 0.174302 0.463704 -0.174302 
1 1 0 0.38521 0.38521 17.7123 -0.79194 -0.513285 -0.79194 -0.513285 0.456801 0.169201 0.456801 -0.169201 
1 1 0 0.381196 0.381196 17.9842 -0.799515 -0.508136 -0.799515 -0.508136 0.450156 0.164 0.450156 -0.164 
1 1 0 0.377115 0.377115 18.2944 -0.806914 -0.502788 -0.806914 -0.502788 0.44376 0.158699 0.44376 -0.158699 
1 1 0 0.37297 0.37297 18.6471 -0.814135 -0.49725 -0.814135 -0.49725 0.437605 0.153298 0.437605 -0.153298 
1 1 0 0.368763 0.368763 19.0481 -0.821182 -0.49153 -0.821182 -0.49153 0.431682 0.147794 0.431682 -0.147794 
1 1 0 0.364496 0.364496 19.5037 -0.82805 -0.48564 -0.82805 -0.48564 0.425983 0.142185 0.425983 -0.142185 
1 1 0 0.360174 0.360174 20.0223 -0.83474 -0.479589 -0.83474 -0.479589 0.420499 0.136466 0.420499 -0.136466 
1 1 0 0.355797 0.355797 20.6143 -0.841254 -0.473387 -0.841254 -0.473387 0.415223 0.130629 0.415223 -0.130629 
1 1 0 0.351368 0.351368 21.2933 -0.847593 -0.467042 -0.847593 -0.467042 0.410143 0.124664 0.410143 -0.124664 
1 1 0 0.346889 0.346889 22.0767 -0.853758 -0.460563 -0.853758 -0.460563 0.405252 0.118556 0.405252 -0.118556 
1 1 0 0.342361 0.342361 22.988 -0.859752 -0.453958 -0.859752 -0.453958 0.400541 0.112288 0.400541 -0.112288 
1 1 0 0.337787 0.337787 24.0594 -0.865575 -0.447234 -0.865575 -0.447234 0.396001 0.105834 0.396001 -0.105834 
1 1 0 0.333167 0.333167 25.3361 -0.871231 -0.4404 -0.871231 -0.4404 0.391624 0.0991613 0.391624 -0.0991613 
1 1 0 0.328504 0.328504 26.8842 -0.876723 -0.433461 -0.876723 -0.433461 0.387401 0.0922259 0.387401 -0.0922259 
1 1 0 0.323798 0.323798 28.8053 -0.882052 -0.426426 -0.882052 -0.426426 0.383325 0.084965 0.383325 -0.084965 
1 1 0 0.319051 0.319051 31.2645 -0.887221 -0.4193 -0.887221 -0.4193 0.379387 0.0772883 0.379387 -0.0772883 
1 1 0 0.314263 0.314263 34.5536 -0.892234 -0.41209 -0.892234 -0.41209 0.37558 0.069058 0.37558 -0.069058 
1 1 0 0.309436 0.309436 39.2507 -0.897092 -0.404802 -0.897092 -0.404802 0.371898 0.0600466 0.371898 -0.0600466 
1 1 0 0.30457 0.30457 46.7249 -0.9018 -0.39744 -0.9018 -0.39744 0.368333 0.0498312 0.368333 -0.0498312 
1 1 0 0.299666 0.299666 61.4547 -0.906359 -0.390011 -0.906359 -0.390011 0.364878 0.037436 0.364878 -0.037436 
1 1 0 0.294725 0.294725 119.788 -0.910774 -0.38252 -0.910774 -0.38252 0.361528 0.0189804 0.361528 -0.0189804 
1 1 0 0.289746 0.289746 119.788 -0.915046 -0.374971 -0.915046 -0.374971 0.332962 0 0.38359 0 
1 1 0 0.284731 0.284731 119.788 -0.919179 -0.367369 -0.919179 -0.367369 0.315091 0 0.395142 0 
1 1 0 0.27968 0.27968 119.788 -0.923176 -0.359719 -0.923176 -0.359719 0.301804 0 0.402284 0 
1 1 0 0.274592 0.274592 119.788 -0.92704 -0.352024 -0.92704 -0.352024 0.290682 0 0.407424 0 
1 1 0 0.269469 0.269469 119.788 -0.930772 -0.344288 -0.930772 -0.344288 0.280932 0 0.411347 0 
1 1 0 0.26431 0.26431 119.788 -0.934378 -0.336516 -0.934378 -0.336516 0.272171 0 0.414425 0 
1 1 0 0.259114 0.259114 119.788 -0.937858 -0.328711 -0.937858 -0.328711 0.264176 0 0.416872 0 
1 1 0 0.253883 0.253883 119.788 -0.941216 -0.320877 -0.941216 -0.320877 0.256806 0 0.418823 0 
1 1 0 0.248616 0.248616 119.788 -0.944454 -0.313017 -0.944454 -0.313017 0.249959 0 0.420369 0 
1 1 0 0.243313 0.243313 119.788 -0.947575 -0.305133 -0.947575 -0.305133 0.243563 0 0.421575 0 
1 1 0 0.237973 0.237973 119.788 -0.950582 -0.29723 -0.950582 -0.29723 0.237563 0 0.422492 0 
1 1 0 0.232597 0.232597 119.788 -0.953477 -0.28931 -0.953477 -0.28931 0.231913 0 0.423155 0 
1 1 0 0.227184 0.227184 119.788 -0.956263 -0.281375 -0.956263 -0.281375 0.226579 0 0.423595 0 
1 1 0 0.221734 0.221734 119.788 -0.958941 -0.27343 -0.958941 -0.27343 0.221531 0 0.423836 0 
1 1 0 0.216246 0.216246 119.788 -0.961515 -0.265475 -0.961515 -0.265475 0.216744 0 0.423895 0 
1 1 0 0.21072 0.21072 119.788 -0.963986 -0.257515 -0.963986 -0.257515 0.212197 0 0.42379 0 
1 1 0 0.205156 0.205156 119.788 -0.966357 -0.24955 -0.966357 -0.24955 0.207872 0 0.423534 0 
1 1 0 0.199554 0.199554 119.788 -0.96863 -0.241584 -0.96863 -0.241584 0.203753 0 0.423138 0 
1 1 0 0.193912 0.193912 119.788 -0.970807 -0.233619 -0.970807 -0.233619 0.199826 0 0.422612 0 
1 1 0 0.18823 0.18823 119.788 -0.97289 -0.225657 -0.97289 -0.225657 0.196078 0 0.421964 0 
1 1 0 0.182509 0.182509 119.788 -0.974881 -0.2177 -0.974881 -0.2177 0.192498 0 0.421202 0 
1 1 0 0.176747 0.176747 119.788 -0.976781 -0.209751 -0.976781 -0.209751 0.189077 0 0.420332 0 
1 1 0 0.170944 0.170944 119.788 -0.978594 -0.201811 -0.978594 -0.201811 0.185806 0 0.419361 0 
1 1 0 0.165099 0.165099 119.788 -0.98032 -0.193882 -0.98032 -0.193882 0.182676 0 0.418293 0 
1 1 0 0.159212 0.159212 119.788 -0.981962 -0.185966 -0.981962 -0.185966 0.179679 0 0.417133 0 
1 1 0 0.153283 0.153283 119.788 -0.983521 -0.178065 -0.983521 -0.178065 0.17681 0 0.415885 0 
1 1 0 0.147311 0.147311 119.788 -0.984999 -0.170181 -0.984999 -0.170181 0.174061 0 0.414554 0 
1 1 0 0.141295 0.141295 119.788 -0.986397 -0.162315 -0.986397 -0.162315 0.171427 0 0.413142 0 
1 1 0 0.135236 0.135236 119.788 -0.987718 -0.15447 -0.987718 -0.15447 0.168903 0 0.411654 0 
1 1 0 0.129132 0.129132 119.788 -0.988962 -0.146647 -0.988962 -0.146647 0.166483 0 0.410092 0 
1 1 0 0.122983 0.122983 119.788 -0.990132 -0.138848 -0.990132 -0.138848 0.164164 0 0.408459 0 
1 1 0 0.116788 0.116788 119.788 -0.991228 -0.131074 -0.991228 -0.131074 0.161941 0 0.406758 0 
1 1 0 0.110548 0.110548 119.788 -0.992253 -0.123327 -0.992253 -0.123327 0.15981 0 0.404991 0 
1 1 0 0.104262 0.104262 119.788 -0.993208 -0.115608 -0.993208 -0.115608 0.157768 0 0.403161 0 
1 1 0 0.0979287 0.0979287 119.788 -0.994093 -0.107919 -0.994093 -0.107919 0.155811 0 0.401269 0 
1 1 0 0.0915487 0.0915487 119.788 -0.994912 -0.100262 -0.994912 -0.100262 0.153935 0 0.399319 0 
1 1 0 0.0851212 0.0851212 119.788 -0.995664 -0.0926379 -0.995664 -0.0926379 0.152139 0 0.397312 0 
1 1 0 0.078646 0.078646 119.788 -0.996351 -0.0850479 -0.996351 -0.0850479 0.150419 0 0.39525 0 
1 1 0 0.0721228 0.0721228 119.788 -0.996975 -0.0774938 -0.996975 -0.0774938 0.148773 0 0.393135 0 
1 1 0 0.0655511 0.0655511 119.788 -0.997537 -0.0699768 -0.997537 -0.0699768 0.147198 0 0.390969 0 
1 1 0 0.0589308 0.0589308 119.788 -0.998038 -0.0624982 -0.998038 -0.0624982 0.145693 0 0.388753 0 
1 1 0 0.0522615 0.0522615 119.788 -0.998479 -0.0550595 -0.998479 -0.0550595 0.144254 0 0.386489 0 
1 1 0 0.0455431 0.0455431 119.788 -0.998861 -0.0476619 -0.998861 -0.0476619 0.142881 0 0.384178 0 
1 1 0 0.0387754 0.0387754 119.788 -0.999186 -0.0403067 -0.999186 -0.0403067 0.14157 0 0.381823 0 
1 1 0 0.0319581 0.0319581 119.788 -0.999455 -0.0329951 -0.999455 -0.0329951 0.140322 0 0.379424 0 
1 1 0 0.0250911 0.0250911 119.788 -0.999669 -0.0257283 -0.999669 -0.0257283 0.139133 0 0.376983 0 
1 1 0 0.0181743 0.0181743 119.788 -0.999829 -0.0185075 -0.999829 -0.0185075 0.138003 0 0.3745 0 
1 1 0 0.0112076 0.0112076 119.788 -0.999936 -0.0113339 -0.999936 -0.0113339 0.13693 0 0.371978 0 
1 1 0 0.00419092 0.00419092 119.788 -0.999991 -0.00420852 -0.999991 -0.00420852 0.135913 0 0.369418 0 
1 1 0 -0.00287574 -0.00287574 119.788 -0.999996 0.00286748 -0.999996 0.00286748 0.134951 0 0.36682 0 
2 2 0 0.500088 0.500088 119.788 -1.50337e-07 -1.50337e-07 -1.50337e-07 -1.50337e-07 0.134951 0 0.36682 0 
1 2 0 0.501088 0.501088 119.788 2.13847e-12 4.64399e-12 2.13847e-12 4.64399e-12 0.134951 0 0.36682 0 
2 2 0 0.502088 0.502088 97.2199 1.40172e-13 1.07965e-13 1.40172e-13 1.07965e-13 0.997912 0.0645836 0.997912 -0.0645836 
2 2 0 0.504088 0.504088 69.4843 -1.61364e-17 -1.54902e-17 -1.61364e-17 -1.54902e-17 0.995914 0.0903028 0.995914 -0.0903028 
2 2 0 0.508088 0.508088 49.4007 8.85482e-20 1.13768e-19 8.85482e-20 1.13768e-19 0.991923 0.126846 0.991923 -0.126846 
2 2 0 0.516088 0.516088 35.0274 6.72103e-25 -2.62364e-24 6.72103e-25 -2.62364e-24 0.983955 0.178419 0.983955 -0.178419 
2 2 0 0.526088 0.526088 27.5069 -2.25491e-26 -9.2443e-27 -2.25491e-26 -9.2443e-27 0.974025 0.226441 0.974025 -0.226441 
2 2 0 0.536088 0.536088 23.3873 1.28443e-30 1.18322e-30 1.28443e-30 1.18322e-30 0.964128 0.265437 0.964128 -0.265437 
2 2 0 0.546088 0.546088 20.6952 -3.07293e-33 -4.8094e-33 -3.07293e-33 -4.8094e-33 0.954265 0.298964 0.954265 -0.298964 
2 2 0 0.556088 0.556088 18.7598 -4.48246e-38 9.32756e-38 -4.48246e-38 9.32756e-38 0.944434 0.328701 0.944434 -0.328701 
2 2 0 0.566088 0.566088 17.2823 5.95015e-40 1.488e-40 5.95015e-40 1.488e-40 0.934636 0.355605 0.934636 -0.355605 
2 2 0 0.576088 0.576088 16.1067 -2.76616e-44 -2.49561e-44 -2.76616e-44 -2.49561e-44 0.924872 0.38028 0.924872 -0.38028 
2 2 0 0.586088 0.586088 15.1423 5.41463e-47 9.77466e-47 5.41463e-47 9.77466e-47 0.91514 0.403137 0.91514 -0.403137 
2 2 0 0.596088 0.596088 14.3327 1.17123e-51 -1.98336e-51 1.17123e-51 -1.98336e-51 0.905441 0.424473 0.905441 -0.424473 
2 2 0 0.606088 0.606088 13.6405 -1.08312e-53 -1.62509e-54 -1.08312e-53 -1.62509e-54 0.895774 0.44451 0.895774 -0.44451 
2 2 0 0.616088 0.616088 13.0398 4.45233e-58 3.96733e-58 4.45233e-58 3.96733e-58 0.88614 0.463417 0.88614 -0.463417 
2 2 0 0.626088 0.626088 12.512 -7.52843e-61 -1.53283e-60 -7.52843e-61 -1.53283e-60 0.876539 0.481331 0.876539 -0.481331 
2 2 0 0.636088 0.636088 12.0435 -2.14386e-65 3.24086e-65 -2.14386e-65 3.24086e-65 0.86697 0.49836 0.86697 -0.49836 
2 2 0 0.646088 0.646088 11.624 1.60088e-67 1.24125e-68 1.60088e-67 1.24125e-68 0.857434 0.514594 0.857434 -0.514594 
2 2 0 0.656088 0.656088 11.2455 -6.038e-72 -5.34091e-72 -6.038e-72 -5.34091e-72 0.84793 0.530108 0.84793 -0.530108 
2 2 0 0.666088 0.666088 10.9017 9.06047e-75 2.05521e-74 9.06047e-75 2.05521e-74 0.838459 0.544965 0.838459 -0.544965 
2 2 0 0.676088 0.676088 10.5876 3.21954e-79 -4.51365e-79 3.21954e-79 -4.51365e-79 0.829019 0.55922 0.829019 -0.55922 
2 2 0 0.686088 0.686088 10.2992 -2.0752e-81 -4.35003e-83 -2.0752e-81 -4.35003e-83 0.819612 0.572919 0.819612 -0.572919 
2 2 0 0.696088 0.696088 10.0332 7.33468e-86 6.46335e-86 7.33468e-86 6.46335e-86 0.810237 0.586103 0.810237 -0.586103 
2 2 0 0.706088 0.706088 9.78674 -9.92145e-89 -2.48833e-88 -9.92145e-89 -2.48833e-88 0.800894 0.598807 0.800894 -0.598807 
2 2 0 0.716088 0.716088 9.55761 -4.26816e-93 5.6623e-93 -4.26816e-93 5.6623e-93 0.791583 0.611062 0.791583 -0.611062 
2 2 0 0.726088 0.726088 9.34385 2.46499e-95 -6.21587e-97 2.46499e-95 -6.21587e-97 0.782304 0.622897 0.782304 -0.622897 
2 2 0 0.736088 0.736088 9.14382 -8.27523e-100 -7.2844e-100 -8.27523e-100 -7.2844e-100 0.773056 0.634338 0.773056 -0.634338 
2 2 0 0.746088 0.746088 8.95611 1.01898e-102 2.81194e-102 1.01898e-102 2.81194e-102 0.763841 0.645405 0.763841 -0.645405 
2 2 0 0.756088 0.756088 8.7795 5.20631e-107 -6.61607e-107 5.20631e-107 -6.61607e-107 0.754657 0.65612 0.754657 -0.65612 
2 2 0 0.766088 0.766088 8.61295 -2.75811e-109 1.76739e-110 -2.75811e-109 1.76739e-110 0.745505 0.6665 0.745505 -0.6665 
2 2 0 0.776088 0.776088 8.45553 8.87648e-114 7.82246e-114 8.87648e-114 7.82246e-114 0.736384 0.676564 0.736384 -0.676564 
2 2 0 0.786088 0.786088 8.30644 -1.00132e-116 -3.03077e-116 -1.00132e-116 -3.03077e-116 0.727295 0.686325 0.727295 -0.686325 
2 2 0 0.796088 0.796088 8.16496 -5.99781e-121 7.36022e-121 -5.99781e-121 7.36022e-121 0.718238 0.695798 0.718238 -0.695798 
2 2 0 0.806088 0.806088 8.03048 2.96144e-123 -2.88798e-124 2.96144e-123 -2.88798e-124 0.709211 0.704996 0.709211 -0.704996 
2 2 0 0.816088 0.816088 7.90243 -9.19813e-128 -8.12991e-128 -9.19813e-128 -8.12991e-128 0.700217 0.713931 0.700217 -0.713931 
2 2 0 0.826088 0.826088 7.78031 9.5443e-131 3.16256e-130 9.5443e-131 3.16256e-130 0.691253 0.722613 0.691253 -0.722613 
2 2 0 0.836088 0.836088 7.66369 6.64142e-135 -7.91519e-135 6.64142e-135 -7.91519e-135 0.682321 0.731053 0.682321 -0.731053 
2 2 0 0.846088 0.846088 7.55216 -3.09142e-137 3.91938e-138 -3.09142e-137 3.91938e-138 0.67342 0.739261 0.67342 -0.739261 
2 2 0 0.856088 0.856088 7.44536 9.31304e-142 8.2688e-142 9.31304e-142 8.2688e-142 0.664549 0.747244 0.664549 -0.747244 
2 2 0 0.866088 0.866088 7.34297 -8.91088e-145 -3.22938e-144 -8.91088e-145 -3.22938e-144 0.65571 0.755013 0.65571 -0.755013 
2 2 0 0.876088 0.876088 7.24469 -7.15683e-149 8.31862e-149 -7.15683e-149 8.31862e-149 0.646902 0.762573 0.646902 -0.762573 
2 2 0 0.886088 0.886088 7.15025 3.16736e-151 -4.83763e-152 3.16736e-151 -4.83763e-152 0.638125 0.769933 0.638125 -0.769933 
2 2 0 0.896088 0.896088 7.05942 -9.29049e-156 -8.29751e-156 -9.29049e-156 -8.29751e-156 0.629378 0.777099 0.629378 -0.777099 
2 2 0 0.906088 0.906088 6.97195 8.20713e-159 3.25261e-158 8.20713e-159 3.25261e-158 0.620663 0.784078 0.620663 -0.784078 
2 2 0 0.916088 0.916088 6.88767 7.57362e-163 -8.61317e-163 7.57362e-163 -8.61317e-163 0.611978 0.790875 0.611978 -0.790875 
2 2 0 0.926088 0.926088 6.80636 -3.20772e-165 5.64552e-166 -3.20772e-165 5.64552e-166 0.603324 0.797497 0.603324 -0.797497 
2 2 0 0.936088 0.936088 6.72787 9.18876e-170 8.26513e-170 9.18876e-170 8.26513e-170 0.5947 0.803948 0.5947 -0.803948 
2 2 0 0.946088 0.946088 6.65203 -7.49618e-173 -3.25062e-172 -7.49618e-173 -3.25062e-172 0.586107 0.810234 0.586107 -0.810234 
2 2 0 0.956088 0.956088 6.5787 -7.92415e-177 8.83981e-177 -7.92415e-177 8.83981e-177 0.577544 0.81636 0.577544 -0.81636 
2 2 0 0.966088 0.966088 6.50775 3.22847e-179 -6.36134e-180 3.22847e-179 -6.36134e-180 0.569012 0.82233 0.569012 -0.82233 
2 2 0 0.976088 0.976088 6.43904 -9.05367e-184 -8.21051e-184 -9.05367e-184 -8.21051e-184 0.560509 0.828148 0.560509 -0.828148 
2 2 0 0.986088 0.986088 6.37246 6.81654e-187 3.23826e-186 6.81654e-187 3.23826e-186 0.552038 0.833819 0.552038 -0.833819 
2 2 0 0.996088 0.996088 6.30791 8.2398e-191 -9.03494e-191 8.2398e-191 -9.03494e-191 0.543596 0.839347 0.543596 -0.839347 
2 2 0 1.00609 1.00609 6.24528 -3.24269e-193 7.01112e-194 -3.24269e-193 7.01112e-194 0.535185 0.844735 0.535185 -0.844735 
2 2 0 0.500088 0.500088 6.24528 -1.50337e-07 -1.50337e-07 -1.50337e-07 -1.50337e-07 0.535185 0.844735 0.535185 -0.844735 
2 2 0 0.499088 0.499088 6.24528 -2.3956e-12 -3.89008e-12 -2.3956e-12 -3.89008e-12 0.535185 0.844735 0.535185 -0.844735 
2 2 0 0.498088 0.498088 6.24528 9.57114e-14 6.3767e-14 9.57114e-14 6.3767e-14 1.06378 0 0.940041 0 
2 2 0 0.496088 0.496088 6.24528 -8.77313e-18 -9.42046e-18 -8.77313e-18 -9.42046e-18 1.09248 0 0.91535 0 
2 2 0 0.492088 0.492088 6.24528 -1.07191e-19 -9.14926e-20 -1.07191e-19 -9.14926e-20 1.13404 0 0.8818 0 
2 2 0 0.484088 0.484088 6.24528 -1.54219e-25 -1.88683e-24 -1.54219e-25 -1.88683e-24 1.19529 0 0.836616 0 
2 2 0 0.474088 0.474088 6.24528 1.48644e-26 3.09039e-27 1.48644e-26 3.09039e-27 1.25564 0 0.796405 0 
2 2 0 0.464088 0.464088 6.24528 -5.03963e-31 -6.00353e-31 -5.03963e-31 -6.00353e-31 1.30735 0 0.764909 0 
2 2 0 0.454088 0.454088 6.24528 -3.31891e-33 -2.50351e-33 -3.31891e-33 -2.50351e-33 1.35395 0 0.738582 0 
2 2 0 0.444088 0.444088 6.24528 4.79856e-39 -4.37257e-38 4.79856e-39 -4.37257e-38 1.3971 0 0.715768 0 
2 2 0 0.434088 0.434088 6.24528 2.60641e-40 7.89985e-42 2.60641e-40 7.89985e-42 1.43774 0 0.695535 0 
2 2 0 0.424088 0.424088 6.24528 -5.86974e-45 -7.54337e-45 -5.86974e-45 -7.54337e-45 1.47646 0 0.677297 0 
2 2 0 0.414088 0.414088 6.24528 -3.6015e-47 -2.4894e-47 -3.6015e-47 -2.4894e-47 1.51364 0 0.66066 0 
2 2 0 0.404088 0.404088 6.24528 8.99189e-53 -4.47167e-52 8.99189e-53 -4.47167e-52 1.54957 0 0.645341 0 
2 2 0 0.394088 0.394088 6.24528 2.23478e-54 -1.65548e-55 2.23478e-54 -1.65548e-55 1.58446 0 0.631131 0 
2 2 0 0.384088 0.384088 6.24528 -3.71547e-59 -5.10351e-59 -3.71547e-59 -5.10351e-59 1.61847 0 0.617868 0 
2 2 0 0.374088 0.374088 6.24528 -2.16991e-61 -1.39577e-61 -2.16991e-61 -1.39577e-61 1.65172 0 0.605428 0 
2 2 0 0.364088 0.364088 6.24528 6.52499e-67 -2.53242e-66 6.52499e-67 -2.53242e-66 1.68433 0 0.593709 0 
2 2 0 0.354088 0.354088 6.24528 1.10097e-68 -1.61582e-69 1.10097e-68 -1.61582e-69 1.71636 0 0.582628 0 
2 2 0 0.344088 0.344088 6.24528 -1.41664e-73 -2.06997e-73 -1.41664e-73 -2.06997e-73 1.74789 0 0.572117 0 
2 2 0 0.334088 0.334088 6.24528 -7.92512e-76 -4.78649e-76 -7.92512e-76 -4.78649e-76 1.77898 0 0.562119 0 
2 2 0 0.324088 0.324088 6.24528 2.57063e-81 -8.64668e-81 2.57063e-81 -8.64668e-81 1.80967 0 0.552586 0 
2 2 0 0.314088 0.314088 6.24528 3.322e-83 -6.70531e-84 3.322e-83 -6.70531e-84 1.84001 0 0.543474 0 
2 2 0 0.304088 0.304088 6.24528 -3.38992e-88 -5.2537e-88 -3.38992e-88 -5.2537e-88 1.87004 0 0.534749 0 
2 2 0 0.294088 0.294088 6.24528 -1.81545e-90 -1.03564e-90 -1.81545e-90 -1.03564e-90 1.89977 0 0.526379 0 
2 2 0 0.284088 0.284088 6.24528 6.01472e-96 -1.83788e-95 6.01472e-96 -1.83788e-95 1.92925 0 0.518336 0 
2 2 0 0.274088 0.274088 6.24528 6.27266e-98 -1.54178e-98 6.27266e-98 -1.54178e-98 1.9585 0 0.510595 0 
2 2 0 0.264088 0.264088 6.24528 -5.13792e-103 -8.42812e-103 -5.13792e-103 -8.42812e-103 1.98753 0 0.503136 0 
2 2 0 0.254088 0.254088 6.24528 -2.61962e-105 -1.41749e-105 -2.61962e-105 -1.41749e-105 2.01637 0 0.49594 0 
2 2 0 0.244088 0.244088 6.24528 8.55521e-111 -2.43608e-110 8.55521e-111 -2.43608e-110 2.04504 0 0.488988 0 
2 2 0 0.234088 0.234088 6.24528 7.37096e-113 -2.07936e-113 7.37096e-113 -2.07936e-113 2.07355 0 0.482265 0 
2 2 0 0.224088 0.224088 6.24528 -4.86223e-118 -8.42781e-118 -4.86223e-118 -8.42781e-118 2.10191 0 0.475757 0 
2 2 0 0.214088 0.214088 6.24528 -2.33553e-120 -1.2026e-120 -2.33553e-120 -1.2026e-120 2.13014 0 0.469452 0 
2 2 0 0.204088 0.204088 6.24528 7.30254e-126 -1.96765e-125 7.30254e-126 -1.96765e-125 2.15826 0 0.463337 0 
2 2 0 0.194088 0.194088 6.24528 5.2306e-128 -1.63645e-128 5.2306e-128 -1.63645e-128 2.18626 0 0.457403 0 
2 2 0 0.184088 0.184088 6.24528 -2.76473e-133 -5.05586e-133 -2.76473e-133 -5.05586e-133 2.21416 0 0.451639 0 
2 2 0 0.174088 0.174088 6.24528 -1.22988e-135 -6.04154e-136 -1.22988e-135 -6.04154e-136 2.24197 0 0.446036 0 
2 2 0 0.164088 0.164088 6.24528 3.573e-141 -9.1995e-141 3.573e-141 -9.1995e-141 2.2697 0 0.440587 0 
2 2 0 0.154088 0.154088 6.24528 2.10987e-143 -7.16147e-144 2.10987e-143 -7.16147e-144 2.29736 0 0.435283 0 
2 2 0 0.144088 0.144088 6.24528 -8.79629e-149 -1.69436e-148 -8.79629e-149 -1.69436e-148 2.32494 0 0.430118 0 
2 2 0 0.134088 0.134088 6.24528 -3.52341e-151 -1.65453e-151 -3.52341e-151 -1.65453e-151 2.35247 0 0.425085 0 
2 2 0 0.124088 0.124088 6.24528 9.15144e-157 -2.26603e-156 9.15144e-157 -2.26603e-156 2.37995 0 0.420178 0 
2 2 0 0.114088 0.114088 6.24528 4.335e-159 -1.57239e-159 4.335e-159 -1.57239e-159 2.40737 0 0.415391 0 
2 2 0 0.104088 0.104088 6.24528 -1.37719e-164 -2.78905e-164 -1.37719e-164 -2.78905e-164 2.43475 0 0.41072 0 
2 2 0 0.0940884 0.0940884 6.24528 -4.72293e-167 -2.12356e-167 -4.72293e-167 -2.12356e-167 2.46209 0 0.406158 0 
2 2 0 0.0840884 0.0840884 6.24528 1.02966e-172 -2.46215e-172 1.02966e-172 -2.46215e-172 2.4894 0 0.401703 0 
2 2 0 0.0740884 0.0740884 6.24528 3.66666e-175 -1.40577e-175 3.66666e-175 -1.40577e-175 2.51669 0 0.397348 0 
2 2 0 0.0640884 0.0640884 6.24528 -8.19217e-181 -1.74018e-180 -8.19217e-181 -1.74018e-180 2.54394 0 0.393091 0 
2 2 0 0.0540884 0.0540884 6.24528 -2.14964e-183 -9.26733e-184 -2.14964e-183 -9.26733e-184 2.57118 0 0.388927 0 
2 2 0 0.0440884 0.0440884 6.24528 3.39598e-189 -7.86085e-189 3.39598e-189 -7.86085e-189 2.5984 0 0.384853 0 
2 2 0 0.0340884 0.0340884 6.24528 7.48026e-192 -3.00652e-192 7.48026e-192 -3.00652e-192 2.6256 0 0.380865 0 
2 2 0 0.0240884 0.0240884 6.24528 -8.82926e-198 -1.9606e-197 -8.82926e-198 -1.9606e-197 2.6528 0 0.376961 0 
2 2 0 0.0140884 0.0140884 6.24528 -1.07526e-200 -4.44983e-201 -1.07526e-200 -4.44983e-201 2.67998 0 0.373137 0 
2 2 0 0.00408837 0.00408837 6.24528 3.58267e-207 -8.0302e-207 3.58267e-207 -8.0302e-207 2.70717 0 0.36939 0 
2 2 0 -0.00591163 -0.00591163 6.24528 -6.33488e-210 2.65233e-210 -6.33488e-210 2.65233e-210 2.73435 0 0.365717 0 
