2 1 0 0 0 0 0 0 0 0 1.3465 0 0.0171079 0 
2 1 0 0.001 0.001 0 0 0 0 0 2.71015 0 0.368984 0 
2 1 0 0.002 0.002 0 0 0 0 0 2.70205 0 0.370089 0 
2 1 0 0.004 0.004 0 0 0 0 0 2.68599 0 0.372303 0 
2 1 0 0.008 0.008 0 0 0 0 0 2.65433 0 0.376743 0 
2 1 0 0.013 0.013 0 0 0 0 0 2.61564 0 0.382318 0 
2 1 0 0.018 0.018 0 0 0 0 0 2.57789 0 0.387918 0 
2 1 0 0.023 0.023 0 0 0 0 0 2.54107 0 0.393544 0 
2 1 0 0.028 0.028 0 0 0 0 0 2.50516 0 0.399194 0 
2 1 0 0.033 0.033 0 0 0 0 0 2.47012 0 0.404868 0 
2 1 0 0.038 0.038 0 0 0 0 0 2.43594 0 0.410564 0 
2 1 0 0.043 0.043 0 0 0 0 0 2.40259 0 0.416284 0 
2 1 0 0.048 0.048 0 0 0 0 0 2.37005 0 0.422025 0 
2 1 0 0.053 0.053 0 0 0 0 0 2.33831 0 0.427787 0 
2 1 0 0.058 0.058 0 0 0 0 0 2.30733 0 0.43357 0 
2 1 0 0.063 0.063 0 0 0 0 0 2.27711 0 0.439373 0 
2 1 0 0.068 0.068 0 0 0 0 0 2.24762 0 0.445195 0 
2 1 0 0.073 0.073 0 0 0 0 0 2.21885 0 0.451036 0 
2 1 0 0.078 0.078 0 0 0 0 0 2.19077 0 0.456895 0 
2 1 0 0.083 0.083 0 0 0 0 0 2.16337 0 0.462771 0 
2 1 0 0.088 0.088 0 0 0 0 0 2.13663 0 0.468664 0 
2 1 0 0.093 0.093 0 0 0 0 0 2.11055 0 0.474574 0 
2 1 0 0.098 0.098 0 0 0 0 0 2.08509 0 0.4805 0 
2 1 0 0.103 0.103 0 0 0 0 0 2.06025 0 0.48644 0 
2 1 0 0.108 0.108 0 0 0 0 0 2.03601 0 0.492396 0 
2 1 0 0.113 0.113 0 0 0 0 0 2.01235 0 0.498366 0 
2 1 0 0.118 0.118 0 0 0 0 0 1.98927 0 0.50435 0 
2 1 0 0.123 0.123 0 0 0 0 0 1.96675 0 0.510348 0 
2 1 0 0.128 0.128 0 0 0 0 0 1.94478 0 0.516358 0 
2 1 0 0.133 0.133 0 0 0 0 0 1.92334 0 0.522381 0 
2 1 0 0.138 0.138 0 0 0 0 0 1.90242 0 0.528417 0 
2 1 0 0.143 0.143 0 0 0 0 0 1.88201 0 0.534464 0 
2 1 0 0.148 0.148 0 0 0 0 0 1.8621 0 0.540522 0 
2 1 0 0.153 0.153 0 0 0 0 0 1.84267 0 0.546592 0 
2 1 0 0.158 0.158 0 0 0 0 0 1.82372 0 0.552672 0 
2 1 0 0.163 0.163 0 0 0 0 0 1.80524 0 0.558763 0 
2 1 0 0.168 0.168 0 0 0 0 0 1.7872 0 0.564865 0 
2 1 0 0.173 0.173 0 0 0 0 0 1.76962 0 0.570976 0 
2 1 0 0.178 0.178 0 0 0 0 0 1.75246 0 0.577098 0 
2 1 0 0.183 0.183 0 0 0 0 0 1.73574 0 0.583229 0 
2 1 0 0.188 0.188 0 0 0 0 0 1.71943 0 0.58937 0 
2 1 0 0.193 0.193 0 0 0 0 0 1.70352 0 0.59552 0 
2 1 0 0.198 0.198 0 0 0 0 0 1.68802 0 0.60168 0 
2 1 0 0.203 0.203 0 0 0 0 0 1.6729 0 0.60785 0 
2 1 0 0.208 0.208 0 0 0 0 0 1.65816 0 0.614029 0 
2 1 0 0.213 0.213 0 0 0 0 0 1.6438 0 0.620218 0 
2 1 0 0.218 0.218 0 0 0 0 0 1.6298 0 0.626417 0 
2 1 0 0.223 0.223 0 0 0 0 0 1.61616 0 0.632625 0 
2 1 0 0.228 0.228 0 0 0 0 0 1.60288 0 0.638844 0 
2 1 0 0.233 0.233 0 0 0 0 0 1.58993 0 0.645074 0 
2 1 0 0.238 0.238 0 0 0 0 0 1.57732 0 0.651314 0 
2 1 0 0.243 0.243 0 0 0 0 0 1.56504 0 0.657565 0 
2 1 0 0.248 0.248 0 0 0 0 0 1.55308 0 0.663828 0 
2 1 0 0.253 0.253 0 0 0 0 0 1.54143 0 0.670103 0 
2 1 0 0.258 0.258 0 0 0 0 0 1.5301 0 0.676391 0 
2 1 0 0.263 0.263 0 0 0 0 0 1.51906 0 0.682693 0 
2 1 0 0.268 0.268 0 0 0 0 0 1.50832 0 0.689008 0 
2 1 0 0.273 0.273 0 0 0 0 0 1.49788 0 0.69534 0 
2 1 0 0.278 0.278 0 0 0 0 0 1.48771 0 0.701687 0 
2 1 0 0.283 0.283 0 0 0 0 0 1.47782 0 0.708051 0 
2 1 0 0.288 0.288 0 0 0 0 0 1.46821 0 0.714434 0 
2 1 0 0.293 0.293 0 0 0 0 0 1.45885 0 0.720836 0 
2 1 0 0.298 0.298 0 0 0 0 0 1.44976 0 0.72726 0 
2 1 0 0.303 0.303 0 0 0 0 0 1.44092 0 0.733707 0 
2 1 0 0.308 0.308 0 0 0 0 0 1.43233 0 0.740178 0 
2 1 0 0.313 0.313 0 0 0 0 0 1.42398 0 0.746675 0 
2 1 0 0.318 0.318 0 0 0 0 0 1.41586 0 0.753201 0 
2 1 0 0.323 0.323 0 0 0 0 0 1.40797 0 0.759758 0 
2 1 0 0.328 0.328 0 0 0 0 0 1.40031 0 0.766349 0 
2 1 0 0.333 0.333 0 0 0 0 0 1.39286 0 0.772975 0 
2 1 0 0.338 0.338 0 0 0 0 0 1.38562 0 0.779641 0 
2 1 0 0.343 0.343 0 0 0 0 0 1.37859 0 0.786349 0 
2 1 0 0.348 0.348 0 0 0 0 0 1.37175 0 0.793104 0 
2 1 0 0.353 0.353 0 0 0 0 0 1.3651 0 0.799909 0 
2 1 0 0.358 0.358 0 0 0 0 0 1.35864 0 0.806769 0 
2 1 0 0.363 0.363 0 0 0 0 0 1.35235 0 0.813688 0 
2 1 0 0.368 0.368 0 0 0 0 0 1.34622 0 0.820672 0 
2 1 0 0.373 0.373 0 0 0 0 0 1.34026 0 0.827727 0 
2 1 0 0.378 0.378 0 0 0 0 0 1.33444 0 0.834859 0 
2 1 0 0.383 0.383 0 0 0 0 0 1.32876 0 0.842076 0 
2 1 0 0.388 0.388 0 0 0 0 0 1.32322 0 0.849385 0 
2 1 0 0.393 0.393 0 0 0 0 0 1.31779 0 0.856796 0 
2 1 0 0.398 0.398 0 0 0 0 0 1.31246 0 0.864318 0 
2 1 0 0.403 0.403 0 0 0 0 0 1.30723 0 0.871963 0 
2 1 0 0.408 0.408 0 0 0 0 0 1.30208 0 0.879743 0 
2 1 0 0.413 0.413 0 0 0 0 0 1.29699 0 0.887672 0 
2 1 0 0.418 0.418 0 0 0 0 0 1.29194 0 0.895767 0 
2 1 0 0.423 0.423 0 0 0 0 0 1.28692 0 0.904047 0 
2 1 0 0.428 0.428 0 0 0 0 0 1.28189 0 0.912532 0 
2 1 0 0.433 0.433 0 0 0 0 0 1.27684 0 0.921249 0 
2 1 0 0.438 0.438 0 0 0 0 0 1.27174 0 0.930226 0 
2 1 0 0.443 0.443 0 0 0 0 0 1.26654 0 0.939499 0 
2 1 0 0.448 0.448 0 0 0 0 0 1.2612 0 0.949111 0 
2 1 0 0.453 0.453 0 0 0 0 0 1.25566 0 0.959114 0 
2 1 0 0.458 0.458 0 0 0 0 0 1.24987 0 0.969575 0 
2 1 0 0.463 0.463 0 0 0 0 0 1.24373 0 0.98058 0 
2 1 0 0.468 0.468 0 0 0 0 0 1.23713 0 0.992243 0 
2 1 0 0.471148 0.471148 0 0 0 0 0 1.23267 0 0.999992 0 
2 1 0 0.476148 0.476148 0 0 0 0 0 1.22493 0 1.0131 0 
2 1 0 0.481148 0.481148 0 0 0 0 0 1.21612 0 1.02748 0 
2 1 0 0.486148 0.486148 0 0 0 0 0 1.2057 0 1.04366 0 
2 1 0 0.491148 0.491148 0 0 0 0 0 1.19259 0 1.06272 0 
2 1 0 0.496148 0.496148 0 0 0 0 0 1.17368 0 1.08776 0 
2 1 0 0.501148 0.501148 302.866 0 0 0 0 1.13388 0.0235267 1.13388 -0.0235267 
2 1 0 0.506148 0.506148 130.828 0 0 0 0 1.13714 0.0546547 1.13714 -0.0546547 
2 1 0 0.511148 0.511148 97.0985 0 0 0 0 1.14048 0.0739033 1.14048 -0.0739033 
2 1 0 0.516148 0.516148 80.6038 0 0 0 0 1.14392 0.0893517 1.14392 -0.0893517 
2 1 0 0.521148 0.521148 70.3463 0 0 0 0 1.14746 0.102762 1.14746 -0.102762 
2 1 0 0.526148 0.526148 63.1649 0 0 0 0 1.15108 0.11488 1.15108 -0.11488 
2 1 0 0.531148 0.531148 57.764 0 0 0 0 1.15479 0.126108 1.15479 -0.126108 
2 1 0 0.536148 0.536148 53.5017 0 0 0 0 1.15859 0.136693 1.15859 -0.136693 
2 1 0 0.541148 0.541148 50.0189 0 0 0 0 1.16248 0.1468 1.16248 -0.1468 
2 1 0 0.546148 0.546148 47.0971 0 0 0 0 1.16647 0.156547 1.16647 -0.156547 
2 1 0 0.551148 0.551148 44.5947 0 0 0 0 1.17053 0.166023 1.17053 -0.166023 
2 1 0 0.556148 0.556148 42.4155 0 0 0 0 1.17469 0.175296 1.17469 -0.175296 
2 1 0 0.561148 0.561148 40.4915 0 0 0 0 1.17893 0.184421 1.17893 -0.184421 
2 1 0 0.566148 0.566148 38.7732 0 0 0 0 1.18326 0.193444 1.18326 -0.193444 
2 1 0 0.571148 0.571148 37.2236 0 0 0 0 1.18768 0.202401 1.18768 -0.202401 
2 1 0 0.576148 0.576148 35.8143 0 0 0 0 1.19218 0.211326 1.19218 -0.211326 
2 1 0 0.581148 0.581148 34.5234 0 0 0 0 1.19676 0.220245 1.19676 -0.220245 
2 1 0 0.586148 0.586148 33.3333 0 0 0 0 1.20143 0.229185 1.20143 -0.229185 
2 1 0 0.591148 0.591148 32.2302 0 0 0 0 1.20618 0.238166 1.20618 -0.238166 
2 1 0 0.596148 0.596148 31.2026 0 0 0 0 1.21101 0.247208 1.21101 -0.247208 
2 1 0 0.601148 0.601148 30.2412 0 0 0 0 1.21592 0.25633 1.21592 -0.25633 
2 1 0 0.606148 0.606148 29.3382 0 0 0 0 1.22091 0.265548 1.22091 -0.265548 
2 1 0 0.611148 0.611148 28.4871 0 0 0 0 1.22598 0.274877 1.22598 -0.274877 
2 1 0 0.616148 0.616148 27.6826 0 0 0 0 1.23113 0.284332 1.23113 -0.284332 
2 1 0 0.621148 0.621148 26.9198 0 0 0 0 1.23635 0.293926 1.23635 -0.293926 
2 1 0 0.626148 0.626148 26.1949 0 0 0 0 1.24165 0.303672 1.24165 -0.303672 
2 1 0 0.631148 0.631148 25.5044 0 0 0 0 1.24702 0.313582 1.24702 -0.313582 
2 1 0 0.636148 0.636148 24.8453 0 0 0 0 1.25247 0.323668 1.25247 -0.323668 
2 1 0 0.641148 0.641148 24.2151 0 0 0 0 1.25798 0.333942 1.25798 -0.333942 
2 1 0 0.646148 0.646148 23.6114 0 0 0 0 1.26357 0.344413 1.26357 -0.344413 
2 1 0 0.651148 0.651148 23.0323 0 0 0 0 1.26922 0.355094 1.26922 -0.355094 
2 1 0 0.656148 0.656148 22.476 0 0 0 0 1.27494 0.365993 1.27494 -0.365993 
2 1 0 0.661148 0.661148 21.941 0 0 0 0 1.28072 0.377122 1.28072 -0.377122 
2 1 0 0.666148 0.666148 21.4258 0 0 0 0 1.28656 0.38849 1.28656 -0.38849 
2 1 0 0.671148 0.671148 20.9291 0 0 0 0 1.29247 0.400108 1.29247 -0.400108 
2 1 0 0.676148 0.676148 20.45 0 0 0 0 1.29843 0.411984 1.29843 -0.411984 
2 1 0 0.681148 0.681148 19.9872 0 0 0 0 1.30445 0.42413 1.30445 -0.42413 
2 1 0 0.686148 0.686148 19.54 0 0 0 0 1.31052 0.436554 1.31052 -0.436554 
2 1 0 0.691148 0.691148 19.1075 0 0 0 0 1.31664 0.449266 1.31664 -0.449266 
2 1 0 0.696148 0.696148 18.6888 0 0 0 0 1.32281 0.462277 1.32281 -0.462277 
2 1 0 0.701148 0.701148 18.2834 0 0 0 0 1.32902 0.475595 1.32902 -0.475595 
2 1 0 0.706148 0.706148 17.8906 0 0 0 0 1.33527 0.489231 1.33527 -0.489231 
2 1 0 0.711148 0.711148 17.5097 0 0 0 0 1.34156 0.503194 1.34156 -0.503194 
2 1 0 0.716148 0.716148 17.1402 0 0 0 0 1.34789 0.517494 1.34789 -0.517494 
2 1 0 0.721148 0.721148 16.7816 0 0 0 0 1.35424 0.532141 1.35424 -0.532141 
2 1 0 0.726148 0.726148 16.4335 0 0 0 0 1.36063 0.547146 1.36063 -0.547146 
2 1 0 0.731148 0.731148 16.0954 0 0 0 0 1.36703 0.562519 1.36703 -0.562519 
2 1 0 0.736148 0.736148 15.7669 0 0 0 0 1.37346 0.578269 1.37346 -0.578269 
2 1 0 0.741148 0.741148 15.4476 0 0 0 0 1.37989 0.594408 1.37989 -0.594408 
2 1 0 0.746148 0.746148 15.1371 0 0 0 0 1.38634 0.610946 1.38634 -0.610946 
2 1 0 0.751148 0.751148 14.8351 0 0 0 0 1.39279 0.627894 1.39279 -0.627894 
2 1 0 0.756148 0.756148 14.5413 0 0 0 0 1.39923 0.645263 1.39923 -0.645263 
2 1 0 0.761148 0.761148 14.2554 0 0 0 0 1.40567 0.663064 1.40567 -0.663064 
2 1 0 0.766148 0.766148 13.9771 0 0 0 0 1.4121 0.681308 1.4121 -0.681308 
2 1 0 0.771148 0.771148 13.7062 0 0 0 0 1.4185 0.700008 1.4185 -0.700008 
2 1 0 0.776148 0.776148 13.4422 0 0 0 0 1.42488 0.719174 1.42488 -0.719174 
2 1 0 0.781148 0.781148 13.1852 0 0 0 0 1.43122 0.738818 1.43122 -0.738818 
2 1 0 0.786148 0.786148 12.9347 0 0 0 0 1.43753 0.758954 1.43753 -0.758954 
2 1 0 0.791148 0.791148 12.6906 0 0 0 0 1.44378 0.779592 1.44378 -0.779592 
2 1 0 0.796148 0.796148 12.4526 0 0 0 0 1.44997 0.800746 1.44997 -0.800746 
2 1 0 0.801148 0.801148 12.2206 0 0 0 0 1.4561 0.822429 1.4561 -0.822429 
2 1 0 0.806148 0.806148 11.9944 0 0 0 0 1.46216 0.844654 1.46216 -0.844654 
2 1 0 0.811148 0.811148 11.7737 0 0 0 0 1.46812 0.867434 1.46812 -0.867434 
2 1 0 0.816148 0.816148 11.5585 0 0 0 0 1.474 0.890782 1.474 -0.890782 
2 1 0 0.821148 0.821148 11.3485 0 0 0 0 1.47976 0.914712 1.47976 -0.914712 
2 1 0 0.826148 0.826148 11.1436 0 0 0 0 1.48541 0.939239 1.48541 -0.939239 
2 1 0 0.831148 0.831148 10.9436 0 0 0 0 1.49093 0.964377 1.49093 -0.964377 
2 1 0 0.836148 0.836148 10.7484 0 0 0 0 1.49631 0.99014 1.49631 -0.99014 
2 1 0 0.841148 0.841148 10.5578 0 0 0 0 1.50154 1.01654 1.50154 -1.01654 
2 1 0 0.846148 0.846148 10.3717 0 0 0 0 1.5066 1.0436 1.5066 -1.0436 
2 1 0 0.851148 0.851148 10.1899 0 0 0 0 1.51147 1.07133 1.51147 -1.07133 
2 1 0 0.856148 0.856148 10.0124 0 0 0 0 1.51615 1.09975 1.51615 -1.09975 
2 1 0 0.861148 0.861148 9.83899 0 0 0 0 1.52062 1.12886 1.52062 -1.12886 
2 1 0 0.866148 0.866148 9.66956 0 0 0 0 1.52486 1.1587 1.52486 -1.1587 
2 1 0 0.871148 0.871148 9.50401 0 0 0 0 1.52885 1.18927 1.52885 -1.18927 
2 1 0 0.876148 0.876148 9.34221 0 0 0 0 1.53258 1.22059 1.53258 -1.22059 
2 1 0 0.881148 0.881148 9.18407 0 0 0 0 1.53603 1.25268 1.53603 -1.25268 
2 1 0 0.886148 0.886148 9.02947 0 0 0 0 1.53918 1.28556 1.53918 -1.28556 
2 1 0 0.891148 0.891148 8.87833 0 0 0 0 1.542 1.31923 1.542 -1.31923 
2 1 0 0.896148 0.896148 8.73055 0 0 0 0 1.54447 1.35373 1.54447 -1.35373 
2 1 0 0.901148 0.901148 8.58603 0 0 0 0 1.54658 1.38906 1.54658 -1.38906 
2 1 0 0.906148 0.906148 8.44468 0 0 0 0 1.5483 1.42525 1.5483 -1.42525 
2 1 0 0.911148 0.911148 8.30642 0 0 0 0 1.54961 1.46232 1.54961 -1.46232 
2 1 0 0.916148 0.916148 8.17116 0 0 0 0 1.55047 1.50028 1.55047 -1.50028 
2 1 0 0.921148 0.921148 8.03882 0 0 0 0 1.55086 1.53914 1.55086 -1.53914 
2 1 0 0.926148 0.926148 7.90932 0 0 0 0 1.55076 1.57894 1.55076 -1.57894 
2 1 0 0.931148 0.931148 7.78259 0 0 0 0 1.55013 1.61968 1.55013 -1.61968 
2 1 0 0.936148 0.936148 7.65855 0 0 0 0 1.54894 1.6614 1.54894 -1.6614 
2 1 0 0.941148 0.941148 7.53714 0 0 0 0 1.54716 1.70409 1.54716 -1.70409 
2 1 0 0.946148 0.946148 7.41828 0 0 0 0 1.54476 1.7478 1.54476 -1.7478 
2 1 0 0.951148 0.951148 7.3019 0 0 0 0 1.54169 1.79252 1.54169 -1.79252 
2 1 0 0.956148 0.956148 7.18795 0 0 0 0 1.53793 1.8383 1.53793 -1.8383 
2 1 0 0.961148 0.961148 7.07635 0 0 0 0 1.53344 1.88513 1.53344 -1.88513 
2 1 0 0.966148 0.966148 6.96706 0 0 0 0 1.52817 1.93304 1.52817 -1.93304 
2 1 0 0.971148 0.971148 6.86 0 0 0 0 1.52209 1.98206 1.52209 -1.98206 
2 1 0 0.976148 0.976148 6.75512 0 0 0 0 1.51515 2.0322 1.51515 -2.0322 
2 1 0 0.981148 0.981148 6.65237 0 0 0 0 1.50729 2.08347 1.50729 -2.08347 
2 1 0 0.986148 0.986148 6.5517 0 0 0 0 1.49849 2.1359 1.49849 -2.1359 
2 1 0 0.991148 0.991148 6.45305 0 0 0 0 1.48868 2.18951 1.48868 -2.18951 
2 1 0 0.996148 0.996148 6.35636 0 0 0 0 1.47782 2.24431 1.47782 -2.24431 
2 1 0 1.00115 1.00115 6.2616 0 0 0 0 1.46584 2.30032 1.46584 -2.30032 
2 2 0 0.471148 0.471148 6.2616 0 0 0 0 1.46584 2.30032 1.46584 -2.30032 
2 2 0 0.471148 0.471148 6.2616 0.000191399 0.000461916 0.000191399 0.000461916 1.46584 2.30032 1.46584 -2.30032 
2 2 0 0.471192 0.471192 6.2616 0.000382754 0.000923396 0.000382754 0.000923396 1.23247 0 0.999895 0 
2 2 0 0.471234 0.471234 6.2616 0.000765801 0.00184619 0.000765801 0.00184619 1.23228 0 0.999791 0 
2 2 0 0.471317 0.471317 6.2616 0.00153328 0.00369121 0.00153328 0.00369121 1.2319 0 0.999582 0 
2 2 0 0.471483 0.471483 6.2616 0.00307383 0.00737893 0.00307383 0.00737893 1.23114 0 0.999163 0 
2 2 0 0.47169 0.47169 6.2616 0.00501002 0.0119842 0.00501002 0.0119842 1.23017 0 0.998639 0 
2 2 0 0.471897 0.471897 6.2616 0.006958 0.0165845 0.006958 0.0165845 1.2292 0 0.998115 0 
2 2 0 0.472104 0.472104 6.2616 0.00891784 0.0211797 0.00891784 0.0211797 1.22823 0 0.99759 0 
2 2 0 0.472311 0.472311 6.2616 0.0108896 0.0257698 0.0108896 0.0257698 1.22724 0 0.997064 0 
2 2 0 0.472518 0.472518 6.2616 0.0128735 0.0303548 0.0128735 0.0303548 1.22625 0 0.996538 0 
2 2 0 0.472725 0.472725 6.2616 0.0148695 0.0349345 0.0148695 0.0349345 1.22525 0 0.996011 0 
2 2 0 0.472931 0.472931 6.2616 0.0168778 0.0395088 0.0168778 0.0395088 1.22424 0 0.995484 0 
2 2 0 0.473138 0.473138 6.2616 0.0188984 0.0440777 0.0188984 0.0440777 1.22323 0 0.994956 0 
2 2 0 0.473344 0.473344 6.2616 0.0209315 0.048641 0.0209315 0.048641 1.22221 0 0.994427 0 
2 2 0 0.47355 0.47355 6.2616 0.0229772 0.0531988 0.0229772 0.0531988 1.22118 0 0.993899 0 
2 2 0 0.473756 0.473756 6.2616 0.0250355 0.0577508 0.0250355 0.0577508 1.22014 0 0.993369 0 
2 2 0 0.473961 0.473961 6.2616 0.0271065 0.0622971 0.0271065 0.0622971 1.21909 0 0.992839 0 
2 2 0 0.474167 0.474167 6.2616 0.0291904 0.0668375 0.0291904 0.0668375 1.21804 0 0.992309 0 
2 2 0 0.474372 0.474372 6.2616 0.0312873 0.071372 0.0312873 0.071372 1.21697 0 0.991778 0 
2 2 0 0.474577 0.474577 6.2616 0.0333972 0.0759004 0.0333972 0.0759004 1.2159 0 0.991247 0 
2 2 0 0.474781 0.474781 6.2616 0.0355203 0.0804226 0.0355203 0.0804226 1.21482 0 0.990716 0 
2 2 0 0.474986 0.474986 6.2616 0.0376567 0.0849386 0.0376567 0.0849386 1.21374 0 0.990184 0 
2 2 0 0.47519 0.47519 6.2616 0.0398065 0.0894483 0.0398065 0.0894483 1.21264 0 0.989652 0 
2 2 0 0.475394 0.475394 6.2616 0.0419698 0.0939515 0.0419698 0.0939515 1.21153 0 0.98912 0 
2 2 0 0.475597 0.475597 6.2616 0.0441466 0.0984482 0.0441466 0.0984482 1.21042 0 0.988587 0 
2 2 0 0.4758 0.4758 6.2616 0.0463372 0.102938 0.0463372 0.102938 1.2093 0 0.988054 0 
2 2 0 0.476003 0.476003 6.2616 0.0485416 0.107421 0.0485416 0.107421 1.20817 0 0.987521 0 
2 2 0 0.476206 0.476206 6.2616 0.0507599 0.111898 0.0507599 0.111898 1.20703 0 0.986988 0 
2 2 0 0.476408 0.476408 6.2616 0.0529923 0.116367 0.0529923 0.116367 1.20588 0 0.986455 0 
2 2 0 0.47661 0.47661 6.2616 0.0552388 0.12083 0.0552388 0.12083 1.20472 0 0.985921 0 
2 2 0 0.476811 0.476811 6.2616 0.0574996 0.125285 0.0574996 0.125285 1.20355 0 0.985388 0 
2 2 0 0.477012 0.477012 6.2616 0.0597747 0.129733 0.0597747 0.129733 1.20237 0 0.984854 0 
2 2 0 0.477213 0.477213 6.2616 0.0620644 0.134173 0.0620644 0.134173 1.20118 0 0.98432 0 
2 2 0 0.477413 0.477413 6.2616 0.0643686 0.138606 0.0643686 0.138606 1.19999 0 0.983787 0 
2 2 0 0.477613 0.477613 6.2616 0.0666876 0.143031 0.0666876 0.143031 1.19878 0 0.983253 0 
2 2 0 0.477812 0.477812 6.2616 0.0690214 0.147449 0.0690214 0.147449 1.19757 0 0.982719 0 
2 2 0 0.478011 0.478011 6.2616 0.0713701 0.151858 0.0713701 0.151858 1.19634 0 0.982186 0 
2 2 0 0.478209 0.478209 6.2616 0.0737339 0.15626 0.0737339 0.15626 1.1951 0 0.981653 0 
2 2 0 0.478407 0.478407 6.2616 0.076113 0.160653 0.076113 0.160653 1.19386 0 0.981119 0 
2 2 0 0.478604 0.478604 6.2616 0.0785073 0.165038 0.0785073 0.165038 1.1926 0 0.980587 0 
2 2 0 0.4788 0.4788 6.2616 0.080917 0.169415 0.080917 0.169415 1.19133 0 0.980054 0 
2 2 0 0.478996 0.478996 6.2616 0.0833423 0.173783 0.0833423 0.173783 1.19005 0 0.979522 0 
2 2 0 0.479192 0.479192 6.2616 0.0857833 0.178142 0.0857833 0.178142 1.18877 0 0.97899 0 
2 2 0 0.479387 0.479387 6.2616 0.08824 0.182493 0.08824 0.182493 1.18747 0 0.978459 0 
2 2 0 0.479581 0.479581 6.2616 0.0907127 0.186834 0.0907127 0.186834 1.18616 0 0.977928 0 
2 2 0 0.479774 0.479774 6.2616 0.0932014 0.191167 0.0932014 0.191167 1.18484 0 0.977397 0 
2 2 0 0.479967 0.479967 6.2616 0.0957062 0.19549 0.0957062 0.19549 1.1835 0 0.976867 0 
2 2 0 0.480159 0.480159 6.2616 0.0982274 0.199803 0.0982274 0.199803 1.18216 0 0.976338 0 
2 2 0 0.480351 0.480351 6.2616 0.100765 0.204107 0.100765 0.204107 1.18081 0 0.97581 0 
2 2 0 0.480542 0.480542 6.2616 0.103319 0.208402 0.103319 0.208402 1.17944 0 0.975282 0 
2 2 0 0.480732 0.480732 6.2616 0.10589 0.212686 0.10589 0.212686 1.17806 0 0.974755 0 
2 2 0 0.480921 0.480921 6.2616 0.108477 0.21696 0.108477 0.21696 1.17667 0 0.974229 0 
2 2 0 0.481109 0.481109 6.2616 0.111082 0.221224 0.111082 0.221224 1.17527 0 0.973704 0 
2 2 0 0.481297 0.481297 6.2616 0.113703 0.225478 0.113703 0.225478 1.17385 0 0.973179 0 
2 2 0 0.481483 0.481483 6.2616 0.116342 0.229721 0.116342 0.229721 1.17243 0 0.972656 0 
2 2 0 0.481669 0.481669 6.2616 0.118997 0.233953 0.118997 0.233953 1.17099 0 0.972134 0 
2 2 0 0.481854 0.481854 6.2616 0.121671 0.238175 0.121671 0.238175 1.16954 0 0.971614 0 
2 2 0 0.482038 0.482038 6.2616 0.124362 0.242385 0.124362 0.242385 1.16807 0 0.971094 0 
2 2 0 0.482221 0.482221 6.2616 0.12707 0.246584 0.12707 0.246584 1.1666 0 0.970576 0 
2 2 0 0.482403 0.482403 6.2616 0.129796 0.250771 0.129796 0.250771 1.16511 0 0.97006 0 
2 2 0 0.482584 0.482584 6.2616 0.13254 0.254947 0.13254 0.254947 1.16361 0 0.969545 0 
2 2 0 0.482764 0.482764 6.2616 0.135303 0.259111 0.135303 0.259111 1.16209 0 0.969031 0 
2 2 0 0.482943 0.482943 6.2616 0.138083 0.263263 0.138083 0.263263 1.16056 0 0.96852 0 
2 2 0 0.483121 0.483121 6.2616 0.140882 0.267402 0.140882 0.267402 1.15902 0 0.96801 0 
2 2 0 0.483298 0.483298 6.2616 0.143699 0.271529 0.143699 0.271529 1.15746 0 0.967502 0 
2 2 0 0.483474 0.483474 6.2616 0.146535 0.275644 0.146535 0.275644 1.15589 0 0.966996 0 
2 2 0 0.483648 0.483648 6.2616 0.149389 0.279745 0.149389 0.279745 1.1543 0 0.966493 0 
2 2 0 0.483821 0.483821 6.2616 0.152263 0.283834 0.152263 0.283834 1.1527 0 0.965991 0 
2 2 0 0.483993 0.483993 6.2616 0.155155 0.287909 0.155155 0.287909 1.15109 0 0.965492 0 
2 2 0 0.484164 0.484164 6.2616 0.158066 0.29197 0.158066 0.29197 1.14946 0 0.964996 0 
2 2 0 0.484333 0.484333 6.2616 0.160997 0.296018 0.160997 0.296018 1.14781 0 0.964502 0 
2 2 0 0.484501 0.484501 6.2616 0.163946 0.300052 0.163946 0.300052 1.14615 0 0.964011 0 
2 2 0 0.484668 0.484668 6.2616 0.166916 0.304071 0.166916 0.304071 1.14448 0 0.963523 0 
2 2 0 0.484833 0.484833 6.2616 0.169905 0.308076 0.169905 0.308076 1.14278 0 0.963038 0 
2 2 0 0.484997 0.484997 6.2616 0.172913 0.312066 0.172913 0.312066 1.14108 0 0.962556 0 
2 2 0 0.48516 0.48516 6.2616 0.175942 0.316041 0.175942 0.316041 1.13935 0 0.962077 0 
2 2 0 0.48532 0.48532 6.2616 0.17899 0.320001 0.17899 0.320001 1.13761 0 0.961602 0 
2 2 0 0.48548 0.48548 6.2616 0.182059 0.323946 0.182059 0.323946 1.13586 0 0.961131 0 
2 2 0 0.485637 0.485637 6.2616 0.185148 0.327875 0.185148 0.327875 1.13408 0 0.960664 0 
2 2 0 0.485794 0.485794 6.2616 0.188257 0.331787 0.188257 0.331787 1.13229 0 0.9602 0 
2 2 0 0.485948 0.485948 6.2616 0.191386 0.335684 0.191386 0.335684 1.13049 0 0.959741 0 
2 2 0 0.486101 0.486101 6.2616 0.194536 0.339564 0.194536 0.339564 1.12866 0 0.959287 0 
2 2 0 0.486252 0.486252 6.2616 0.197707 0.343427 0.197707 0.343427 1.12682 0 0.958837 0 
2 2 0 0.486401 0.486401 6.2616 0.200899 0.347273 0.200899 0.347273 1.12495 0 0.958392 0 
2 2 0 0.486548 0.486548 6.2616 0.204112 0.351101 0.204112 0.351101 1.12307 0 0.957952 0 
2 2 0 0.486694 0.486694 6.2616 0.207345 0.354912 0.207345 0.354912 1.12117 0 0.957518 0 
2 2 0 0.486837 0.486837 6.2616 0.2106 0.358705 0.2106 0.358705 1.11925 0 0.957089 0 
2 2 0 0.486979 0.486979 6.2616 0.213877 0.36248 0.213877 0.36248 1.11732 0 0.956666 0 
2 2 0 0.487119 0.487119 6.2616 0.217174 0.366236 0.217174 0.366236 1.11536 0 0.95625 0 
2 2 0 0.487256 0.487256 6.2616 0.220493 0.369973 0.220493 0.369973 1.11338 0 0.95584 0 
2 2 0 0.487392 0.487392 6.2616 0.223834 0.37369 0.223834 0.37369 1.11138 0 0.955437 0 
2 2 0 0.487525 0.487525 6.2616 0.227197 0.377389 0.227197 0.377389 1.10936 0 0.955041 0 
2 2 0 0.487656 0.487656 6.2616 0.230581 0.381067 0.230581 0.381067 1.10731 0 0.954653 0 
2 2 0 0.487785 0.487785 6.2616 0.233987 0.384725 0.233987 0.384725 1.10525 0 0.954273 0 
2 2 0 0.487912 0.487912 6.2616 0.237416 0.388362 0.237416 0.388362 1.10316 0 0.953901 0 
2 2 0 0.488036 0.488036 6.2616 0.240866 0.391979 0.240866 0.391979 1.10105 0 0.953538 0 
2 2 0 0.488158 0.488158 6.2616 0.244339 0.395574 0.244339 0.395574 1.09892 0 0.953185 0 
2 2 0 0.488277 0.488277 6.2616 0.247834 0.399148 0.247834 0.399148 1.09676 0 0.952842 0 
2 2 0 0.488394 0.488394 6.2616 0.251352 0.4027 0.251352 0.4027 1.09457 0 0.952509 0 
2 2 0 0.488509 0.488509 6.2616 0.254892 0.406229 0.254892 0.406229 1.09236 0 0.952187 0 
2 2 0 0.48862 0.48862 6.2616 0.258454 0.409735 0.258454 0.409735 1.09013 0 0.951876 0 
2 2 0 0.48873 0.48873 6.2616 0.26204 0.413219 0.26204 0.413219 1.08787 0 0.951578 0 
2 2 0 0.488836 0.488836 6.2616 0.265648 0.416679 0.265648 0.416679 1.08558 0 0.951293 0 
2 2 0 0.48894 0.48894 6.2616 0.269279 0.420115 0.269279 0.420115 1.08326 0 0.951022 0 
2 2 0 0.489041 0.489041 6.2616 0.272933 0.423526 0.272933 0.423526 1.08091 0 0.950765 0 
2 2 0 0.489138 0.489138 6.2616 0.27661 0.426913 0.27661 0.426913 1.07853 0 0.950524 0 
2 2 0 0.489233 0.489233 6.2616 0.28031 0.430275 0.28031 0.430275 1.07612 0 0.9503 0 
2 2 0 0.489325 0.489325 6.2616 0.284033 0.433612 0.284033 0.433612 1.07368 0 0.950094 0 
2 2 0 0.489414 0.489414 6.2616 0.287779 0.436922 0.287779 0.436922 1.0712 0 0.949906 0 
2 2 0 0.4895 0.4895 6.2616 0.291549 0.440206 0.291549 0.440206 1.06869 0 0.949739 0 
2 2 0 0.489583 0.489583 6.2616 0.295342 0.443463 0.295342 0.443463 1.06614 0 0.949593 0 
2 2 0 0.489662 0.489662 6.2616 0.299158 0.446693 0.299158 0.446693 1.06356 0 0.949471 0 
2 2 0 0.489738 0.489738 6.2616 0.302997 0.449895 0.302997 0.449895 1.06093 0 0.949374 0 
2 2 0 0.48981 0.48981 6.2616 0.30686 0.453069 0.30686 0.453069 1.05826 0 0.949305 0 
2 2 0 0.489879 0.489879 6.2616 0.310746 0.456214 0.310746 0.456214 1.05554 0 0.949265 0 
2 2 0 0.489945 0.489945 6.2616 0.314656 0.45933 0.314656 0.45933 1.05278 0 0.949257 0 
2 2 0 0.490007 0.490007 6.2616 0.31859 0.462417 0.31859 0.462417 1.04997 0 0.949285 0 
2 2 0 0.490065 0.490065 6.2616 0.322546 0.465473 0.322546 0.465473 1.0471 0 0.949352 0 
2 2 0 0.490119 0.490119 6.2616 0.326527 0.468499 0.326527 0.468499 1.04418 0 0.949461 0 
2 2 0 0.49017 0.49017 6.2616 0.33053 0.471494 0.33053 0.471494 1.04119 0 0.949617 0 
2 2 0 0.490217 0.490217 6.2616 0.334558 0.474457 0.334558 0.474457 1.03813 0 0.949827 0 
2 2 0 0.490259 0.490259 6.2616 0.338608 0.477388 0.338608 0.477388 1.035 0 0.950096 0 
2 2 0 0.490298 0.490298 6.2616 0.342683 0.480287 0.342683 0.480287 1.03179 0 0.950432 0 
2 2 0 0.490332 0.490332 6.2616 0.34678 0.483152 0.34678 0.483152 1.02848 0 0.950846 0 
2 2 0 0.490363 0.490363 6.2616 0.350901 0.485984 0.350901 0.485984 1.02507 0 0.95135 0 
2 2 0 0.490389 0.490389 6.2616 0.355045 0.488781 0.355045 0.488781 1.02154 0 0.95196 0 
2 2 0 0.49041 0.49041 6.2616 0.359213 0.491544 0.359213 0.491544 1.01786 0 0.952696 0 
2 2 0 0.490427 0.490427 6.2616 0.363404 0.494272 0.363404 0.494272 1.01402 0 0.953589 0 
2 2 0 0.49044 0.49044 6.2616 0.367618 0.496963 0.367618 0.496963 1.00996 0 0.954678 0 
2 2 0 0.490448 0.490448 6.2616 0.371855 0.499618 0.371855 0.499618 1.00562 0 0.956028 0 
2 2 0 0.490451 0.490451 6.2616 0.376115 0.502236 0.376115 0.502236 1.00091 0 0.957741 0 
2 2 0 0.490451 0.490451 6.2616 0.376885 0.502704 0.376885 0.502704 1.00001 0 0.958101 0 
1 2 0 0.490449 0.490449 6.2616 0.381172 0.505277 0.381172 0.505277 0.994573 0 0.960517 0 
1 2 0 0.490442 0.490442 6.2616 0.385481 0.507812 0.385481 0.507812 0.9879 0 0.964156 0 
1 2 0 0.490429 0.490429 2167.2 0.389814 0.510308 0.389814 0.510308 0.974503 0.00282531 0.974503 -0.00282531 
1 2 0 0.490412 0.490412 488.296 0.394169 0.512765 0.394169 0.512765 0.972971 0.0125205 0.972971 -0.0125205 
1 2 0 0.490389 0.490389 349.332 0.398546 0.515182 0.398546 0.515182 0.971431 0.0174743 0.971431 -0.0174743 
1 2 0 0.490362 0.490362 286.144 0.402946 0.517558 0.402946 0.517558 0.969884 0.0213003 0.969884 -0.0213003 
1 2 0 0.490328 0.490328 248.076 0.407368 0.519892 0.407368 0.519892 0.968329 0.0245308 0.968329 -0.0245308 
1 2 0 0.49029 0.49029 221.942 0.411811 0.522185 0.411811 0.522185 0.966767 0.0273765 0.966767 -0.0273765 
1 2 0 0.490246 0.490246 202.577 0.416276 0.524435 0.416276 0.524435 0.965197 0.0299464 0.965197 -0.0299464 
1 2 0 0.490196 0.490196 187.487 0.420763 0.526641 0.420763 0.526641 0.963619 0.0323055 0.963619 -0.0323055 
1 2 0 0.49014 0.49014 175.301 0.425271 0.528804 0.425271 0.528804 0.962034 0.0344963 0.962034 -0.0344963 
1 2 0 0.490079 0.490079 165.194 0.4298 0.530922 0.4298 0.530922 0.960442 0.0365483 0.960442 -0.0365483 
1 2 0 0.490011 0.490011 156.636 0.43435 0.532995 0.43435 0.532995 0.958842 0.0384829 0.958842 -0.0384829 
1 2 0 0.489938 0.489938 149.271 0.438921 0.535022 0.438921 0.535022 0.957235 0.0403162 0.957235 -0.0403162 
1 2 0 0.489859 0.489859 142.846 0.443511 0.537002 0.443511 0.537002 0.95562 0.0420607 0.95562 -0.0420607 
1 2 0 0.489773 0.489773 137.179 0.448122 0.538935 0.448122 0.538935 0.953999 0.0437264 0.953999 -0.0437264 
1 2 0 0.489681 0.489681 132.133 0.452752 0.54082 0.452752 0.54082 0.95237 0.0453213 0.95237 -0.0453213 
1 2 0 0.489582 0.489582 127.604 0.457402 0.542656 0.457402 0.542656 0.950733 0.0468517 0.950733 -0.0468517 
1 2 0 0.489477 0.489477 123.511 0.462071 0.544443 0.462071 0.544443 0.94909 0.0483233 0.94909 -0.0483233 
1 2 0 0.489366 0.489366 119.79 0.466759 0.54618 0.466759 0.54618 0.94744 0.0497404 0.94744 -0.0497404 
1 2 0 0.489247 0.489247 116.389 0.471465 0.547867 0.471465 0.547867 0.945783 0.051107 0.945783 -0.051107 
1 2 0 0.489122 0.489122 113.267 0.476188 0.549502 0.476188 0.549502 0.944119 0.0524263 0.944119 -0.0524263 
1 2 0 0.48899 0.48899 110.388 0.48093 0.551084 0.48093 0.551084 0.942448 0.0537011 0.942448 -0.0537011 
1 2 0 0.488851 0.488851 107.725 0.485688 0.552614 0.485688 0.552614 0.94077 0.0549338 0.94077 -0.0549338 
1 2 0 0.488704 0.488704 105.252 0.490463 0.55409 0.490463 0.55409 0.939085 0.0561266 0.939085 -0.0561266 
1 2 0 0.488551 0.488551 102.951 0.495255 0.555512 0.495255 0.555512 0.937394 0.0572813 0.937394 -0.0572813 
1 2 0 0.48839 0.48839 100.802 0.500062 0.556879 0.500062 0.556879 0.935697 0.0583994 0.935697 -0.0583994 
1 2 0 0.488221 0.488221 98.7917 0.504884 0.558191 0.504884 0.558191 0.933993 0.0594825 0.933993 -0.0594825 
1 2 0 0.488045 0.488045 96.9069 0.509722 0.559446 0.509722 0.559446 0.932282 0.0605316 0.932282 -0.0605316 
1 2 0 0.487862 0.487862 95.1362 0.514573 0.560643 0.514573 0.560643 0.930566 0.0615479 0.930566 -0.0615479 
1 2 0 0.48767 0.48767 93.47 0.519438 0.561783 0.519438 0.561783 0.928843 0.0625323 0.928843 -0.0625323 
1 2 0 0.487471 0.487471 91.8997 0.524316 0.562865 0.524316 0.562865 0.927114 0.0634857 0.927114 -0.0634857 
1 2 0 0.487264 0.487264 90.4178 0.529206 0.563887 0.529206 0.563887 0.925379 0.0644089 0.925379 -0.0644089 
1 2 0 0.487048 0.487048 89.0174 0.534108 0.564849 0.534108 0.564849 0.923638 0.0653024 0.923638 -0.0653024 
1 2 0 0.486824 0.486824 87.6929 0.539022 0.565751 0.539022 0.565751 0.921892 0.0661668 0.921892 -0.0661668 
1 2 0 0.486593 0.486593 86.4387 0.543945 0.566591 0.543945 0.566591 0.92014 0.0670026 0.92014 -0.0670026 
1 2 0 0.486352 0.486352 85.2503 0.548879 0.567369 0.548879 0.567369 0.918383 0.0678102 0.918383 -0.0678102 
1 2 0 0.486103 0.486103 84.1233 0.553822 0.568085 0.553822 0.568085 0.91662 0.0685901 0.91662 -0.0685901 
1 2 0 0.485846 0.485846 83.054 0.558773 0.568737 0.558773 0.568737 0.914852 0.0693426 0.914852 -0.0693426 
1 2 0 0.48558 0.48558 82.0389 0.563731 0.569325 0.563731 0.569325 0.913079 0.0700678 0.913079 -0.0700678 
1 2 0 0.485305 0.485305 81.075 0.568697 0.569849 0.568697 0.569849 0.911301 0.0707662 0.911301 -0.0707662 
1 2 0 0.485021 0.485021 80.1594 0.573668 0.570307 0.573668 0.570307 0.909519 0.0714377 0.909519 -0.0714377 
1 2 0 0.484728 0.484728 79.2897 0.578644 0.5707 0.578644 0.5707 0.907732 0.0720827 0.907732 -0.0720827 
1 2 0 0.484427 0.484427 78.4634 0.583625 0.571025 0.583625 0.571025 0.90594 0.0727012 0.90594 -0.0727012 
1 2 0 0.484116 0.484116 77.6786 0.588609 0.571284 0.588609 0.571284 0.904144 0.0732934 0.904144 -0.0732934 
1 2 0 0.483796 0.483796 76.9333 0.593596 0.571475 0.593596 0.571475 0.902344 0.0738593 0.902344 -0.0738593 
1 2 0 0.483466 0.483466 76.2257 0.598584 0.571598 0.598584 0.571598 0.90054 0.0743989 0.90054 -0.0743989 
1 2 0 0.483127 0.483127 75.5544 0.603572 0.571652 0.603572 0.571652 0.898733 0.0749123 0.898733 -0.0749123 
1 2 0 0.482779 0.482779 74.9179 0.608561 0.571637 0.608561 0.571637 0.896921 0.0753995 0.896921 -0.0753995 
1 2 0 0.482421 0.482421 74.3148 0.613548 0.571552 0.613548 0.571552 0.895107 0.0758605 0.895107 -0.0758605 
1 2 0 0.482053 0.482053 73.7441 0.618532 0.571397 0.618532 0.571397 0.893289 0.0762952 0.893289 -0.0762952 
1 2 0 0.481676 0.481676 73.2045 0.623513 0.571171 0.623513 0.571171 0.891468 0.0767037 0.891468 -0.0767037 
1 2 0 0.481289 0.481289 72.6952 0.62849 0.570874 0.62849 0.570874 0.889645 0.0770858 0.889645 -0.0770858 
1 2 0 0.480892 0.480892 72.2152 0.633461 0.570505 0.633461 0.570505 0.887819 0.0774415 0.887819 -0.0774415 
1 2 0 0.480485 0.480485 71.7637 0.638426 0.570065 0.638426 0.570065 0.885991 0.0777707 0.885991 -0.0777707 
1 2 0 0.480068 0.480068 71.34 0.643382 0.569553 0.643382 0.569553 0.88416 0.0780733 0.88416 -0.0780733 
1 2 0 0.479642 0.479642 70.9435 0.64833 0.568968 0.64833 0.568968 0.882328 0.0783493 0.882328 -0.0783493 
1 2 0 0.479205 0.479205 70.5735 0.653268 0.56831 0.653268 0.56831 0.880494 0.0785984 0.880494 -0.0785984 
1 2 0 0.478758 0.478758 70.2296 0.658195 0.56758 0.658195 0.56758 0.878658 0.0788207 0.878658 -0.0788207 
1 2 0 0.478301 0.478301 69.9113 0.663109 0.566777 0.663109 0.566777 0.876821 0.079016 0.876821 -0.079016 
1 2 0 0.477834 0.477834 69.6183 0.66801 0.5659 0.66801 0.5659 0.874983 0.0791841 0.874983 -0.0791841 
1 2 0 0.477357 0.477357 69.3501 0.672896 0.56495 0.672896 0.56495 0.873145 0.079325 0.873145 -0.079325 
1 2 0 0.476869 0.476869 69.1065 0.677767 0.563927 0.677767 0.563927 0.871306 0.0794384 0.871306 -0.0794384 
1 2 0 0.476372 0.476372 68.8872 0.68262 0.562831 0.68262 0.562831 0.869466 0.0795244 0.869466 -0.0795244 
1 2 0 0.475864 0.475864 68.6922 0.687456 0.561661 0.687456 0.561661 0.867626 0.0795827 0.867626 -0.0795827 
1 2 0 0.475345 0.475345 68.5213 0.692271 0.560418 0.692271 0.560418 0.865787 0.0796132 0.865787 -0.0796132 
1 2 0 0.474817 0.474817 68.3743 0.697067 0.559102 0.697067 0.559102 0.863948 0.0796158 0.863948 -0.0796158 
1 2 0 0.474278 0.474278 68.2514 0.70184 0.557713 0.70184 0.557713 0.862109 0.0795903 0.862109 -0.0795903 
1 2 0 0.473729 0.473729 68.1525 0.706591 0.556251 0.706591 0.556251 0.860272 0.0795366 0.860272 -0.0795366 
1 2 0 0.47317 0.47317 68.0776 0.711317 0.554717 0.711317 0.554717 0.858435 0.0794545 0.858435 -0.0794545 
1 2 0 0.4726 0.4726 68.027 0.716018 0.553111 0.716018 0.553111 0.856599 0.0793439 0.856599 -0.0793439 
1 2 0 0.47202 0.47202 68.0008 0.720693 0.551432 0.720693 0.551432 0.854765 0.0792047 0.854765 -0.0792047 
1 2 0 0.47143 0.47143 67.9993 0.72534 0.549683 0.72534 0.549683 0.852933 0.0790367 0.852933 -0.0790367 
1 2 0 0.47083 0.47083 68.0228 0.729959 0.547862 0.729959 0.547862 0.851103 0.0788398 0.851103 -0.0788398 
1 2 0 0.470219 0.470219 68.0715 0.734548 0.545971 0.734548 0.545971 0.849275 0.0786137 0.849275 -0.0786137 
1 2 0 0.469599 0.469599 68.146 0.739106 0.544011 0.739106 0.544011 0.847449 0.0783584 0.847449 -0.0783584 
1 2 0 0.468968 0.468968 68.2468 0.743632 0.54198 0.743632 0.54198 0.845625 0.0780738 0.845625 -0.0780738 
1 2 0 0.468327 0.468327 68.3743 0.748125 0.539882 0.748125 0.539882 0.843804 0.0777595 0.843804 -0.0777595 
1 2 0 0.467676 0.467676 68.5293 0.752585 0.537715 0.752585 0.537715 0.841987 0.0774155 0.841987 -0.0774155 
1 2 0 0.467016 0.467016 68.7124 0.75701 0.53548 0.75701 0.53548 0.840172 0.0770417 0.840172 -0.0770417 
1 2 0 0.466345 0.466345 68.9245 0.761398 0.53318 0.761398 0.53318 0.83836 0.0766377 0.83836 -0.0766377 
1 2 0 0.465664 0.465664 69.1664 0.765751 0.530813 0.765751 0.530813 0.836552 0.0762034 0.836552 -0.0762034 
1 2 0 0.464974 0.464974 69.4391 0.770065 0.528381 0.770065 0.528381 0.834747 0.0757387 0.834747 -0.0757387 
1 2 0 0.464273 0.464273 69.7438 0.774342 0.525886 0.774342 0.525886 0.832945 0.0752433 0.832945 -0.0752433 
1 2 0 0.463563 0.463563 70.0817 0.778579 0.523327 0.778579 0.523327 0.831148 0.0747169 0.831148 -0.0747169 
1 2 0 0.462843 0.462843 70.4542 0.782776 0.520706 0.782776 0.520706 0.829354 0.0741594 0.829354 -0.0741594 
1 2 0 0.462114 0.462114 70.8629 0.786933 0.518023 0.786933 0.518023 0.827564 0.0735704 0.827564 -0.0735704 
1 2 0 0.461375 0.461375 71.3093 0.791048 0.515281 0.791048 0.515281 0.825778 0.0729496 0.825778 -0.0729496 
1 2 0 0.460626 0.460626 71.7955 0.795121 0.512478 0.795121 0.512478 0.823997 0.0722968 0.823997 -0.0722968 
1 2 0 0.459868 0.459868 72.3235 0.799152 0.509618 0.799152 0.509618 0.822219 0.0716115 0.822219 -0.0716115 
1 2 0 0.4591 0.4591 72.8957 0.80314 0.5067 0.80314 0.5067 0.820446 0.0708934 0.820446 -0.0708934 
1 2 0 0.458323 0.458323 73.5146 0.807084 0.503726 0.807084 0.503726 0.818677 0.070142 0.818677 -0.070142 
1 2 0 0.457536 0.457536 74.1833 0.810984 0.500697 0.810984 0.500697 0.816912 0.0693568 0.816912 -0.0693568 
1 2 0 0.45674 0.45674 74.9051 0.81484 0.497613 0.81484 0.497613 0.815152 0.0685373 0.815152 -0.0685373 
1 2 0 0.455935 0.455935 75.6836 0.81865 0.494477 0.81865 0.494477 0.813396 0.067683 0.813396 -0.067683 
1 2 0 0.455121 0.455121 76.523 0.822416 0.491289 0.822416 0.491289 0.811644 0.066793 0.811644 -0.066793 
1 2 0 0.454297 0.454297 77.428 0.826135 0.48805 0.826135 0.48805 0.809896 0.0658667 0.809896 -0.0658667 
1 2 0 0.453464 0.453464 78.4039 0.829809 0.484762 0.829809 0.484762 0.808152 0.0649033 0.808152 -0.0649033 
1 2 0 0.452622 0.452622 79.457 0.833437 0.481425 0.833437 0.481425 0.806413 0.0639017 0.806413 -0.0639017 
1 2 0 0.451771 0.451771 80.594 0.837019 0.478041 0.837019 0.478041 0.804678 0.0628609 0.804678 -0.0628609 
1 2 0 0.450911 0.450911 81.8231 0.840554 0.474611 0.840554 0.474611 0.802947 0.0617797 0.802947 -0.0617797 
1 2 0 0.450041 0.450041 83.1535 0.844042 0.471135 0.844042 0.471135 0.801219 0.0606567 0.801219 -0.0606567 
1 2 0 0.449163 0.449163 84.5959 0.847484 0.467616 0.847484 0.467616 0.799496 0.0594904 0.799496 -0.0594904 
1 2 0 0.448275 0.448275 86.1629 0.850879 0.464054 0.850879 0.464054 0.797776 0.0582789 0.797776 -0.0582789 
1 2 0 0.447378 0.447378 87.8692 0.854228 0.46045 0.854228 0.46045 0.79606 0.0570204 0.79606 -0.0570204 
1 2 0 0.446472 0.446472 89.7324 0.857529 0.456805 0.857529 0.456805 0.794347 0.0557124 0.794347 -0.0557124 
1 2 0 0.445557 0.445557 91.7733 0.860784 0.453121 0.860784 0.453121 0.792638 0.0543522 0.792638 -0.0543522 
1 2 0 0.444632 0.444632 94.0173 0.863992 0.449399 0.863992 0.449399 0.790931 0.0529369 0.790931 -0.0529369 
1 2 0 0.443699 0.443699 96.4951 0.867154 0.445639 0.867154 0.445639 0.789228 0.0514626 0.789228 -0.0514626 
1 2 0 0.442756 0.442756 99.2445 0.870269 0.441843 0.870269 0.441843 0.787527 0.0499252 0.787527 -0.0499252 
1 2 0 0.441804 0.441804 102.313 0.873338 0.438011 0.873338 0.438011 0.785829 0.0483196 0.785829 -0.0483196 
1 2 0 0.440842 0.440842 105.761 0.87636 0.434146 0.87636 0.434146 0.784133 0.0466398 0.784133 -0.0466398 
1 2 0 0.439871 0.439871 109.665 0.879337 0.430247 0.879337 0.430247 0.78244 0.0448784 0.78244 -0.0448784 
1 2 0 0.438891 0.438891 114.128 0.882268 0.426316 0.882268 0.426316 0.780748 0.0430265 0.780748 -0.0430265 
1 2 0 0.437901 0.437901 119.287 0.885153 0.422354 0.885153 0.422354 0.779058 0.041073 0.779058 -0.041073 
1 2 0 0.436901 0.436901 125.333 0.887993 0.418362 0.887993 0.418362 0.777369 0.0390038 0.777369 -0.0390038 
1 2 0 0.435892 0.435892 132.537 0.890788 0.41434 0.890788 0.41434 0.775681 0.0368004 0.775681 -0.0368004 
1 2 0 0.434873 0.434873 141.306 0.893538 0.41029 0.893538 0.41029 0.773994 0.0344384 0.773994 -0.0344384 
1 2 0 0.433844 0.433844 152.281 0.896243 0.406213 0.896243 0.406213 0.772308 0.0318839 0.772308 -0.0318839 
1 2 0 0.432804 0.432804 166.54 0.898904 0.402109 0.898904 0.402109 0.770621 0.0290877 0.770621 -0.0290877 
1 2 0 0.431755 0.431755 186.084 0.901521 0.39798 0.901521 0.39798 0.768935 0.0259732 0.768935 -0.0259732 
1 2 0 0.430695 0.430695 215.176 0.904095 0.393825 0.904095 0.393825 0.767249 0.0224102 0.767249 -0.0224102 
1 2 0 0.429625 0.429625 265.247 0.906625 0.389647 0.906625 0.389647 0.765561 0.018138 0.765561 -0.018138 
1 2 0 0.428545 0.428545 385.542 0.909112 0.385446 0.909112 0.385446 0.763873 0.01245 0.763873 -0.01245 
1 2 0 0.427453 0.427453 385.542 0.911557 0.381223 0.911557 0.381223 0.757748 0 0.766618 0 
1 2 0 0.426351 0.426351 385.542 0.913959 0.376979 0.913959 0.376979 0.746528 0 0.774453 0 
1 2 0 0.425237 0.425237 385.542 0.91632 0.372714 0.91632 0.372714 0.739542 0 0.778052 0 
1 2 0 0.424112 0.424112 385.542 0.918638 0.368429 0.918638 0.368429 0.733711 0 0.78049 0 
1 2 0 0.422976 0.422976 385.542 0.920916 0.364125 0.920916 0.364125 0.728498 0 0.782304 0 
1 2 0 0.421828 0.421828 385.542 0.923153 0.359803 0.923153 0.359803 0.723684 0 0.783712 0 
1 2 0 0.420668 0.420668 385.542 0.925349 0.355463 0.925349 0.355463 0.719156 0 0.784826 0 
1 2 0 0.419496 0.419496 385.542 0.927505 0.351107 0.927505 0.351107 0.714845 0 0.785716 0 
1 2 0 0.418311 0.418311 385.542 0.929621 0.346734 0.929621 0.346734 0.710704 0 0.786424 0 
1 2 0 0.417114 0.417114 385.542 0.931698 0.342346 0.931698 0.342346 0.706704 0 0.786983 0 
1 2 0 0.415903 0.415903 385.542 0.933736 0.337943 0.933736 0.337943 0.70282 0 0.787413 0 
1 2 0 0.41468 0.41468 385.542 0.935736 0.333527 0.935736 0.333527 0.699035 0 0.787733 0 
1 2 0 0.413442 0.413442 385.542 0.937697 0.329097 0.937697 0.329097 0.695334 0 0.787954 0 
1 2 0 0.412191 0.412191 385.542 0.93962 0.324654 0.93962 0.324654 0.691707 0 0.788088 0 
1 2 0 0.410926 0.410926 385.542 0.941506 0.320199 0.941506 0.320199 0.688145 0 0.788141 0 
1 2 0 0.409646 0.409646 385.542 0.943354 0.315733 0.943354 0.315733 0.684639 0 0.788121 0 
1 2 0 0.408351 0.408351 385.542 0.945166 0.311256 0.945166 0.311256 0.681184 0 0.788033 0 
1 2 0 0.407041 0.407041 385.542 0.946942 0.306769 0.946942 0.306769 0.677773 0 0.787881 0 
1 2 0 0.405715 0.405715 385.542 0.948681 0.302273 0.948681 0.302273 0.674402 0 0.787669 0 
1 2 0 0.404373 0.404373 385.542 0.950384 0.297767 0.950384 0.297767 0.671066 0 0.787401 0 
1 2 0 0.403015 0.403015 385.542 0.952053 0.293254 0.952053 0.293254 0.667762 0 0.787078 0 
1 2 0 0.40164 0.40164 385.542 0.953686 0.288732 0.953686 0.288732 0.664485 0 0.786704 0 
1 2 0 0.400247 0.400247 385.542 0.955285 0.284204 0.955285 0.284204 0.661234 0 0.786279 0 
1 2 0 0.398836 0.398836 385.542 0.956849 0.279669 0.956849 0.279669 0.658003 0 0.785805 0 
1 2 0 0.397407 0.397407 385.542 0.958379 0.275128 0.958379 0.275128 0.654792 0 0.785284 0 
1 2 0 0.395959 0.395959 385.542 0.959876 0.270583 0.959876 0.270583 0.651597 0 0.784717 0 
1 2 0 0.394492 0.394492 385.542 0.961339 0.266032 0.961339 0.266032 0.648416 0 0.784104 0 
1 2 0 0.393004 0.393004 385.542 0.96277 0.261478 0.96277 0.261478 0.645247 0 0.783446 0 
1 2 0 0.391496 0.391496 385.542 0.964168 0.25692 0.964168 0.25692 0.642087 0 0.782744 0 
1 2 0 0.389967 0.389967 385.542 0.965533 0.252359 0.965533 0.252359 0.638934 0 0.781997 0 
1 2 0 0.388415 0.388415 385.542 0.966866 0.247797 0.966866 0.247797 0.635786 0 0.781207 0 
1 2 0 0.386842 0.386842 385.542 0.968168 0.243233 0.968168 0.243233 0.632642 0 0.780373 0 
1 2 0 0.385244 0.385244 385.542 0.969438 0.238668 0.969438 0.238668 0.629498 0 0.779495 0 
1 2 0 0.383623 0.383623 385.542 0.970678 0.234103 0.970678 0.234103 0.626354 0 0.778574 0 
1 2 0 0.381977 0.381977 385.542 0.971886 0.229539 0.971886 0.229539 0.623207 0 0.777608 0 
1 2 0 0.380306 0.380306 385.542 0.973064 0.224976 0.973064 0.224976 0.620056 0 0.776598 0 
1 2 0 0.378608 0.378608 385.542 0.974212 0.220415 0.974212 0.220415 0.616897 0 0.775543 0 
1 2 0 0.376883 0.376883 385.542 0.975329 0.215857 0.975329 0.215857 0.613731 0 0.774443 0 
1 2 0 0.37513 0.37513 385.542 0.976417 0.211302 0.976417 0.211302 0.610553 0 0.773297 0 
1 2 0 0.373348 0.373348 385.542 0.977476 0.206752 0.977476 0.206752 0.607364 0 0.772104 0 
1 2 0 0.371536 0.371536 385.542 0.978505 0.202207 0.978505 0.202207 0.604159 0 0.770864 0 
1 2 0 0.369692 0.369692 385.542 0.979506 0.197668 0.979506 0.197668 0.600939 0 0.769576 0 
1 2 0 0.367817 0.367817 385.542 0.980478 0.193136 0.980478 0.193136 0.5977 0 0.768239 0 
1 2 0 0.365908 0.365908 385.542 0.981422 0.188612 0.981422 0.188612 0.59444 0 0.766852 0 
1 2 0 0.363965 0.363965 385.542 0.982338 0.184096 0.982338 0.184096 0.591157 0 0.765414 0 
1 2 0 0.361987 0.361987 385.542 0.983226 0.179591 0.983226 0.179591 0.58785 0 0.763924 0 
1 2 0 0.359972 0.359972 385.542 0.984086 0.175096 0.984086 0.175096 0.584515 0 0.76238 0 
1 2 0 0.357919 0.357919 385.542 0.984919 0.170614 0.984919 0.170614 0.581151 0 0.760782 0 
1 2 0 0.355826 0.355826 385.542 0.985726 0.166145 0.985726 0.166145 0.577755 0 0.759127 0 
1 2 0 0.353693 0.353693 385.542 0.986505 0.16169 0.986505 0.16169 0.574325 0 0.757414 0 
1 2 0 0.351517 0.351517 385.542 0.987258 0.157251 0.987258 0.157251 0.570859 0 0.755643 0 
1 2 0 0.349298 0.349298 385.542 0.987985 0.15283 0.987985 0.15283 0.567353 0 0.75381 0 
1 2 0 0.347033 0.347033 385.542 0.988685 0.148427 0.988685 0.148427 0.563805 0 0.751915 0 
1 2 0 0.344722 0.344722 385.542 0.98936 0.144045 0.98936 0.144045 0.560213 0 0.749955 0 
1 2 0 0.342362 0.342362 385.542 0.99001 0.139684 0.99001 0.139684 0.556574 0 0.747929 0 
1 2 0 0.339952 0.339952 385.542 0.990634 0.135348 0.990634 0.135348 0.552884 0 0.745834 0 
1 2 0 0.337491 0.337491 385.542 0.991233 0.131037 0.991233 0.131037 0.549141 0 0.743669 0 
1 2 0 0.334975 0.334975 385.542 0.991808 0.126753 0.991808 0.126753 0.545343 0 0.741431 0 
1 2 0 0.332404 0.332404 385.542 0.992359 0.1225 0.992359 0.1225 0.541486 0 0.739118 0 
1 2 0 0.329777 0.329777 385.542 0.992885 0.118278 0.992885 0.118278 0.537567 0 0.736728 0 
1 2 0 0.32709 0.32709 385.542 0.993388 0.114091 0.993388 0.114091 0.533583 0 0.734258 0 
1 2 0 0.324342 0.324342 385.542 0.993867 0.109941 0.993867 0.109941 0.529531 0 0.731706 0 
1 2 0 0.321531 0.321531 385.542 0.994323 0.10583 0.994323 0.10583 0.525408 0 0.72907 0 
1 2 0 0.318656 0.318656 385.542 0.994756 0.101762 0.994756 0.101762 0.521211 0 0.726347 0 
1 2 0 0.315714 0.315714 385.542 0.995168 0.0977386 0.995168 0.0977386 0.516936 0 0.723535 0 
1 2 0 0.312704 0.312704 385.542 0.995557 0.0937641 0.995557 0.0937641 0.512582 0 0.72063 0 
1 2 0 0.309624 0.309624 385.542 0.995924 0.0898413 0.995924 0.0898413 0.508145 0 0.717632 0 
1 2 0 0.306473 0.306473 385.542 0.996271 0.0859737 0.996271 0.0859737 0.503622 0 0.714537 0 
1 2 0 0.303249 0.303249 385.542 0.996597 0.0821647 0.996597 0.0821647 0.49901 0 0.711344 0 
1 2 0 0.299951 0.299951 385.542 0.996902 0.0784181 0.996902 0.0784181 0.494309 0 0.70805 0 
1 2 0 0.296577 0.296577 385.542 0.997188 0.0747376 0.997188 0.0747376 0.489515 0 0.704653 0 
1 2 0 0.293127 0.293127 385.542 0.997455 0.071127 0.997455 0.071127 0.484626 0 0.701151 0 
1 2 0 0.289599 0.289599 385.542 0.997703 0.0675903 0.997703 0.0675903 0.479643 0 0.697544 0 
1 2 0 0.285995 0.285995 385.542 0.997933 0.0641313 0.997933 0.0641313 0.474562 0 0.69383 0 
1 2 0 0.282312 0.282312 385.542 0.998146 0.060754 0.998146 0.060754 0.469385 0 0.690008 0 
1 2 0 0.278552 0.278552 385.542 0.998342 0.0574622 0.998342 0.0574622 0.464111 0 0.686078 0 
1 2 0 0.274714 0.274714 385.542 0.998523 0.0542595 0.998523 0.0542595 0.45874 0 0.68204 0 
1 2 0 0.270801 0.270801 385.542 0.998688 0.0511496 0.998688 0.0511496 0.453275 0 0.677894 0 
1 2 0 0.266812 0.266812 385.542 0.998838 0.0481357 0.998838 0.0481357 0.447716 0 0.673641 0 
1 2 0 0.26275 0.26275 385.542 0.998975 0.045221 0.998975 0.045221 0.442067 0 0.669282 0 
1 2 0 0.258616 0.258616 385.542 0.999099 0.0424081 0.999099 0.0424081 0.43633 0 0.664819 0 
1 2 0 0.254413 0.254413 385.542 0.99921 0.0396993 0.99921 0.0396993 0.430508 0 0.660255 0 
1 2 0 0.250144 0.250144 385.542 0.999311 0.0370966 0.999311 0.0370966 0.424607 0 0.655592 0 
1 2 0 0.24581 0.24581 385.542 0.9994 0.0346014 0.9994 0.0346014 0.418631 0 0.650833 0 
1 2 0 0.241415 0.241415 385.542 0.99948 0.0322148 0.99948 0.0322148 0.412586 0 0.645982 0 
1 2 0 0.236963 0.236963 385.542 0.999551 0.029937 0.999551 0.029937 0.406476 0 0.641042 0 
1 2 0 0.232456 0.232456 385.542 0.999614 0.0277683 0.999614 0.0277683 0.400309 0 0.636019 0 
1 2 0 0.2279 0.2279 385.542 0.999669 0.0257078 0.999669 0.0257078 0.39409 0 0.630915 0 
1 2 0 0.223295 0.223295 385.542 0.999718 0.0237547 0.999718 0.0237547 0.387825 0 0.625735 0 
1 2 0 0.218648 0.218648 385.542 0.99976 0.0219075 0.99976 0.0219075 0.381523 0 0.620485 0 
1 2 0 0.213961 0.213961 385.542 0.999797 0.0201642 0.999797 0.0201642 0.375189 0 0.615169 0 
1 2 0 0.209237 0.209237 385.542 0.999828 0.0185225 0.999828 0.0185225 0.36883 0 0.609791 0 
1 2 0 0.20448 0.20448 385.542 0.999856 0.0169798 0.999856 0.0169798 0.362452 0 0.604355 0 
1 2 0 0.199692 0.199692 385.542 0.999879 0.0155332 0.999879 0.0155332 0.356062 0 0.598868 0 
1 2 0 0.194878 0.194878 385.542 0.999899 0.0141795 0.999899 0.0141795 0.349667 0 0.593331 0 
1 2 0 0.19004 0.19004 385.542 0.999917 0.0129154 0.999917 0.0129154 0.343271 0 0.587751 0 
1 2 0 0.18518 0.18518 385.542 0.999931 0.0117372 0.999931 0.0117372 0.336882 0 0.582131 0 
1 2 0 0.180301 0.180301 385.542 0.999943 0.0106415 0.999943 0.0106415 0.330504 0 0.576474 0 
1 2 0 0.175404 0.175404 385.542 0.999954 0.00962451 0.999954 0.00962451 0.324143 0 0.570785 0 
1 2 0 0.170493 0.170493 385.542 0.999962 0.00868254 0.999962 0.00868254 0.317804 0 0.565067 0 
1 2 0 0.165569 0.165569 385.542 0.999969 0.00781187 0.999969 0.00781187 0.311492 0 0.559323 0 
1 2 0 0.160634 0.160634 385.542 0.999975 0.00700882 0.999975 0.00700882 0.30521 0 0.553556 0 
1 2 0 0.155688 0.155688 385.542 0.99998 0.00626975 0.99998 0.00626975 0.298963 0 0.547769 0 
1 2 0 0.150734 0.150734 385.542 0.999984 0.00559109 0.999984 0.00559109 0.292755 0 0.541965 0 
1 2 0 0.145773 0.145773 385.542 0.999988 0.00496937 0.999988 0.00496937 0.28659 0 0.536146 0 
1 2 0 0.140805 0.140805 385.542 0.99999 0.0044012 0.99999 0.0044012 0.28047 0 0.530315 0 
1 2 0 0.135831 0.135831 385.542 0.999992 0.0038833 0.999992 0.0038833 0.2744 0 0.524474 0 
1 2 0 0.130853 0.130853 385.542 0.999994 0.00341249 0.999994 0.00341249 0.268382 0 0.518625 0 
1 2 0 0.125871 0.125871 385.542 0.999996 0.00298574 0.999996 0.00298574 0.262418 0 0.51277 0 
1 2 0 0.120886 0.120886 385.542 0.999997 0.00260011 0.999997 0.00260011 0.256512 0 0.506911 0 
1 2 0 0.115898 0.115898 385.542 0.999997 0.00225278 0.999997 0.00225278 0.250666 0 0.50105 0 
1 2 0 0.110908 0.110908 385.542 0.999998 0.00194107 0.999998 0.00194107 0.244881 0 0.495188 0 
1 2 0 0.105915 0.105915 385.542 0.999999 0.00166241 0.999999 0.00166241 0.23916 0 0.489328 0 
1 2 0 0.100921 0.100921 385.542 0.999999 0.00141434 0.999999 0.00141434 0.233506 0 0.48347 0 
1 2 0 0.095926 0.095926 385.542 0.999999 0.00119453 0.999999 0.00119453 0.227918 0 0.477617 0 
1 2 0 0.0909297 0.0909297 385.542 0.999999 0.00100075 0.999999 0.00100075 0.2224 0 0.47177 0 
1 2 0 0.0859326 0.0859326 385.542 1 0.00083088 1 0.00083088 0.216953 0 0.465929 0 
1 2 0 0.0809347 0.0809347 385.542 1 0.000682913 1 0.000682913 0.211578 0 0.460097 0 
1 2 0 0.0759363 0.0759363 385.542 1 0.000554935 1 0.000554935 0.206276 0 0.454275 0 
1 2 0 0.0709375 0.0709375 385.542 1 0.000445135 1 0.000445135 0.201048 0 0.448464 0 
1 2 0 0.0659383 0.0659383 385.542 1 0.000351793 1 0.000351793 0.195896 0 0.442665 0 
1 2 0 0.0609389 0.0609389 385.542 1 0.000273277 1 0.000273277 0.190821 0 0.43688 0 
1 2 0 0.0559393 0.0559393 385.542 1 0.000208042 1 0.000208042 0.185822 0 0.431109 0 
1 2 0 0.0509396 0.0509396 385.542 1 0.000154627 1 0.000154627 0.180902 0 0.425354 0 
1 2 0 0.0459398 0.0459398 385.542 1 0.000111645 1 0.000111645 0.176061 0 0.419616 0 
1 2 0 0.0409399 0.0409399 385.542 1 7.7786e-05 1 7.7786e-05 0.171298 0 0.413896 0 
1 2 0 0.0359399 0.0359399 385.542 1 5.18107e-05 1 5.18107e-05 0.166616 0 0.408196 0 
1 2 0 0.03094 0.03094 385.542 1 3.25467e-05 1 3.25467e-05 0.162014 0 0.402515 0 
1 2 0 0.02594 0.02594 385.542 1 1.88865e-05 1 1.88865e-05 0.157492 0 0.396856 0 
1 2 0 0.02094 0.02094 385.542 1 9.78365e-06 1 9.78365e-06 0.153051 0 0.39122 0 
1 2 0 0.01594 0.01594 385.542 1 4.25009e-06 1 4.25009e-06 0.148692 0 0.385606 0 
1 2 0 0.01094 0.01094 385.542 1 1.35326e-06 1 1.35326e-06 0.144413 0 0.380018 0 
1 2 0 0.00593998 0.00593998 385.542 1 2.13362e-07 1 2.13362e-07 0.140216 0 0.374454 0 
1 2 0 0.000939978 0.000939978 385.542 1 8.32871e-10 1 8.32871e-10 0.1361 0 0.368917 0 
1 2 0 -0.00406002 -0.00406002 385.542 1 -6.6116e-08 1 -6.6116e-08 0.132065 0 0.363408 0 
2 2 0 0.471148 0.471148 385.542 0 0 0 0 0.132065 0 0.363408 0 
1 2 0 0.471148 0.471148 385.542 -0.000191399 -0.000461916 -0.000191399 -0.000461916 0.132065 0 0.363408 0 
2 2 0 0.471192 0.471192 385.542 -0.000382754 -0.000923396 -0.000382754 -0.000923396 1.23247 0 0.999895 0 
2 2 0 0.471234 0.471234 385.542 -0.000765801 -0.00184619 -0.000765801 -0.00184619 1.23228 0 0.999791 0 
2 2 0 0.471317 0.471317 385.542 -0.00153328 -0.00369121 -0.00153328 -0.00369121 1.2319 0 0.999582 0 
2 2 0 0.471483 0.471483 385.542 -0.00307383 -0.00737893 -0.00307383 -0.00737893 1.23114 0 0.999163 0 
2 2 0 0.47169 0.47169 385.542 -0.00501002 -0.0119842 -0.00501002 -0.0119842 1.23017 0 0.998639 0 
2 2 0 0.471897 0.471897 385.542 -0.006958 -0.0165845 -0.006958 -0.0165845 1.2292 0 0.998115 0 
2 2 0 0.472104 0.472104 385.542 -0.00891784 -0.0211797 -0.00891784 -0.0211797 1.22823 0 0.99759 0 
2 2 0 0.472311 0.472311 385.542 -0.0108896 -0.0257698 -0.0108896 -0.0257698 1.22724 0 0.997064 0 
2 2 0 0.472518 0.472518 385.542 -0.0128735 -0.0303548 -0.0128735 -0.0303548 1.22625 0 0.996538 0 
2 2 0 0.472725 0.472725 385.542 -0.0148695 -0.0349345 -0.0148695 -0.0349345 1.22525 0 0.996011 0 
2 2 0 0.472931 0.472931 385.542 -0.0168778 -0.0395088 -0.0168778 -0.0395088 1.22424 0 0.995484 0 
2 2 0 0.473138 0.473138 385.542 -0.0188984 -0.0440777 -0.0188984 -0.0440777 1.22323 0 0.994956 0 
2 2 0 0.473344 0.473344 385.542 -0.0209315 -0.048641 -0.0209315 -0.048641 1.22221 0 0.994427 0 
2 2 0 0.47355 0.47355 385.542 -0.0229772 -0.0531988 -0.0229772 -0.0531988 1.22118 0 0.993899 0 
2 2 0 0.473756 0.473756 385.542 -0.0250355 -0.0577508 -0.0250355 -0.0577508 1.22014 0 0.993369 0 
2 2 0 0.473961 0.473961 385.542 -0.0271065 -0.0622971 -0.0271065 -0.0622971 1.21909 0 0.992839 0 
2 2 0 0.474167 0.474167 385.542 -0.0291904 -0.0668375 -0.0291904 -0.0668375 1.21804 0 0.992309 0 
2 2 0 0.474372 0.474372 385.542 -0.0312873 -0.071372 -0.0312873 -0.071372 1.21697 0 0.991778 0 
2 2 0 0.474577 0.474577 385.542 -0.0333972 -0.0759004 -0.0333972 -0.0759004 1.2159 0 0.991247 0 
2 2 0 0.474781 0.474781 385.542 -0.0355203 -0.0804226 -0.0355203 -0.0804226 1.21482 0 0.990716 0 
2 2 0 0.474986 0.474986 385.542 -0.0376567 -0.0849386 -0.0376567 -0.0849386 1.21374 0 0.990184 0 
2 2 0 0.47519 0.47519 385.542 -0.0398065 -0.0894483 -0.0398065 -0.0894483 1.21264 0 0.989652 0 
2 2 0 0.475394 0.475394 385.542 -0.0419698 -0.0939515 -0.0419698 -0.0939515 1.21153 0 0.98912 0 
2 2 0 0.475597 0.475597 385.542 -0.0441466 -0.0984482 -0.0441466 -0.0984482 1.21042 0 0.988587 0 
2 2 0 0.4758 0.4758 385.542 -0.0463372 -0.102938 -0.0463372 -0.102938 1.2093 0 0.988054 0 
2 2 0 0.476003 0.476003 385.542 -0.0485416 -0.107421 -0.0485416 -0.107421 1.20817 0 0.987521 0 
2 2 0 0.476206 0.476206 385.542 -0.0507599 -0.111898 -0.0507599 -0.111898 1.20703 0 0.986988 0 
2 2 0 0.476408 0.476408 385.542 -0.0529923 -0.116367 -0.0529923 -0.116367 1.20588 0 0.986455 0 
2 2 0 0.47661 0.47661 385.542 -0.0552388 -0.12083 -0.0552388 -0.12083 1.20472 0 0.985921 0 
2 2 0 0.476811 0.476811 385.542 -0.0574996 -0.125285 -0.0574996 -0.125285 1.20355 0 0.985388 0 
2 2 0 0.477012 0.477012 385.542 -0.0597747 -0.129733 -0.0597747 -0.129733 1.20237 0 0.984854 0 
2 2 0 0.477213 0.477213 385.542 -0.0620644 -0.134173 -0.0620644 -0.134173 1.20118 0 0.98432 0 
2 2 0 0.477413 0.477413 385.542 -0.0643686 -0.138606 -0.0643686 -0.138606 1.19999 0 0.983787 0 
2 2 0 0.477613 0.477613 385.542 -0.0666876 -0.143031 -0.0666876 -0.143031 1.19878 0 0.983253 0 
2 2 0 0.477812 0.477812 385.542 -0.0690214 -0.147449 -0.0690214 -0.147449 1.19757 0 0.982719 0 
2 2 0 0.478011 0.478011 385.542 -0.0713701 -0.151858 -0.0713701 -0.151858 1.19634 0 0.982186 0 
2 2 0 0.478209 0.478209 385.542 -0.0737339 -0.15626 -0.0737339 -0.15626 1.1951 0 0.981653 0 
2 2 0 0.478407 0.478407 385.542 -0.076113 -0.160653 -0.076113 -0.160653 1.19386 0 0.981119 0 
2 2 0 0.478604 0.478604 385.542 -0.0785073 -0.165038 -0.0785073 -0.165038 1.1926 0 0.980587 0 
2 2 0 0.4788 0.4788 385.542 -0.080917 -0.169415 -0.080917 -0.169415 1.19133 0 0.980054 0 
2 2 0 0.478996 0.478996 385.542 -0.0833423 -0.173783 -0.0833423 -0.173783 1.19005 0 0.979522 0 
2 2 0 0.479192 0.479192 385.542 -0.0857833 -0.178142 -0.0857833 -0.178142 1.18877 0 0.97899 0 
2 2 0 0.479387 0.479387 385.542 -0.08824 -0.182493 -0.08824 -0.182493 1.18747 0 0.978459 0 
2 2 0 0.479581 0.479581 385.542 -0.0907127 -0.186834 -0.0907127 -0.186834 1.18616 0 0.977928 0 
2 2 0 0.479774 0.479774 385.542 -0.0932014 -0.191167 -0.0932014 -0.191167 1.18484 0 0.977397 0 
2 2 0 0.479967 0.479967 385.542 -0.0957062 -0.19549 -0.0957062 -0.19549 1.1835 0 0.976867 0 
2 2 0 0.480159 0.480159 385.542 -0.0982274 -0.199803 -0.0982274 -0.199803 1.18216 0 0.976338 0 
2 2 0 0.480351 0.480351 385.542 -0.100765 -0.204107 -0.100765 -0.204107 1.18081 0 0.97581 0 
2 2 0 0.480542 0.480542 385.542 -0.103319 -0.208402 -0.103319 -0.208402 1.17944 0 0.975282 0 
2 2 0 0.480732 0.480732 385.542 -0.10589 -0.212686 -0.10589 -0.212686 1.17806 0 0.974755 0 
2 2 0 0.480921 0.480921 385.542 -0.108477 -0.21696 -0.108477 -0.21696 1.17667 0 0.974229 0 
2 2 0 0.481109 0.481109 385.542 -0.111082 -0.221224 -0.111082 -0.221224 1.17527 0 0.973704 0 
2 2 0 0.481297 0.481297 385.542 -0.113703 -0.225478 -0.113703 -0.225478 1.17385 0 0.973179 0 
2 2 0 0.481483 0.481483 385.542 -0.116342 -0.229721 -0.116342 -0.229721 1.17243 0 0.972656 0 
2 2 0 0.481669 0.481669 385.542 -0.118997 -0.233953 -0.118997 -0.233953 1.17099 0 0.972134 0 
2 2 0 0.481854 0.481854 385.542 -0.121671 -0.238175 -0.121671 -0.238175 1.16954 0 0.971614 0 
2 2 0 0.482038 0.482038 385.542 -0.124362 -0.242385 -0.124362 -0.242385 1.16807 0 0.971094 0 
2 2 0 0.482221 0.482221 385.542 -0.12707 -0.246584 -0.12707 -0.246584 1.1666 0 0.970576 0 
2 2 0 0.482403 0.482403 385.542 -0.129796 -0.250771 -0.129796 -0.250771 1.16511 0 0.97006 0 
2 2 0 0.482584 0.482584 385.542 -0.13254 -0.254947 -0.13254 -0.254947 1.16361 0 0.969545 0 
2 2 0 0.482764 0.482764 385.542 -0.135303 -0.259111 -0.135303 -0.259111 1.16209 0 0.969031 0 
2 2 0 0.482943 0.482943 385.542 -0.138083 -0.263263 -0.138083 -0.263263 1.16056 0 0.96852 0 
2 2 0 0.483121 0.483121 385.542 -0.140882 -0.267402 -0.140882 -0.267402 1.15902 0 0.96801 0 
2 2 0 0.483298 0.483298 385.542 -0.143699 -0.271529 -0.143699 -0.271529 1.15746 0 0.967502 0 
2 2 0 0.483474 0.483474 385.542 -0.146535 -0.275644 -0.146535 -0.275644 1.15589 0 0.966996 0 
2 2 0 0.483648 0.483648 385.542 -0.149389 -0.279745 -0.149389 -0.279745 1.1543 0 0.966493 0 
2 2 0 0.483821 0.483821 385.542 -0.152263 -0.283834 -0.152263 -0.283834 1.1527 0 0.965991 0 
2 2 0 0.483993 0.483993 385.542 -0.155155 -0.287909 -0.155155 -0.287909 1.15109 0 0.965492 0 
2 2 0 0.484164 0.484164 385.542 -0.158066 -0.29197 -0.158066 -0.29197 1.14946 0 0.964996 0 
2 2 0 0.484333 0.484333 385.542 -0.160997 -0.296018 -0.160997 -0.296018 1.14781 0 0.964502 0 
2 2 0 0.484501 0.484501 385.542 -0.163946 -0.300052 -0.163946 -0.300052 1.14615 0 0.964011 0 
2 2 0 0.484668 0.484668 385.542 -0.166916 -0.304071 -0.166916 -0.304071 1.14448 0 0.963523 0 
2 2 0 0.484833 0.484833 385.542 -0.169905 -0.308076 -0.169905 -0.308076 1.14278 0 0.963038 0 
2 2 0 0.484997 0.484997 385.542 -0.172913 -0.312066 -0.172913 -0.312066 1.14108 0 0.962556 0 
2 2 0 0.48516 0.48516 385.542 -0.175942 -0.316041 -0.175942 -0.316041 1.13935 0 0.962077 0 
2 2 0 0.48532 0.48532 385.542 -0.17899 -0.320001 -0.17899 -0.320001 1.13761 0 0.961602 0 
2 2 0 0.48548 0.48548 385.542 -0.182059 -0.323946 -0.182059 -0.323946 1.13586 0 0.961131 0 
2 2 0 0.485637 0.485637 385.542 -0.185148 -0.327875 -0.185148 -0.327875 1.13408 0 0.960664 0 
2 2 0 0.485794 0.485794 385.542 -0.188257 -0.331787 -0.188257 -0.331787 1.13229 0 0.9602 0 
2 2 0 0.485948 0.485948 385.542 -0.191386 -0.335684 -0.191386 -0.335684 1.13049 0 0.959741 0 
2 2 0 0.486101 0.486101 385.542 -0.194536 -0.339564 -0.194536 -0.339564 1.12866 0 0.959287 0 
2 2 0 0.486252 0.486252 385.542 -0.197707 -0.343427 -0.197707 -0.343427 1.12682 0 0.958837 0 
2 2 0 0.486401 0.486401 385.542 -0.200899 -0.347273 -0.200899 -0.347273 1.12495 0 0.958392 0 
2 2 0 0.486548 0.486548 385.542 -0.204112 -0.351101 -0.204112 -0.351101 1.12307 0 0.957952 0 
2 2 0 0.486694 0.486694 385.542 -0.207345 -0.354912 -0.207345 -0.354912 1.12117 0 0.957518 0 
2 2 0 0.486837 0.486837 385.542 -0.2106 -0.358705 -0.2106 -0.358705 1.11925 0 0.957089 0 
2 2 0 0.486979 0.486979 385.542 -0.213877 -0.36248 -0.213877 -0.36248 1.11732 0 0.956666 0 
2 2 0 0.487119 0.487119 385.542 -0.217174 -0.366236 -0.217174 -0.366236 1.11536 0 0.95625 0 
2 2 0 0.487256 0.487256 385.542 -0.220493 -0.369973 -0.220493 -0.369973 1.11338 0 0.95584 0 
2 2 0 0.487392 0.487392 385.542 -0.223834 -0.37369 -0.223834 -0.37369 1.11138 0 0.955437 0 
2 2 0 0.487525 0.487525 385.542 -0.227197 -0.377389 -0.227197 -0.377389 1.10936 0 0.955041 0 
2 2 0 0.487656 0.487656 385.542 -0.230581 -0.381067 -0.230581 -0.381067 1.10731 0 0.954653 0 
2 2 0 0.487785 0.487785 385.542 -0.233987 -0.384725 -0.233987 -0.384725 1.10525 0 0.954273 0 
2 2 0 0.487912 0.487912 385.542 -0.237416 -0.388362 -0.237416 -0.388362 1.10316 0 0.953901 0 
2 2 0 0.488036 0.488036 385.542 -0.240866 -0.391979 -0.240866 -0.391979 1.10105 0 0.953538 0 
2 2 0 0.488158 0.488158 385.542 -0.244339 -0.395574 -0.244339 -0.395574 1.09892 0 0.953185 0 
2 2 0 0.488277 0.488277 385.542 -0.247834 -0.399148 -0.247834 -0.399148 1.09676 0 0.952842 0 
2 2 0 0.488394 0.488394 385.542 -0.251352 -0.4027 -0.251352 -0.4027 1.09457 0 0.952509 0 
2 2 0 0.488509 0.488509 385.542 -0.254892 -0.406229 -0.254892 -0.406229 1.09236 0 0.952187 0 
2 2 0 0.48862 0.48862 385.542 -0.258454 -0.409735 -0.258454 -0.409735 1.09013 0 0.951876 0 
2 2 0 0.48873 0.48873 385.542 -0.26204 -0.413219 -0.26204 -0.413219 1.08787 0 0.951578 0 
2 2 0 0.488836 0.488836 385.542 -0.265648 -0.416679 -0.265648 -0.416679 1.08558 0 0.951293 0 
2 2 0 0.48894 0.48894 385.542 -0.269279 -0.420115 -0.269279 -0.420115 1.08326 0 0.951022 0 
2 2 0 0.489041 0.489041 385.542 -0.272933 -0.423526 -0.272933 -0.423526 1.08091 0 0.950765 0 
2 2 0 0.489138 0.489138 385.542 -0.27661 -0.426913 -0.27661 -0.426913 1.07853 0 0.950524 0 
2 2 0 0.489233 0.489233 385.542 -0.28031 -0.430275 -0.28031 -0.430275 1.07612 0 0.9503 0 
2 2 0 0.489325 0.489325 385.542 -0.284033 -0.433612 -0.284033 -0.433612 1.07368 0 0.950094 0 
2 2 0 0.489414 0.489414 385.542 -0.287779 -0.436922 -0.287779 -0.436922 1.0712 0 0.949906 0 
2 2 0 0.4895 0.4895 385.542 -0.291549 -0.440206 -0.291549 -0.440206 1.06869 0 0.949739 0 
2 2 0 0.489583 0.489583 385.542 -0.295342 -0.443463 -0.295342 -0.443463 1.06614 0 0.949593 0 
2 2 0 0.489662 0.489662 385.542 -0.299158 -0.446693 -0.299158 -0.446693 1.06356 0 0.949471 0 
2 2 0 0.489738 0.489738 385.542 -0.302997 -0.449895 -0.302997 -0.449895 1.06093 0 0.949374 0 
2 2 0 0.48981 0.48981 385.542 -0.30686 -0.453069 -0.30686 -0.453069 1.05826 0 0.949305 0 
2 2 0 0.489879 0.489879 385.542 -0.310746 -0.456214 -0.310746 -0.456214 1.05554 0 0.949265 0 
2 2 0 0.489945 0.489945 385.542 -0.314656 -0.45933 -0.314656 -0.45933 1.05278 0 0.949257 0 
2 2 0 0.490007 0.490007 385.542 -0.31859 -0.462417 -0.31859 -0.462417 1.04997 0 0.949285 0 
2 2 0 0.490065 0.490065 385.542 -0.322546 -0.465473 -0.322546 -0.465473 1.0471 0 0.949352 0 
2 2 0 0.490119 0.490119 385.542 -0.326527 -0.468499 -0.326527 -0.468499 1.04418 0 0.949461 0 
2 2 0 0.49017 0.49017 385.542 -0.33053 -0.471494 -0.33053 -0.471494 1.04119 0 0.949617 0 
2 2 0 0.490217 0.490217 385.542 -0.334558 -0.474457 -0.334558 -0.474457 1.03813 0 0.949827 0 
2 2 0 0.490259 0.490259 385.542 -0.338608 -0.477388 -0.338608 -0.477388 1.035 0 0.950096 0 
2 2 0 0.490298 0.490298 385.542 -0.342683 -0.480287 -0.342683 -0.480287 1.03179 0 0.950432 0 
2 2 0 0.490332 0.490332 385.542 -0.34678 -0.483152 -0.34678 -0.483152 1.02848 0 0.950846 0 
2 2 0 0.490363 0.490363 385.542 -0.350901 -0.485984 -0.350901 -0.485984 1.02507 0 0.95135 0 
2 2 0 0.490389 0.490389 385.542 -0.355045 -0.488781 -0.355045 -0.488781 1.02154 0 0.95196 0 
2 2 0 0.49041 0.49041 385.542 -0.359213 -0.491544 -0.359213 -0.491544 1.01786 0 0.952696 0 
2 2 0 0.490427 0.490427 385.542 -0.363404 -0.494272 -0.363404 -0.494272 1.01402 0 0.953589 0 
2 2 0 0.49044 0.49044 385.542 -0.367618 -0.496963 -0.367618 -0.496963 1.00996 0 0.954678 0 
2 2 0 0.490448 0.490448 385.542 -0.371855 -0.499618 -0.371855 -0.499618 1.00562 0 0.956028 0 
2 2 0 0.490451 0.490451 385.542 -0.376115 -0.502236 -0.376115 -0.502236 1.00091 0 0.957741 0 
2 2 0 0.490451 0.490451 385.542 -0.376885 -0.502704 -0.376885 -0.502704 1.00001 0 0.958101 0 
1 2 0 0.490449 0.490449 385.542 -0.381172 -0.505277 -0.381172 -0.505277 0.994573 0 0.960517 0 
1 2 0 0.490442 0.490442 385.542 -0.385481 -0.507812 -0.385481 -0.507812 0.9879 0 0.964156 0 
1 2 0 0.490429 0.490429 2167.2 -0.389814 -0.510308 -0.389814 -0.510308 0.974503 0.00282531 0.974503 -0.00282531 
1 2 0 0.490412 0.490412 488.296 -0.394169 -0.512765 -0.394169 -0.512765 0.972971 0.0125205 0.972971 -0.0125205 
1 2 0 0.490389 0.490389 349.332 -0.398546 -0.515182 -0.398546 -0.515182 0.971431 0.0174743 0.971431 -0.0174743 
1 2 0 0.490362 0.490362 286.144 -0.402946 -0.517558 -0.402946 -0.517558 0.969884 0.0213003 0.969884 -0.0213003 
1 2 0 0.490328 0.490328 248.076 -0.407368 -0.519892 -0.407368 -0.519892 0.968329 0.0245308 0.968329 -0.0245308 
1 2 0 0.49029 0.49029 221.942 -0.411811 -0.522185 -0.411811 -0.522185 0.966767 0.0273765 0.966767 -0.0273765 
1 2 0 0.490246 0.490246 202.577 -0.416276 -0.524435 -0.416276 -0.524435 0.965197 0.0299464 0.965197 -0.0299464 
1 2 0 0.490196 0.490196 187.487 -0.420763 -0.526641 -0.420763 -0.526641 0.963619 0.0323055 0.963619 -0.0323055 
1 2 0 0.49014 0.49014 175.301 -0.425271 -0.528804 -0.425271 -0.528804 0.962034 0.0344963 0.962034 -0.0344963 
1 2 0 0.490079 0.490079 165.194 -0.4298 -0.530922 -0.4298 -0.530922 0.960442 0.0365483 0.960442 -0.0365483 
1 2 0 0.490011 0.490011 156.636 -0.43435 -0.532995 -0.43435 -0.532995 0.958842 0.0384829 0.958842 -0.0384829 
1 2 0 0.489938 0.489938 149.271 -0.438921 -0.535022 -0.438921 -0.535022 0.957235 0.0403162 0.957235 -0.0403162 
1 2 0 0.489859 0.489859 142.846 -0.443511 -0.537002 -0.443511 -0.537002 0.95562 0.0420607 0.95562 -0.0420607 
1 2 0 0.489773 0.489773 137.179 -0.448122 -0.538935 -0.448122 -0.538935 0.953999 0.0437264 0.953999 -0.0437264 
1 2 0 0.489681 0.489681 132.133 -0.452752 -0.54082 -0.452752 -0.54082 0.95237 0.0453213 0.95237 -0.0453213 
1 2 0 0.489582 0.489582 127.604 -0.457402 -0.542656 -0.457402 -0.542656 0.950733 0.0468517 0.950733 -0.0468517 
1 2 0 0.489477 0.489477 123.511 -0.462071 -0.544443 -0.462071 -0.544443 0.94909 0.0483233 0.94909 -0.0483233 
1 2 0 0.489366 0.489366 119.79 -0.466759 -0.54618 -0.466759 -0.54618 0.94744 0.0497404 0.94744 -0.0497404 
1 2 0 0.489247 0.489247 116.389 -0.471465 -0.547867 -0.471465 -0.547867 0.945783 0.051107 0.945783 -0.051107 
1 2 0 0.489122 0.489122 113.267 -0.476188 -0.549502 -0.476188 -0.549502 0.944119 0.0524263 0.944119 -0.0524263 
1 2 0 0.48899 0.48899 110.388 -0.48093 -0.551084 -0.48093 -0.551084 0.942448 0.0537011 0.942448 -0.0537011 
1 2 0 0.488851 0.488851 107.725 -0.485688 -0.552614 -0.485688 -0.552614 0.94077 0.0549338 0.94077 -0.0549338 
1 2 0 0.488704 0.488704 105.252 -0.490463 -0.55409 -0.490463 -0.55409 0.939085 0.0561266 0.939085 -0.0561266 
1 2 0 0.488551 0.488551 102.951 -0.495255 -0.555512 -0.495255 -0.555512 0.937394 0.0572813 0.937394 -0.0572813 
1 2 0 0.48839 0.48839 100.802 -0.500062 -0.556879 -0.500062 -0.556879 0.935697 0.0583994 0.935697 -0.0583994 
1 2 0 0.488221 0.488221 98.7917 -0.504884 -0.558191 -0.504884 -0.558191 0.933993 0.0594825 0.933993 -0.0594825 
1 2 0 0.488045 0.488045 96.9069 -0.509722 -0.559446 -0.509722 -0.559446 0.932282 0.0605316 0.932282 -0.0605316 
1 2 0 0.487862 0.487862 95.1362 -0.514573 -0.560643 -0.514573 -0.560643 0.930566 0.0615479 0.930566 -0.0615479 
1 2 0 0.48767 0.48767 93.47 -0.519438 -0.561783 -0.519438 -0.561783 0.928843 0.0625323 0.928843 -0.0625323 
1 2 0 0.487471 0.487471 91.8997 -0.524316 -0.562865 -0.524316 -0.562865 0.927114 0.0634857 0.927114 -0.0634857 
1 2 0 0.487264 0.487264 90.4178 -0.529206 -0.563887 -0.529206 -0.563887 0.925379 0.0644089 0.925379 -0.0644089 
1 2 0 0.487048 0.487048 89.0174 -0.534108 -0.564849 -0.534108 -0.564849 0.923638 0.0653024 0.923638 -0.0653024 
1 2 0 0.486824 0.486824 87.6929 -0.539022 -0.565751 -0.539022 -0.565751 0.921892 0.0661668 0.921892 -0.0661668 
1 2 0 0.486593 0.486593 86.4387 -0.543945 -0.566591 -0.543945 -0.566591 0.92014 0.0670026 0.92014 -0.0670026 
1 2 0 0.486352 0.486352 85.2503 -0.548879 -0.567369 -0.548879 -0.567369 0.918383 0.0678102 0.918383 -0.0678102 
1 2 0 0.486103 0.486103 84.1233 -0.553822 -0.568085 -0.553822 -0.568085 0.91662 0.0685901 0.91662 -0.0685901 
1 2 0 0.485846 0.485846 83.054 -0.558773 -0.568737 -0.558773 -0.568737 0.914852 0.0693426 0.914852 -0.0693426 
1 2 0 0.48558 0.48558 82.0389 -0.563731 -0.569325 -0.563731 -0.569325 0.913079 0.0700678 0.913079 -0.0700678 
1 2 0 0.485305 0.485305 81.075 -0.568697 -0.569849 -0.568697 -0.569849 0.911301 0.0707662 0.911301 -0.0707662 
1 2 0 0.485021 0.485021 80.1594 -0.573668 -0.570307 -0.573668 -0.570307 0.909519 0.0714377 0.909519 -0.0714377 
1 2 0 0.484728 0.484728 79.2897 -0.578644 -0.5707 -0.578644 -0.5707 0.907732 0.0720827 0.907732 -0.0720827 
1 2 0 0.484427 0.484427 78.4634 -0.583625 -0.571025 -0.583625 -0.571025 0.90594 0.0727012 0.90594 -0.0727012 
1 2 0 0.484116 0.484116 77.6786 -0.588609 -0.571284 -0.588609 -0.571284 0.904144 0.0732934 0.904144 -0.0732934 
1 2 0 0.483796 0.483796 76.9333 -0.593596 -0.571475 -0.593596 -0.571475 0.902344 0.0738593 0.902344 -0.0738593 
1 2 0 0.483466 0.483466 76.2257 -0.598584 -0.571598 -0.598584 -0.571598 0.90054 0.0743989 0.90054 -0.0743989 
1 2 0 0.483127 0.483127 75.5544 -0.603572 -0.571652 -0.603572 -0.571652 0.898733 0.0749123 0.898733 -0.0749123 
1 2 0 0.482779 0.482779 74.9179 -0.608561 -0.571637 -0.608561 -0.571637 0.896921 0.0753995 0.896921 -0.0753995 
1 2 0 0.482421 0.482421 74.3148 -0.613548 -0.571552 -0.613548 -0.571552 0.895107 0.0758605 0.895107 -0.0758605 
1 2 0 0.482053 0.482053 73.7441 -0.618532 -0.571397 -0.618532 -0.571397 0.893289 0.0762952 0.893289 -0.0762952 
1 2 0 0.481676 0.481676 73.2045 -0.623513 -0.571171 -0.623513 -0.571171 0.891468 0.0767037 0.891468 -0.0767037 
1 2 0 0.481289 0.481289 72.6952 -0.62849 -0.570874 -0.62849 -0.570874 0.889645 0.0770858 0.889645 -0.0770858 
1 2 0 0.480892 0.480892 72.2152 -0.633461 -0.570505 -0.633461 -0.570505 0.887819 0.0774415 0.887819 -0.0774415 
1 2 0 0.480485 0.480485 71.7637 -0.638426 -0.570065 -0.638426 -0.570065 0.885991 0.0777707 0.885991 -0.0777707 
1 2 0 0.480068 0.480068 71.34 -0.643382 -0.569553 -0.643382 -0.569553 0.88416 0.0780733 0.88416 -0.0780733 
1 2 0 0.479642 0.479642 70.9435 -0.64833 -0.568968 -0.64833 -0.568968 0.882328 0.0783493 0.882328 -0.0783493 
1 2 0 0.479205 0.479205 70.5735 -0.653268 -0.56831 -0.653268 -0.56831 0.880494 0.0785984 0.880494 -0.0785984 
1 2 0 0.478758 0.478758 70.2296 -0.658195 -0.56758 -0.658195 -0.56758 0.878658 0.0788207 0.878658 -0.0788207 
1 2 0 0.478301 0.478301 69.9113 -0.663109 -0.566777 -0.663109 -0.566777 0.876821 0.079016 0.876821 -0.079016 
1 2 0 0.477834 0.477834 69.6183 -0.66801 -0.5659 -0.66801 -0.5659 0.874983 0.0791841 0.874983 -0.0791841 
1 2 0 0.477357 0.477357 69.3501 -0.672896 -0.56495 -0.672896 -0.56495 0.873145 0.079325 0.873145 -0.079325 
1 2 0 0.476869 0.476869 69.1065 -0.677767 -0.563927 -0.677767 -0.563927 0.871306 0.0794384 0.871306 -0.0794384 
1 2 0 0.476372 0.476372 68.8872 -0.68262 -0.562831 -0.68262 -0.562831 0.869466 0.0795244 0.869466 -0.0795244 
1 2 0 0.475864 0.475864 68.6922 -0.687456 -0.561661 -0.687456 -0.561661 0.867626 0.0795827 0.867626 -0.0795827 
1 2 0 0.475345 0.475345 68.5213 -0.692271 -0.560418 -0.692271 -0.560418 0.865787 0.0796132 0.865787 -0.0796132 
1 2 0 0.474817 0.474817 68.3743 -0.697067 -0.559102 -0.697067 -0.559102 0.863948 0.0796158 0.863948 -0.0796158 
1 2 0 0.474278 0.474278 68.2514 -0.70184 -0.557713 -0.70184 -0.557713 0.862109 0.0795903 0.862109 -0.0795903 
1 2 0 0.473729 0.473729 68.1525 -0.706591 -0.556251 -0.706591 -0.556251 0.860272 0.0795366 0.860272 -0.0795366 
1 2 0 0.47317 0.47317 68.0776 -0.711317 -0.554717 -0.711317 -0.554717 0.858435 0.0794545 0.858435 -0.0794545 
1 2 0 0.4726 0.4726 68.027 -0.716018 -0.553111 -0.716018 -0.553111 0.856599 0.0793439 0.856599 -0.0793439 
1 2 0 0.47202 0.47202 68.0008 -0.720693 -0.551432 -0.720693 -0.551432 0.854765 0.0792047 0.854765 -0.0792047 
1 2 0 0.47143 0.47143 67.9993 -0.72534 -0.549683 -0.72534 -0.549683 0.852933 0.0790367 0.852933 -0.0790367 
1 2 0 0.47083 0.47083 68.0228 -0.729959 -0.547862 -0.729959 -0.547862 0.851103 0.0788398 0.851103 -0.0788398 
1 2 0 0.470219 0.470219 68.0715 -0.734548 -0.545971 -0.734548 -0.545971 0.849275 0.0786137 0.849275 -0.0786137 
1 2 0 0.469599 0.469599 68.146 -0.739106 -0.544011 -0.739106 -0.544011 0.847449 0.0783584 0.847449 -0.0783584 
1 2 0 0.468968 0.468968 68.2468 -0.743632 -0.54198 -0.743632 -0.54198 0.845625 0.0780738 0.845625 -0.0780738 
1 2 0 0.468327 0.468327 68.3743 -0.748125 -0.539882 -0.748125 -0.539882 0.843804 0.0777595 0.843804 -0.0777595 
1 2 0 0.467676 0.467676 68.5293 -0.752585 -0.537715 -0.752585 -0.537715 0.841987 0.0774155 0.841987 -0.0774155 
1 2 0 0.467016 0.467016 68.7124 -0.75701 -0.53548 -0.75701 -0.53548 0.840172 0.0770417 0.840172 -0.0770417 
1 2 0 0.466345 0.466345 68.9245 -0.761398 -0.53318 -0.761398 -0.53318 0.83836 0.0766377 0.83836 -0.0766377 
1 2 0 0.465664 0.465664 69.1664 -0.765751 -0.530813 -0.765751 -0.530813 0.836552 0.0762034 0.836552 -0.0762034 
1 2 0 0.464974 0.464974 69.4391 -0.770065 -0.528381 -0.770065 -0.528381 0.834747 0.0757387 0.834747 -0.0757387 
1 2 0 0.464273 0.464273 69.7438 -0.774342 -0.525886 -0.774342 -0.525886 0.832945 0.0752433 0.832945 -0.0752433 
1 2 0 0.463563 0.463563 70.0817 -0.778579 -0.523327 -0.778579 -0.523327 0.831148 0.0747169 0.831148 -0.0747169 
1 2 0 0.462843 0.462843 70.4542 -0.782776 -0.520706 -0.782776 -0.520706 0.829354 0.0741594 0.829354 -0.0741594 
1 2 0 0.462114 0.462114 70.8629 -0.786933 -0.518023 -0.786933 -0.518023 0.827564 0.0735704 0.827564 -0.0735704 
1 2 0 0.461375 0.461375 71.3093 -0.791048 -0.515281 -0.791048 -0.515281 0.825778 0.0729496 0.825778 -0.0729496 
1 2 0 0.460626 0.460626 71.7955 -0.795121 -0.512478 -0.795121 -0.512478 0.823997 0.0722968 0.823997 -0.0722968 
1 2 0 0.459868 0.459868 72.3235 -0.799152 -0.509618 -0.799152 -0.509618 0.822219 0.0716115 0.822219 -0.0716115 
1 2 0 0.4591 0.4591 72.8957 -0.80314 -0.5067 -0.80314 -0.5067 0.820446 0.0708934 0.820446 -0.0708934 
1 2 0 0.458323 0.458323 73.5146 -0.807084 -0.503726 -0.807084 -0.503726 0.818677 0.070142 0.818677 -0.070142 
1 2 0 0.457536 0.457536 74.1833 -0.810984 -0.500697 -0.810984 -0.500697 0.816912 0.0693568 0.816912 -0.0693568 
1 2 0 0.45674 0.45674 74.9051 -0.81484 -0.497613 -0.81484 -0.497613 0.815152 0.0685373 0.815152 -0.0685373 
1 2 0 0.455935 0.455935 75.6836 -0.81865 -0.494477 -0.81865 -0.494477 0.813396 0.067683 0.813396 -0.067683 
1 2 0 0.455121 0.455121 76.523 -0.822416 -0.491289 -0.822416 -0.491289 0.811644 0.066793 0.811644 -0.066793 
1 2 0 0.454297 0.454297 77.428 -0.826135 -0.48805 -0.826135 -0.48805 0.809896 0.0658667 0.809896 -0.0658667 
1 2 0 0.453464 0.453464 78.4039 -0.829809 -0.484762 -0.829809 -0.484762 0.808152 0.0649033 0.808152 -0.0649033 
1 2 0 0.452622 0.452622 79.457 -0.833437 -0.481425 -0.833437 -0.481425 0.806413 0.0639017 0.806413 -0.0639017 
1 2 0 0.451771 0.451771 80.594 -0.837019 -0.478041 -0.837019 -0.478041 0.804678 0.0628609 0.804678 -0.0628609 
1 2 0 0.450911 0.450911 81.8231 -0.840554 -0.474611 -0.840554 -0.474611 0.802947 0.0617797 0.802947 -0.0617797 
1 2 0 0.450041 0.450041 83.1535 -0.844042 -0.471135 -0.844042 -0.471135 0.801219 0.0606567 0.801219 -0.0606567 
1 2 0 0.449163 0.449163 84.5959 -0.847484 -0.467616 -0.847484 -0.467616 0.799496 0.0594904 0.799496 -0.0594904 
1 2 0 0.448275 0.448275 86.1629 -0.850879 -0.464054 -0.850879 -0.464054 0.797776 0.0582789 0.797776 -0.0582789 
1 2 0 0.447378 0.447378 87.8692 -0.854228 -0.46045 -0.854228 -0.46045 0.79606 0.0570204 0.79606 -0.0570204 
1 2 0 0.446472 0.446472 89.7324 -0.857529 -0.456805 -0.857529 -0.456805 0.794347 0.0557124 0.794347 -0.0557124 
1 2 0 0.445557 0.445557 91.7733 -0.860784 -0.453121 -0.860784 -0.453121 0.792638 0.0543522 0.792638 -0.0543522 
1 2 0 0.444632 0.444632 94.0173 -0.863992 -0.449399 -0.863992 -0.449399 0.790931 0.0529369 0.790931 -0.0529369 
1 2 0 0.443699 0.443699 96.4951 -0.867154 -0.445639 -0.867154 -0.445639 0.789228 0.0514626 0.789228 -0.0514626 
1 2 0 0.442756 0.442756 99.2445 -0.870269 -0.441843 -0.870269 -0.441843 0.787527 0.0499252 0.787527 -0.0499252 
1 2 0 0.441804 0.441804 102.313 -0.873338 -0.438011 -0.873338 -0.438011 0.785829 0.0483196 0.785829 -0.0483196 
1 2 0 0.440842 0.440842 105.761 -0.87636 -0.434146 -0.87636 -0.434146 0.784133 0.0466398 0.784133 -0.0466398 
1 2 0 0.439871 0.439871 109.665 -0.879337 -0.430247 -0.879337 -0.430247 0.78244 0.0448784 0.78244 -0.0448784 
1 2 0 0.438891 0.438891 114.128 -0.882268 -0.426316 -0.882268 -0.426316 0.780748 0.0430265 0.780748 -0.0430265 
1 2 0 0.437901 0.437901 119.287 -0.885153 -0.422354 -0.885153 -0.422354 0.779058 0.041073 0.779058 -0.041073 
1 2 0 0.436901 0.436901 125.333 -0.887993 -0.418362 -0.887993 -0.418362 0.777369 0.0390038 0.777369 -0.0390038 
1 2 0 0.435892 0.435892 132.537 -0.890788 -0.41434 -0.890788 -0.41434 0.775681 0.0368004 0.775681 -0.0368004 
1 2 0 0.434873 0.434873 141.306 -0.893538 -0.41029 -0.893538 -0.41029 0.773994 0.0344384 0.773994 -0.0344384 
1 2 0 0.433844 0.433844 152.281 -0.896243 -0.406213 -0.896243 -0.406213 0.772308 0.0318839 0.772308 -0.0318839 
1 2 0 0.432804 0.432804 166.54 -0.898904 -0.402109 -0.898904 -0.402109 0.770621 0.0290877 0.770621 -0.0290877 
1 2 0 0.431755 0.431755 186.084 -0.901521 -0.39798 -0.901521 -0.39798 0.768935 0.0259732 0.768935 -0.0259732 
1 2 0 0.430695 0.430695 215.176 -0.904095 -0.393825 -0.904095 -0.393825 0.767249 0.0224102 0.767249 -0.0224102 
1 2 0 0.429625 0.429625 265.247 -0.906625 -0.389647 -0.906625 -0.389647 0.765561 0.018138 0.765561 -0.018138 
1 2 0 0.428545 0.428545 385.542 -0.909112 -0.385446 -0.909112 -0.385446 0.763873 0.01245 0.763873 -0.01245 
1 2 0 0.427453 0.427453 385.542 -0.911557 -0.381223 -0.911557 -0.381223 0.757748 0 0.766618 0 
1 2 0 0.426351 0.426351 385.542 -0.913959 -0.376979 -0.913959 -0.376979 0.746528 0 0.774453 0 
1 2 0 0.425237 0.425237 385.542 -0.91632 -0.372714 -0.91632 -0.372714 0.739542 0 0.778052 0 
1 2 0 0.424112 0.424112 385.542 -0.918638 -0.368429 -0.918638 -0.368429 0.733711 0 0.78049 0 
1 2 0 0.422976 0.422976 385.542 -0.920916 -0.364125 -0.920916 -0.364125 0.728498 0 0.782304 0 
1 2 0 0.421828 0.421828 385.542 -0.923153 -0.359803 -0.923153 -0.359803 0.723684 0 0.783712 0 
1 2 0 0.420668 0.420668 385.542 -0.925349 -0.355463 -0.925349 -0.355463 0.719156 0 0.784826 0 
1 2 0 0.419496 0.419496 385.542 -0.927505 -0.351107 -0.927505 -0.351107 0.714845 0 0.785716 0 
1 2 0 0.418311 0.418311 385.542 -0.929621 -0.346734 -0.929621 -0.346734 0.710704 0 0.786424 0 
1 2 0 0.417114 0.417114 385.542 -0.931698 -0.342346 -0.931698 -0.342346 0.706704 0 0.786983 0 
1 2 0 0.415903 0.415903 385.542 -0.933736 -0.337943 -0.933736 -0.337943 0.70282 0 0.787413 0 
1 2 0 0.41468 0.41468 385.542 -0.935736 -0.333527 -0.935736 -0.333527 0.699035 0 0.787733 0 
1 2 0 0.413442 0.413442 385.542 -0.937697 -0.329097 -0.937697 -0.329097 0.695334 0 0.787954 0 
1 2 0 0.412191 0.412191 385.542 -0.93962 -0.324654 -0.93962 -0.324654 0.691707 0 0.788088 0 
1 2 0 0.410926 0.410926 385.542 -0.941506 -0.320199 -0.941506 -0.320199 0.688145 0 0.788141 0 
1 2 0 0.409646 0.409646 385.542 -0.943354 -0.315733 -0.943354 -0.315733 0.684639 0 0.788121 0 
1 2 0 0.408351 0.408351 385.542 -0.945166 -0.311256 -0.945166 -0.311256 0.681184 0 0.788033 0 
1 2 0 0.407041 0.407041 385.542 -0.946942 -0.306769 -0.946942 -0.306769 0.677773 0 0.787881 0 
1 2 0 0.405715 0.405715 385.542 -0.948681 -0.302273 -0.948681 -0.302273 0.674402 0 0.787669 0 
1 2 0 0.404373 0.404373 385.542 -0.950384 -0.297767 -0.950384 -0.297767 0.671066 0 0.787401 0 
1 2 0 0.403015 0.403015 385.542 -0.952053 -0.293254 -0.952053 -0.293254 0.667762 0 0.787078 0 
1 2 0 0.40164 0.40164 385.542 -0.953686 -0.288732 -0.953686 -0.288732 0.664485 0 0.786704 0 
1 2 0 0.400247 0.400247 385.542 -0.955285 -0.284204 -0.955285 -0.284204 0.661234 0 0.786279 0 
1 2 0 0.398836 0.398836 385.542 -0.956849 -0.279669 -0.956849 -0.279669 0.658003 0 0.785805 0 
1 2 0 0.397407 0.397407 385.542 -0.958379 -0.275128 -0.958379 -0.275128 0.654792 0 0.785284 0 
1 2 0 0.395959 0.395959 385.542 -0.959876 -0.270583 -0.959876 -0.270583 0.651597 0 0.784717 0 
1 2 0 0.394492 0.394492 385.542 -0.961339 -0.266032 -0.961339 -0.266032 0.648416 0 0.784104 0 
1 2 0 0.393004 0.393004 385.542 -0.96277 -0.261478 -0.96277 -0.261478 0.645247 0 0.783446 0 
1 2 0 0.391496 0.391496 385.542 -0.964168 -0.25692 -0.964168 -0.25692 0.642087 0 0.782744 0 
1 2 0 0.389967 0.389967 385.542 -0.965533 -0.252359 -0.965533 -0.252359 0.638934 0 0.781997 0 
1 2 0 0.388415 0.388415 385.542 -0.966866 -0.247797 -0.966866 -0.247797 0.635786 0 0.781207 0 
1 2 0 0.386842 0.386842 385.542 -0.968168 -0.243233 -0.968168 -0.243233 0.632642 0 0.780373 0 
1 2 0 0.385244 0.385244 385.542 -0.969438 -0.238668 -0.969438 -0.238668 0.629498 0 0.779495 0 
1 2 0 0.383623 0.383623 385.542 -0.970678 -0.234103 -0.970678 -0.234103 0.626354 0 0.778574 0 
1 2 0 0.381977 0.381977 385.542 -0.971886 -0.229539 -0.971886 -0.229539 0.623207 0 0.777608 0 
1 2 0 0.380306 0.380306 385.542 -0.973064 -0.224976 -0.973064 -0.224976 0.620056 0 0.776598 0 
1 2 0 0.378608 0.378608 385.542 -0.974212 -0.220415 -0.974212 -0.220415 0.616897 0 0.775543 0 
1 2 0 0.376883 0.376883 385.542 -0.975329 -0.215857 -0.975329 -0.215857 0.613731 0 0.774443 0 
1 2 0 0.37513 0.37513 385.542 -0.976417 -0.211302 -0.976417 -0.211302 0.610553 0 0.773297 0 
1 2 0 0.373348 0.373348 385.542 -0.977476 -0.206752 -0.977476 -0.206752 0.607364 0 0.772104 0 
1 2 0 0.371536 0.371536 385.542 -0.978505 -0.202207 -0.978505 -0.202207 0.604159 0 0.770864 0 
1 2 0 0.369692 0.369692 385.542 -0.979506 -0.197668 -0.979506 -0.197668 0.600939 0 0.769576 0 
1 2 0 0.367817 0.367817 385.542 -0.980478 -0.193136 -0.980478 -0.193136 0.5977 0 0.768239 0 
1 2 0 0.365908 0.365908 385.542 -0.981422 -0.188612 -0.981422 -0.188612 0.59444 0 0.766852 0 
1 2 0 0.363965 0.363965 385.542 -0.982338 -0.184096 -0.982338 -0.184096 0.591157 0 0.765414 0 
1 2 0 0.361987 0.361987 385.542 -0.983226 -0.179591 -0.983226 -0.179591 0.58785 0 0.763924 0 
1 2 0 0.359972 0.359972 385.542 -0.984086 -0.175096 -0.984086 -0.175096 0.584515 0 0.76238 0 
1 2 0 0.357919 0.357919 385.542 -0.984919 -0.170614 -0.984919 -0.170614 0.581151 0 0.760782 0 
1 2 0 0.355826 0.355826 385.542 -0.985726 -0.166145 -0.985726 -0.166145 0.577755 0 0.759127 0 
1 2 0 0.353693 0.353693 385.542 -0.986505 -0.16169 -0.986505 -0.16169 0.574325 0 0.757414 0 
1 2 0 0.351517 0.351517 385.542 -0.987258 -0.157251 -0.987258 -0.157251 0.570859 0 0.755643 0 
1 2 0 0.349298 0.349298 385.542 -0.987985 -0.15283 -0.987985 -0.15283 0.567353 0 0.75381 0 
1 2 0 0.347033 0.347033 385.542 -0.988685 -0.148427 -0.988685 -0.148427 0.563805 0 0.751915 0 
1 2 0 0.344722 0.344722 385.542 -0.98936 -0.144045 -0.98936 -0.144045 0.560213 0 0.749955 0 
1 2 0 0.342362 0.342362 385.542 -0.99001 -0.139684 -0.99001 -0.139684 0.556574 0 0.747929 0 
1 2 0 0.339952 0.339952 385.542 -0.990634 -0.135348 -0.990634 -0.135348 0.552884 0 0.745834 0 
1 2 0 0.337491 0.337491 385.542 -0.991233 -0.131037 -0.991233 -0.131037 0.549141 0 0.743669 0 
1 2 0 0.334975 0.334975 385.542 -0.991808 -0.126753 -0.991808 -0.126753 0.545343 0 0.741431 0 
1 2 0 0.332404 0.332404 385.542 -0.992359 -0.1225 -0.992359 -0.1225 0.541486 0 0.739118 0 
1 2 0 0.329777 0.329777 385.542 -0.992885 -0.118278 -0.992885 -0.118278 0.537567 0 0.736728 0 
1 2 0 0.32709 0.32709 385.542 -0.993388 -0.114091 -0.993388 -0.114091 0.533583 0 0.734258 0 
1 2 0 0.324342 0.324342 385.542 -0.993867 -0.109941 -0.993867 -0.109941 0.529531 0 0.731706 0 
1 2 0 0.321531 0.321531 385.542 -0.994323 -0.10583 -0.994323 -0.10583 0.525408 0 0.72907 0 
1 2 0 0.318656 0.318656 385.542 -0.994756 -0.101762 -0.994756 -0.101762 0.521211 0 0.726347 0 
1 2 0 0.315714 0.315714 385.542 -0.995168 -0.0977386 -0.995168 -0.0977386 0.516936 0 0.723535 0 
1 2 0 0.312704 0.312704 385.542 -0.995557 -0.0937641 -0.995557 -0.0937641 0.512582 0 0.72063 0 
1 2 0 0.309624 0.309624 385.542 -0.995924 -0.0898413 -0.995924 -0.0898413 0.508145 0 0.717632 0 
1 2 0 0.306473 0.306473 385.542 -0.996271 -0.0859737 -0.996271 -0.0859737 0.503622 0 0.714537 0 
1 2 0 0.303249 0.303249 385.542 -0.996597 -0.0821647 -0.996597 -0.0821647 0.49901 0 0.711344 0 
1 2 0 0.299951 0.299951 385.542 -0.996902 -0.0784181 -0.996902 -0.0784181 0.494309 0 0.70805 0 
1 2 0 0.296577 0.296577 385.542 -0.997188 -0.0747376 -0.997188 -0.0747376 0.489515 0 0.704653 0 
1 2 0 0.293127 0.293127 385.542 -0.997455 -0.071127 -0.997455 -0.071127 0.484626 0 0.701151 0 
1 2 0 0.289599 0.289599 385.542 -0.997703 -0.0675903 -0.997703 -0.0675903 0.479643 0 0.697544 0 
1 2 0 0.285995 0.285995 385.542 -0.997933 -0.0641313 -0.997933 -0.0641313 0.474562 0 0.69383 0 
1 2 0 0.282312 0.282312 385.542 -0.998146 -0.060754 -0.998146 -0.060754 0.469385 0 0.690008 0 
1 2 0 0.278552 0.278552 385.542 -0.998342 -0.0574622 -0.998342 -0.0574622 0.464111 0 0.686078 0 
1 2 0 0.274714 0.274714 385.542 -0.998523 -0.0542595 -0.998523 -0.0542595 0.45874 0 0.68204 0 
1 2 0 0.270801 0.270801 385.542 -0.998688 -0.0511496 -0.998688 -0.0511496 0.453275 0 0.677894 0 
1 2 0 0.266812 0.266812 385.542 -0.998838 -0.0481357 -0.998838 -0.0481357 0.447716 0 0.673641 0 
1 2 0 0.26275 0.26275 385.542 -0.998975 -0.045221 -0.998975 -0.045221 0.442067 0 0.669282 0 
1 2 0 0.258616 0.258616 385.542 -0.999099 -0.0424081 -0.999099 -0.0424081 0.43633 0 0.664819 0 
1 2 0 0.254413 0.254413 385.542 -0.99921 -0.0396993 -0.99921 -0.0396993 0.430508 0 0.660255 0 
1 2 0 0.250144 0.250144 385.542 -0.999311 -0.0370966 -0.999311 -0.0370966 0.424607 0 0.655592 0 
1 2 0 0.24581 0.24581 385.542 -0.9994 -0.0346014 -0.9994 -0.0346014 0.418631 0 0.650833 0 
1 2 0 0.241415 0.241415 385.542 -0.99948 -0.0322148 -0.99948 -0.0322148 0.412586 0 0.645982 0 
1 2 0 0.236963 0.236963 385.542 -0.999551 -0.029937 -0.999551 -0.029937 0.406476 0 0.641042 0 
1 2 0 0.232456 0.232456 385.542 -0.999614 -0.0277683 -0.999614 -0.0277683 0.400309 0 0.636019 0 
1 2 0 0.2279 0.2279 385.542 -0.999669 -0.0257078 -0.999669 -0.0257078 0.39409 0 0.630915 0 
1 2 0 0.223295 0.223295 385.542 -0.999718 -0.0237547 -0.999718 -0.0237547 0.387825 0 0.625735 0 
1 2 0 0.218648 0.218648 385.542 -0.99976 -0.0219075 -0.99976 -0.0219075 0.381523 0 0.620485 0 
1 2 0 0.213961 0.213961 385.542 -0.999797 -0.0201642 -0.999797 -0.0201642 0.375189 0 0.615169 0 
1 2 0 0.209237 0.209237 385.542 -0.999828 -0.0185225 -0.999828 -0.0185225 0.36883 0 0.609791 0 
1 2 0 0.20448 0.20448 385.542 -0.999856 -0.0169798 -0.999856 -0.0169798 0.362452 0 0.604355 0 
1 2 0 0.199692 0.199692 385.542 -0.999879 -0.0155332 -0.999879 -0.0155332 0.356062 0 0.598868 0 
1 2 0 0.194878 0.194878 385.542 -0.999899 -0.0141795 -0.999899 -0.0141795 0.349667 0 0.593331 0 
1 2 0 0.19004 0.19004 385.542 -0.999917 -0.0129154 -0.999917 -0.0129154 0.343271 0 0.587751 0 
1 2 0 0.18518 0.18518 385.542 -0.999931 -0.0117372 -0.999931 -0.0117372 0.336882 0 0.582131 0 
1 2 0 0.180301 0.180301 385.542 -0.999943 -0.0106415 -0.999943 -0.0106415 0.330504 0 0.576474 0 
1 2 0 0.175404 0.175404 385.542 -0.999954 -0.00962451 -0.999954 -0.00962451 0.324143 0 0.570785 0 
1 2 0 0.170493 0.170493 385.542 -0.999962 -0.00868254 -0.999962 -0.00868254 0.317804 0 0.565067 0 
1 2 0 0.165569 0.165569 385.542 -0.999969 -0.00781187 -0.999969 -0.00781187 0.311492 0 0.559323 0 
1 2 0 0.160634 0.160634 385.542 -0.999975 -0.00700882 -0.999975 -0.00700882 0.30521 0 0.553556 0 
1 2 0 0.155688 0.155688 385.542 -0.99998 -0.00626975 -0.99998 -0.00626975 0.298963 0 0.547769 0 
1 2 0 0.150734 0.150734 385.542 -0.999984 -0.00559109 -0.999984 -0.00559109 0.292755 0 0.541965 0 
1 2 0 0.145773 0.145773 385.542 -0.999988 -0.00496937 -0.999988 -0.00496937 0.28659 0 0.536146 0 
1 2 0 0.140805 0.140805 385.542 -0.99999 -0.0044012 -0.99999 -0.0044012 0.28047 0 0.530315 0 
1 2 0 0.135831 0.135831 385.542 -0.999992 -0.0038833 -0.999992 -0.0038833 0.2744 0 0.524474 0 
1 2 0 0.130853 0.130853 385.542 -0.999994 -0.00341249 -0.999994 -0.00341249 0.268382 0 0.518625 0 
1 2 0 0.125871 0.125871 385.542 -0.999996 -0.00298574 -0.999996 -0.00298574 0.262418 0 0.51277 0 
1 2 0 0.120886 0.120886 385.542 -0.999997 -0.00260011 -0.999997 -0.00260011 0.256512 0 0.506911 0 
1 2 0 0.115898 0.115898 385.542 -0.999997 -0.00225278 -0.999997 -0.00225278 0.250666 0 0.50105 0 
1 2 0 0.110908 0.110908 385.542 -0.999998 -0.00194107 -0.999998 -0.00194107 0.244881 0 0.495188 0 
1 2 0 0.105915 0.105915 385.542 -0.999999 -0.00166241 -0.999999 -0.00166241 0.23916 0 0.489328 0 
1 2 0 0.100921 0.100921 385.542 -0.999999 -0.00141434 -0.999999 -0.00141434 0.233506 0 0.48347 0 
1 2 0 0.095926 0.095926 385.542 -0.999999 -0.00119453 -0.999999 -0.00119453 0.227918 0 0.477617 0 
1 2 0 0.0909297 0.0909297 385.542 -0.999999 -0.00100075 -0.999999 -0.00100075 0.2224 0 0.47177 0 
1 2 0 0.0859326 0.0859326 385.542 -1 -0.00083088 -1 -0.00083088 0.216953 0 0.465929 0 
1 2 0 0.0809347 0.0809347 385.542 -1 -0.000682913 -1 -0.000682913 0.211578 0 0.460097 0 
1 2 0 0.0759363 0.0759363 385.542 -1 -0.000554935 -1 -0.000554935 0.206276 0 0.454275 0 
1 2 0 0.0709375 0.0709375 385.542 -1 -0.000445135 -1 -0.000445135 0.201048 0 0.448464 0 
1 2 0 0.0659383 0.0659383 385.542 -1 -0.000351793 -1 -0.000351793 0.195896 0 0.442665 0 
1 2 0 0.0609389 0.0609389 385.542 -1 -0.000273277 -1 -0.000273277 0.190821 0 0.43688 0 
1 2 0 0.0559393 0.0559393 385.542 -1 -0.000208042 -1 -0.000208042 0.185822 0 0.431109 0 
1 2 0 0.0509396 0.0509396 385.542 -1 -0.000154627 -1 -0.000154627 0.180902 0 0.425354 0 
1 2 0 0.0459398 0.0459398 385.542 -1 -0.000111645 -1 -0.000111645 0.176061 0 0.419616 0 
1 2 0 0.0409399 0.0409399 385.542 -1 -7.7786e-05 -1 -7.7786e-05 0.171298 0 0.413896 0 
1 2 0 0.0359399 0.0359399 385.542 -1 -5.18107e-05 -1 -5.18107e-05 0.166616 0 0.408196 0 
1 2 0 0.03094 0.03094 385.542 -1 -3.25467e-05 -1 -3.25467e-05 0.162014 0 0.402515 0 
1 2 0 0.02594 0.02594 385.542 -1 -1.88865e-05 -1 -1.88865e-05 0.157492 0 0.396856 0 
1 2 0 0.02094 0.02094 385.542 -1 -9.78365e-06 -1 -9.78365e-06 0.153051 0 0.39122 0 
1 2 0 0.01594 0.01594 385.542 -1 -4.25009e-06 -1 -4.25009e-06 0.148692 0 0.385606 0 
1 2 0 0.01094 0.01094 385.542 -1 -1.35326e-06 -1 -1.35326e-06 0.144413 0 0.380018 0 
1 2 0 0.00593998 0.00593998 385.542 -1 -2.13362e-07 -1 -2.13362e-07 0.140216 0 0.374454 0 
1 2 0 0.000939978 0.000939978 385.542 -1 -8.32871e-10 -1 -8.32871e-10 0.1361 0 0.368917 0 
1 2 0 -0.00406002 -0.00406002 385.542 -1 6.6116e-08 -1 6.6116e-08 0.132065 0 0.363408 0 
