1 1 0 0 0 0 2.5 0 2.5 0 150.256 0 0.00662716 0 
1 1 0 0.001952 0.001952 0 2.49956 1.86639e-08 2.49956 1.86639e-08 1.39485e-05 0 0.369316 0 
1 1 0 0.00390326 0.00390326 0 2.49913 1.49783e-07 2.49913 1.49783e-07 1.49534e-05 0 0.370751 0 
1 1 0 0.00780347 0.00780347 0 2.49824 1.2058e-06 2.49824 1.2058e-06 1.71702e-05 0 0.37362 0 
1 1 0 0.0155943 0.0155943 0 2.49642 9.76704e-06 2.49642 9.76704e-06 2.25575e-05 0 0.379349 0 
1 1 0 0.0253135 0.0253135 0 2.49407 4.25545e-05 2.49407 4.25545e-05 3.15161e-05 0 0.386485 0 
1 1 0 0.0350088 0.0350088 0 2.49161 0.000114654 2.49161 0.000114654 4.37079e-05 0 0.393586 0 
1 1 0 0.0446772 0.0446772 0 2.48906 0.000242678 2.48906 0.000242678 6.01703e-05 0 0.400644 0 
1 1 0 0.0543155 0.0543155 0 2.4864 0.000444003 2.4864 0.000444003 8.22245e-05 0 0.40765 0 
1 1 0 0.0639195 0.0639195 0 2.48362 0.000736683 2.48362 0.000736683 0.000111536 0 0.414593 0 
1 1 0 0.0734844 0.0734844 0 2.48073 0.00113931 2.48073 0.00113931 0.000150182 0 0.421464 0 
1 1 0 0.0830044 0.0830044 0 2.47771 0.00167085 2.47771 0.00167085 0.00020072 0 0.428252 0 
1 1 0 0.0924726 0.0924726 0 2.47456 0.00235038 2.47456 0.00235038 0.000266263 0 0.434946 0 
1 1 0 0.101881 0.101881 0 2.47127 0.00319684 2.47127 0.00319684 0.000350547 0 0.441536 0 
1 1 0 0.111221 0.111221 0 2.46784 0.00422862 2.46784 0.00422862 0.000457994 0 0.448009 0 
1 1 0 0.120482 0.120482 0 2.46427 0.00546322 2.46427 0.00546322 0.000593752 0 0.454353 0 
1 1 0 0.129653 0.129653 0 2.46054 0.00691675 2.46054 0.00691675 0.000763722 0 0.460557 0 
1 1 0 0.138722 0.138722 0 2.45667 0.00860349 2.45667 0.00860349 0.000974541 0 0.466609 0 
1 1 0 0.14767 0.14767 0 2.45265 0.0105344 2.45265 0.0105344 0.0012334 0 0.472493 0 
1 1 0 0.15649 0.15649 0 2.44847 0.0127195 2.44847 0.0127195 0.0015483 0 0.478203 0 
1 1 0 0.165169 0.165169 0 2.44415 0.0151649 2.44415 0.0151649 0.00192762 0 0.483729 0 
1 1 0 0.173693 0.173693 0 2.43967 0.0178737 2.43967 0.0178737 0.00238005 0 0.489064 0 
1 1 0 0.182051 0.182051 0 2.43506 0.0208457 2.43506 0.0208457 0.0029144 0 0.494199 0 
1 1 0 0.190233 0.190233 0 2.4303 0.0240773 2.4303 0.0240773 0.00353942 0 0.499131 0 
1 1 0 0.198229 0.198229 0 2.42541 0.0275623 2.42541 0.0275623 0.00426357 0 0.503858 0 
1 1 0 0.206034 0.206034 0 2.42039 0.0312916 2.42039 0.0312916 0.00509487 0 0.508378 0 
1 1 0 0.213642 0.213642 0 2.41525 0.035254 2.41525 0.035254 0.00604072 0 0.512692 0 
1 1 0 0.221049 0.221049 0 2.41 0.0394367 2.41 0.0394367 0.00710785 0 0.516803 0 
1 1 0 0.228256 0.228256 0 2.40463 0.0438257 2.40463 0.0438257 0.00830217 0 0.520716 0 
1 1 0 0.235262 0.235262 0 2.39916 0.0484061 2.39916 0.0484061 0.00962877 0 0.524436 0 
1 1 0 0.242069 0.242069 0 2.39359 0.0531626 2.39359 0.0531626 0.0110919 0 0.52797 0 
1 1 0 0.248681 0.248681 0 2.38792 0.0580801 2.38792 0.0580801 0.012695 0 0.531324 0 
1 1 0 0.255103 0.255103 0 2.38217 0.0631436 2.38217 0.0631436 0.0144408 0 0.534506 0 
1 1 0 0.261338 0.261338 0 2.37632 0.0683385 2.37632 0.0683385 0.0163312 0 0.537525 0 
1 1 0 0.267394 0.267394 0 2.3704 0.0736508 2.3704 0.0736508 0.0183674 0 0.540389 0 
1 1 0 0.273275 0.273275 0 2.36439 0.0790675 2.36439 0.0790675 0.0205501 0 0.543105 0 
1 1 0 0.27899 0.27899 0 2.35831 0.084576 2.35831 0.084576 0.0228794 0 0.545682 0 
1 1 0 0.284543 0.284543 0 2.35215 0.0901646 2.35215 0.0901646 0.025355 0 0.548128 0 
1 1 0 0.289941 0.289941 0 2.34592 0.0958223 2.34592 0.0958223 0.027976 0 0.550449 0 
1 1 0 0.295192 0.295192 0 2.33961 0.101539 2.33961 0.101539 0.0307413 0 0.552653 0 
1 1 0 0.300301 0.300301 0 2.33324 0.107305 2.33324 0.107305 0.0336494 0 0.554747 0 
1 1 0 0.305273 0.305273 0 2.32679 0.113113 2.32679 0.113113 0.0366984 0 0.556737 0 
1 1 0 0.310117 0.310117 0 2.32028 0.118953 2.32028 0.118953 0.0398868 0 0.55863 0 
1 1 0 0.314836 0.314836 0 2.31369 0.124819 2.31369 0.124819 0.0432117 0 0.560431 0 
1 1 0 0.319436 0.319436 0 2.30704 0.130703 2.30704 0.130703 0.0466708 0 0.562145 0 
1 1 0 0.323922 0.323922 0 2.30033 0.136599 2.30033 0.136599 0.0502615 0 0.563777 0 
1 1 0 0.328299 0.328299 0 2.29354 0.142501 2.29354 0.142501 0.0539809 0 0.565333 0 
1 1 0 0.332571 0.332571 0 2.28669 0.148403 2.28669 0.148403 0.0578263 0 0.566816 0 
1 1 0 0.336744 0.336744 0 2.27977 0.1543 2.27977 0.1543 0.0617945 0 0.568231 0 
1 1 0 0.34082 0.34082 0 2.27279 0.160188 2.27279 0.160188 0.0658825 0 0.569582 0 
1 1 0 0.344804 0.344804 0 2.26575 0.166062 2.26575 0.166062 0.0700871 0 0.570871 0 
1 1 0 0.348699 0.348699 0 2.25864 0.171918 2.25864 0.171918 0.0744052 0 0.572104 0 
1 1 0 0.352509 0.352509 0 2.25147 0.177753 2.25147 0.177753 0.0788334 0 0.573282 0 
1 1 0 0.356237 0.356237 0 2.24423 0.183562 2.24423 0.183562 0.0833684 0 0.574408 0 
1 1 0 0.359887 0.359887 0 2.23693 0.189343 2.23693 0.189343 0.088007 0 0.575486 0 
1 1 0 0.36346 0.36346 0 2.22957 0.195093 2.22957 0.195093 0.0927457 0 0.576519 0 
1 1 0 0.36696 0.36696 0 2.22215 0.200808 2.22215 0.200808 0.0975812 0 0.577507 0 
1 1 0 0.37039 0.37039 0 2.21466 0.206487 2.21466 0.206487 0.10251 0 0.578454 0 
1 1 0 0.373751 0.373751 0 2.20712 0.212126 2.20712 0.212126 0.107529 0 0.579363 0 
1 1 0 0.377046 0.377046 0 2.19952 0.217724 2.19952 0.217724 0.112635 0 0.580234 0 
1 1 0 0.380278 0.380278 0 2.19185 0.223279 2.19185 0.223279 0.117824 0 0.581069 0 
1 1 0 0.383448 0.383448 0 2.18413 0.228788 2.18413 0.228788 0.123094 0 0.581871 0 
1 1 0 0.386558 0.386558 0 2.17636 0.234251 2.17636 0.234251 0.12844 0 0.582642 0 
1 1 0 0.38961 0.38961 0 2.16852 0.239664 2.16852 0.239664 0.133859 0 0.583381 0 
1 1 0 0.392606 0.392606 0 2.16063 0.245028 2.16063 0.245028 0.13935 0 0.584092 0 
1 1 0 0.395548 0.395548 0 2.15268 0.25034 2.15268 0.25034 0.144907 0 0.584775 0 
1 1 0 0.398438 0.398438 0 2.14468 0.2556 2.14468 0.2556 0.150529 0 0.585432 0 
1 1 0 0.401276 0.401276 0 2.13663 0.260806 2.13663 0.260806 0.156212 0 0.586063 0 
1 1 0 0.404064 0.404064 0 2.12853 0.265958 2.12853 0.265958 0.161954 0 0.586671 0 
1 1 0 0.406804 0.406804 0 2.12037 0.271054 2.12037 0.271054 0.167751 0 0.587255 0 
1 1 0 0.409496 0.409496 0 2.11216 0.276093 2.11216 0.276093 0.1736 0 0.587816 0 
1 1 0 0.412144 0.412144 0 2.10391 0.281076 2.10391 0.281076 0.1795 0 0.588357 0 
1 1 0 0.414746 0.414746 0 2.0956 0.286001 2.0956 0.286001 0.185446 0 0.588876 0 
1 1 0 0.417306 0.417306 0 2.08725 0.290869 2.08725 0.290869 0.191438 0 0.589376 0 
1 1 0 0.419823 0.419823 0 2.07885 0.295677 2.07885 0.295677 0.197471 0 0.589857 0 
1 1 0 0.422299 0.422299 0 2.0704 0.300428 2.0704 0.300428 0.203545 0 0.590318 0 
1 1 0 0.424735 0.424735 0 2.06191 0.305118 2.06191 0.305118 0.209656 0 0.590762 0 
1 1 0 0.427132 0.427132 0 2.05338 0.30975 2.05338 0.30975 0.215802 0 0.591188 0 
1 1 0 0.429492 0.429492 0 2.04481 0.314322 2.04481 0.314322 0.221982 0 0.591597 0 
1 1 0 0.431814 0.431814 0 2.03619 0.318835 2.03619 0.318835 0.228193 0 0.591988 0 
1 1 0 0.434099 0.434099 0 2.02753 0.323288 2.02753 0.323288 0.234433 0 0.592363 0 
1 1 0 0.43635 0.43635 0 2.01884 0.327682 2.01884 0.327682 0.240701 0 0.592721 0 
1 1 0 0.438566 0.438566 0 2.0101 0.332016 2.0101 0.332016 0.246995 0 0.593063 0 
1 1 0 0.440749 0.440749 0 2.00133 0.336291 2.00133 0.336291 0.253313 0 0.593389 0 
1 1 0 0.442899 0.442899 0 1.99252 0.340507 1.99252 0.340507 0.259654 0 0.593698 0 
1 1 0 0.445016 0.445016 0 1.98367 0.344664 1.98367 0.344664 0.266017 0 0.593991 0 
1 1 0 0.447103 0.447103 0 1.97479 0.348762 1.97479 0.348762 0.272401 0 0.594267 0 
1 1 0 0.449159 0.449159 0 1.96588 0.352801 1.96588 0.352801 0.278803 0 0.594527 0 
1 1 0 0.451185 0.451185 0 1.95693 0.356783 1.95693 0.356783 0.285224 0 0.59477 0 
1 1 0 0.453182 0.453182 0 1.94795 0.360706 1.94795 0.360706 0.291663 0 0.594995 0 
1 1 0 0.45515 0.45515 0 1.93894 0.364572 1.93894 0.364572 0.298118 0 0.595203 0 
1 1 0 0.45709 0.45709 0 1.9299 0.368381 1.9299 0.368381 0.30459 0 0.595392 0 
1 1 0 0.459003 0.459003 0 1.92083 0.372132 1.92083 0.372132 0.311078 0 0.595562 0 
1 1 0 0.46089 0.46089 0 1.91173 0.375828 1.91173 0.375828 0.317582 0 0.595712 0 
1 1 0 0.46275 0.46275 0 1.9026 0.379467 1.9026 0.379467 0.324101 0 0.595841 0 
1 1 0 0.464585 0.464585 0 1.89345 0.383051 1.89345 0.383051 0.330637 0 0.595949 0 
1 1 0 0.466395 0.466395 0 1.88427 0.38658 1.88427 0.38658 0.337188 0 0.596033 0 
1 1 0 0.468181 0.468181 0 1.87506 0.390055 1.87506 0.390055 0.343757 0 0.596093 0 
1 1 0 0.469942 0.469942 0 1.86583 0.393475 1.86583 0.393475 0.350343 0 0.596127 0 
1 1 0 0.471681 0.471681 0 1.85658 0.396841 1.85658 0.396841 0.356948 0 0.596133 0 
1 1 0 0.473396 0.473396 0 1.8473 0.400155 1.8473 0.400155 0.363573 0 0.596109 0 
1 1 0 0.475089 0.475089 0 1.838 0.403415 1.838 0.403415 0.37022 0 0.596053 0 
1 1 0 0.47676 0.47676 0 1.82868 0.406623 1.82868 0.406623 0.376891 0 0.595962 0 
1 1 0 0.47841 0.47841 0 1.81933 0.40978 1.81933 0.40978 0.383589 0 0.595833 0 
1 1 0 0.480038 0.480038 0 1.80997 0.412885 1.80997 0.412885 0.390316 0 0.595662 0 
1 1 0 0.481646 0.481646 0 1.80058 0.41594 1.80058 0.41594 0.397077 0 0.595446 0 
1 1 0 0.483234 0.483234 0 1.79118 0.418944 1.79118 0.418944 0.403875 0 0.595179 0 
1 1 0 0.484802 0.484802 0 1.78175 0.421899 1.78175 0.421899 0.410716 0 0.594855 0 
1 1 0 0.486351 0.486351 0 1.77231 0.424804 1.77231 0.424804 0.417606 0 0.594469 0 
1 1 0 0.48788 0.48788 0 1.76285 0.427661 1.76285 0.427661 0.424553 0 0.594012 0 
1 1 0 0.489391 0.489391 0 1.75337 0.430469 1.75337 0.430469 0.431566 0 0.593474 0 
1 1 0 0.490884 0.490884 0 1.74388 0.433229 1.74388 0.433229 0.438656 0 0.592845 0 
1 1 0 0.492359 0.492359 0 1.73437 0.435941 1.73437 0.435941 0.445838 0 0.592109 0 
1 1 0 0.493816 0.493816 0 1.72484 0.438607 1.72484 0.438607 0.453129 0 0.591248 0 
1 1 0 0.495256 0.495256 0 1.71529 0.441226 1.71529 0.441226 0.460553 0 0.59024 0 
1 1 0 0.496679 0.496679 0 1.70574 0.4438 1.70574 0.4438 0.468139 0 0.589053 0 
1 1 0 0.498085 0.498085 0 1.69616 0.446327 1.69616 0.446327 0.47593 0 0.587646 0 
1 1 0 0.499475 0.499475 0 1.68658 0.448809 1.68658 0.448809 0.483985 0 0.585959 0 
1 1 0 0.50085 0.50085 0 1.67698 0.451247 1.67698 0.451247 0.492391 0 0.583905 0 
1 1 0 0.502208 0.502208 0 1.66736 0.45364 1.66736 0.45364 0.501293 0 0.58134 0 
1 1 0 0.503551 0.503551 0 1.65774 0.455988 1.65774 0.455988 0.510949 0 0.578004 0 
1 1 0 0.504879 0.504879 0 1.6481 0.458294 1.6481 0.458294 0.521935 0 0.573322 0 
1 1 0 0.506192 0.506192 0 1.63844 0.460556 1.63844 0.460556 0.536285 0 0.56526 0 
1 1 0 0.50749 0.50749 231.083 1.62878 0.462775 1.62878 0.462775 0.553909 0.0150646 0.553909 -0.0150646 
1 1 0 0.508774 0.508774 137.323 1.6191 0.464951 1.6191 0.464951 0.557037 0.0255049 0.557037 -0.0255049 
1 1 0 0.510044 0.510044 108.174 1.60942 0.467085 1.60942 0.467085 0.560157 0.0325729 0.560157 -0.0325729 
1 1 0 0.5113 0.5113 92.809 1.59972 0.469177 1.59972 0.469177 0.563269 0.0381918 0.563269 -0.0381918 
1 1 0 0.512542 0.512542 83.0393 1.59001 0.471228 1.59001 0.471228 0.566373 0.0429367 0.566373 -0.0429367 
1 1 0 0.513771 0.513771 76.1812 1.58029 0.473237 1.58029 0.473237 0.56947 0.0470749 0.56947 -0.0470749 
1 1 0 0.514987 0.514987 71.0622 1.57056 0.475205 1.57056 0.475205 0.572558 0.0507569 0.572558 -0.0507569 
1 1 0 0.516189 0.516189 67.0786 1.56082 0.477133 1.56082 0.477133 0.575639 0.0540778 0.575639 -0.0540778 
1 1 0 0.517379 0.517379 63.8838 1.55108 0.47902 1.55108 0.47902 0.578712 0.0571025 0.578712 -0.0571025 
1 1 0 0.518556 0.518556 61.2631 1.54132 0.480867 1.54132 0.480867 0.581778 0.0598776 0.581778 -0.0598776 
1 1 0 0.519721 0.519721 59.0754 1.53155 0.482673 1.53155 0.482673 0.584836 0.062438 0.584836 -0.062438 
1 1 0 0.520874 0.520874 57.2238 1.52178 0.48444 1.52178 0.48444 0.587886 0.0648107 0.587886 -0.0648107 
1 1 0 0.522014 0.522014 55.6393 1.51199 0.486168 1.51199 0.486168 0.59093 0.067017 0.59093 -0.067017 
1 1 0 0.523143 0.523143 54.2712 1.5022 0.487855 1.5022 0.487855 0.593966 0.0690745 0.593966 -0.0690745 
1 1 0 0.52426 0.52426 53.0814 1.4924 0.489504 1.4924 0.489504 0.596994 0.0709975 0.596994 -0.0709975 
1 1 0 0.525365 0.525365 52.0405 1.48259 0.491114 1.48259 0.491114 0.600016 0.0727979 0.600016 -0.0727979 
1 1 0 0.526459 0.526459 51.1257 1.47278 0.492685 1.47278 0.492685 0.603031 0.074486 0.603031 -0.074486 
1 1 0 0.527542 0.527542 50.3187 1.46296 0.494217 1.46296 0.494217 0.606039 0.0760706 0.606039 -0.0760706 
1 1 0 0.528614 0.528614 49.6049 1.45313 0.49571 1.45313 0.49571 0.609041 0.0775591 0.609041 -0.0775591 
1 1 0 0.529675 0.529675 48.9724 1.44329 0.497166 1.44329 0.497166 0.612036 0.0789583 0.612036 -0.0789583 
1 1 0 0.530725 0.530725 48.4112 1.43345 0.498582 1.43345 0.498582 0.615025 0.080274 0.615025 -0.080274 
1 1 0 0.531764 0.531764 47.9131 1.4236 0.499961 1.4236 0.499961 0.618007 0.0815114 0.618007 -0.0815114 
1 1 0 0.532793 0.532793 47.4714 1.41374 0.501301 1.41374 0.501301 0.620983 0.0826751 0.620983 -0.0826751 
1 1 0 0.533812 0.533812 47.08 1.40388 0.502603 1.40388 0.502603 0.623954 0.0837693 0.623954 -0.0837693 
1 1 0 0.53482 0.53482 46.7342 1.39401 0.503867 1.39401 0.503867 0.626918 0.0847976 0.626918 -0.0847976 
1 1 0 0.535818 0.535818 46.4296 1.38414 0.505093 1.38414 0.505093 0.629877 0.0857636 0.629877 -0.0857636 
1 1 0 0.536806 0.536806 46.1627 1.37426 0.506281 1.37426 0.506281 0.632831 0.0866703 0.632831 -0.0866703 
1 1 0 0.537784 0.537784 45.9301 1.36437 0.507431 1.36437 0.507431 0.635779 0.0875205 0.635779 -0.0875205 
1 1 0 0.538752 0.538752 45.7292 1.35448 0.508543 1.35448 0.508543 0.638722 0.0883168 0.638722 -0.0883168 
1 1 0 0.539711 0.539711 45.5575 1.34458 0.509617 1.34458 0.509617 0.64166 0.0890616 0.64166 -0.0890616 
1 1 0 0.54066 0.54066 45.413 1.33468 0.510653 1.33468 0.510653 0.644593 0.0897571 0.644593 -0.0897571 
1 1 0 0.541599 0.541599 45.2938 1.32478 0.51165 1.32478 0.51165 0.647522 0.0904052 0.647522 -0.0904052 
1 1 0 0.542529 0.542529 45.1983 1.31487 0.51261 1.31487 0.51261 0.650446 0.091008 0.650446 -0.091008 
1 1 0 0.543449 0.543449 45.1249 1.30495 0.513531 1.30495 0.513531 0.653365 0.0915671 0.653365 -0.0915671 
1 1 0 0.544361 0.544361 45.0725 1.29503 0.514415 1.29503 0.514415 0.656281 0.0920841 0.656281 -0.0920841 
1 1 0 0.545263 0.545263 45.0398 1.28511 0.515259 1.28511 0.515259 0.659193 0.0925606 0.659193 -0.0925606 
1 1 0 0.546156 0.546156 45.0259 1.27518 0.516065 1.27518 0.516065 0.662101 0.0929979 0.662101 -0.0929979 
1 1 0 0.54704 0.54704 45.03 1.26525 0.516833 1.26525 0.516833 0.665005 0.0933974 0.665005 -0.0933974 
1 1 0 0.547915 0.547915 45.0511 1.25532 0.517561 1.25532 0.517561 0.667906 0.0937604 0.667906 -0.0937604 
1 1 0 0.548781 0.548781 45.0885 1.24538 0.518251 1.24538 0.518251 0.670804 0.0940879 0.670804 -0.0940879 
1 1 0 0.549638 0.549638 45.1418 1.23543 0.518902 1.23543 0.518902 0.673699 0.094381 0.673699 -0.094381 
1 1 0 0.550486 0.550486 45.2102 1.22549 0.519513 1.22549 0.519513 0.676591 0.0946408 0.676591 -0.0946408 
1 1 0 0.551326 0.551326 45.2934 1.21554 0.520085 1.21554 0.520085 0.679481 0.0948682 0.679481 -0.0948682 
1 1 0 0.552157 0.552157 45.3908 1.20559 0.520617 1.20559 0.520617 0.682368 0.0950642 0.682368 -0.0950642 
1 1 0 0.552979 0.552979 45.5022 1.19564 0.521109 1.19564 0.521109 0.685253 0.0952295 0.685253 -0.0952295 
1 1 0 0.553793 0.553793 45.6271 1.18568 0.52156 1.18568 0.52156 0.688136 0.095365 0.688136 -0.095365 
1 1 0 0.554598 0.554598 45.7653 1.17572 0.521972 1.17572 0.521972 0.691017 0.0954713 0.691017 -0.0954713 
1 1 0 0.555395 0.555395 45.9166 1.16576 0.522343 1.16576 0.522343 0.693897 0.0955492 0.693897 -0.0955492 
1 1 0 0.556183 0.556183 46.0808 1.1558 0.522672 1.1558 0.522672 0.696775 0.0955994 0.696775 -0.0955994 
1 1 0 0.556963 0.556963 46.2577 1.14583 0.522961 1.14583 0.522961 0.699652 0.0956225 0.699652 -0.0956225 
1 1 0 0.557734 0.557734 46.4472 1.13586 0.523207 1.13586 0.523207 0.702528 0.095619 0.702528 -0.095619 
1 1 0 0.558497 0.558497 46.6492 1.12589 0.523412 1.12589 0.523412 0.705403 0.0955895 0.705403 -0.0955895 
1 1 0 0.559252 0.559252 46.8637 1.11592 0.523575 1.11592 0.523575 0.708277 0.0955345 0.708277 -0.0955345 
1 1 0 0.559998 0.559998 47.0906 1.10595 0.523695 1.10595 0.523695 0.711152 0.0954544 0.711152 -0.0954544 
1 1 0 0.560736 0.560736 47.3299 1.09598 0.523772 1.09598 0.523772 0.714026 0.0953498 0.714026 -0.0953498 
1 1 0 0.561466 0.561466 47.5817 1.08601 0.523805 1.08601 0.523805 0.7169 0.095221 0.7169 -0.095221 
1 1 0 0.562187 0.562187 47.8461 1.07603 0.523795 1.07603 0.523795 0.719774 0.0950684 0.719774 -0.0950684 
1 1 0 0.5629 0.5629 48.123 1.06606 0.523741 1.06606 0.523741 0.722649 0.0948925 0.722649 -0.0948925 
1 1 0 0.563605 0.563605 48.4128 1.05608 0.523642 1.05608 0.523642 0.725524 0.0946934 0.725524 -0.0946934 
1 1 0 0.564302 0.564302 48.7154 1.04611 0.523498 1.04611 0.523498 0.7284 0.0944715 0.7284 -0.0944715 
1 1 0 0.56499 0.56499 49.0312 1.03613 0.523308 1.03613 0.523308 0.731277 0.0942271 0.731277 -0.0942271 
1 1 0 0.565671 0.565671 49.3603 1.02616 0.523073 1.02616 0.523073 0.734156 0.0939605 0.734156 -0.0939605 
1 1 0 0.566343 0.566343 49.7029 1.01619 0.522791 1.01619 0.522791 0.737036 0.0936718 0.737036 -0.0936718 
1 1 0 0.567006 0.567006 50.0594 1.00621 0.522462 1.00621 0.522462 0.739918 0.0933613 0.739918 -0.0933613 
1 1 0 0.567662 0.567662 50.43 0.996241 0.522086 0.996241 0.522086 0.742801 0.0930291 0.742801 -0.0930291 
1 1 0 0.568309 0.568309 50.8151 0.986271 0.521662 0.986271 0.521662 0.745686 0.0926755 0.745686 -0.0926755 
1 1 0 0.568948 0.568948 51.215 0.976303 0.521189 0.976303 0.521189 0.748574 0.0923005 0.748574 -0.0923005 
1 1 0 0.569579 0.569579 51.6302 0.966336 0.520667 0.966336 0.520667 0.751464 0.0919043 0.751464 -0.0919043 
1 1 0 0.570201 0.570201 52.0612 0.956372 0.520095 0.956372 0.520095 0.754357 0.0914869 0.754357 -0.0914869 
1 1 0 0.570815 0.570815 52.5083 0.94641 0.519474 0.94641 0.519474 0.757253 0.0910484 0.757253 -0.0910484 
1 1 0 0.571421 0.571421 52.9722 0.936451 0.518801 0.936451 0.518801 0.760152 0.0905889 0.760152 -0.0905889 
1 1 0 0.572019 0.572019 53.4535 0.926495 0.518078 0.926495 0.518078 0.763054 0.0901084 0.763054 -0.0901084 
1 1 0 0.572608 0.572608 53.9528 0.916542 0.517302 0.916542 0.517302 0.765959 0.0896069 0.765959 -0.0896069 
1 1 0 0.573189 0.573189 54.4707 0.906593 0.516474 0.906593 0.516474 0.768868 0.0890843 0.768868 -0.0890843 
1 1 0 0.573761 0.573761 55.008 0.896649 0.515592 0.896649 0.515592 0.771781 0.0885406 0.771781 -0.0885406 
1 1 0 0.574325 0.574325 55.5655 0.886708 0.514656 0.886708 0.514656 0.774697 0.0879758 0.774697 -0.0879758 
1 1 0 0.57488 0.57488 56.1441 0.876773 0.513666 0.876773 0.513666 0.777618 0.0873897 0.777618 -0.0873897 
1 1 0 0.575428 0.575428 56.7448 0.866843 0.512621 0.866843 0.512621 0.780543 0.0867822 0.780543 -0.0867822 
1 1 0 0.575966 0.575966 57.3686 0.856918 0.51152 0.856918 0.51152 0.783472 0.0861531 0.783472 -0.0861531 
1 1 0 0.576496 0.576496 58.0165 0.846999 0.510362 0.846999 0.510362 0.786407 0.0855024 0.786407 -0.0855024 
1 1 0 0.577017 0.577017 58.6898 0.837087 0.509147 0.837087 0.509147 0.789346 0.0848297 0.789346 -0.0848297 
1 1 0 0.57753 0.57753 59.3899 0.827181 0.507875 0.827181 0.507875 0.792289 0.0841348 0.792289 -0.0841348 
1 1 0 0.578034 0.578034 60.1181 0.817283 0.506543 0.817283 0.506543 0.795238 0.0834176 0.795238 -0.0834176 
1 1 0 0.57853 0.57853 60.8759 0.807392 0.505152 0.807392 0.505152 0.798193 0.0826776 0.798193 -0.0826776 
1 1 0 0.579016 0.579016 61.6652 0.79751 0.503701 0.79751 0.503701 0.801152 0.0819146 0.801152 -0.0819146 
1 1 0 0.579494 0.579494 62.4878 0.787636 0.502189 0.787636 0.502189 0.804117 0.0811281 0.804117 -0.0811281 
1 1 0 0.579963 0.579963 63.3456 0.777772 0.500615 0.777772 0.500615 0.807088 0.0803178 0.807088 -0.0803178 
1 1 0 0.580423 0.580423 64.241 0.767917 0.498979 0.767917 0.498979 0.810065 0.0794832 0.810065 -0.0794832 
1 1 0 0.580875 0.580875 65.1763 0.758072 0.49728 0.758072 0.49728 0.813048 0.0786239 0.813048 -0.0786239 
1 1 0 0.581317 0.581317 66.1543 0.748239 0.495517 0.748239 0.495517 0.816036 0.0777392 0.816036 -0.0777392 
1 1 0 0.58175 0.58175 67.1779 0.738417 0.49369 0.738417 0.49369 0.819031 0.0768286 0.819031 -0.0768286 
1 1 0 0.582174 0.582174 68.2504 0.728606 0.491797 0.728606 0.491797 0.822032 0.0758914 0.822032 -0.0758914 
1 1 0 0.58259 0.58259 69.3756 0.718809 0.489837 0.718809 0.489837 0.82504 0.0749269 0.82504 -0.0749269 
1 1 0 0.582996 0.582996 70.5573 0.709024 0.487811 0.709024 0.487811 0.828054 0.0739344 0.828054 -0.0739344 
1 1 0 0.583393 0.583393 71.8003 0.699254 0.485718 0.699254 0.485718 0.831074 0.0729128 0.831074 -0.0729128 
1 1 0 0.58378 0.58378 73.1095 0.689498 0.483555 0.689498 0.483555 0.834101 0.0718614 0.834101 -0.0718614 
1 1 0 0.584158 0.584158 74.4908 0.679757 0.481324 0.679757 0.481324 0.837135 0.070779 0.837135 -0.070779 
1 1 0 0.584527 0.584527 75.9505 0.670032 0.479023 0.670032 0.479023 0.840176 0.0696646 0.840176 -0.0696646 
1 1 0 0.584887 0.584887 77.4959 0.660324 0.476651 0.660324 0.476651 0.843223 0.0685168 0.843223 -0.0685168 
1 1 0 0.585237 0.585237 79.1355 0.650633 0.474207 0.650633 0.474207 0.846278 0.0673342 0.846278 -0.0673342 
1 1 0 0.585578 0.585578 80.8787 0.64096 0.471691 0.64096 0.471691 0.849339 0.0661152 0.849339 -0.0661152 
1 1 0 0.585909 0.585909 82.7366 0.631307 0.469102 0.631307 0.469102 0.852407 0.0648583 0.852407 -0.0648583 
1 1 0 0.586231 0.586231 84.7219 0.621673 0.46644 0.621673 0.46644 0.855483 0.0635613 0.855483 -0.0635613 
1 1 0 0.586543 0.586543 86.8495 0.612059 0.463703 0.612059 0.463703 0.858565 0.0622221 0.858565 -0.0622221 
1 1 0 0.586845 0.586845 89.1366 0.602467 0.460891 0.602467 0.460891 0.861655 0.0608383 0.861655 -0.0608383 
1 1 0 0.587138 0.587138 91.604 0.592897 0.458003 0.592897 0.458003 0.864751 0.0594071 0.864751 -0.0594071 
1 1 0 0.58742 0.58742 94.2761 0.583351 0.455039 0.583351 0.455039 0.867854 0.0579254 0.867854 -0.0579254 
1 1 0 0.587693 0.587693 97.1826 0.573828 0.451997 0.573828 0.451997 0.870965 0.0563894 0.870965 -0.0563894 
1 1 0 0.587957 0.587957 100.359 0.56433 0.448878 0.56433 0.448878 0.874082 0.0547952 0.874082 -0.0547952 
1 1 0 0.58821 0.58821 103.851 0.554858 0.44568 0.554858 0.44568 0.877206 0.0531377 0.877206 -0.0531377 
1 1 0 0.588453 0.588453 107.712 0.545413 0.442403 0.545413 0.442403 0.880338 0.0514113 0.880338 -0.0514113 
1 1 0 0.588687 0.588687 112.013 0.535996 0.439046 0.535996 0.439046 0.883476 0.0496092 0.883476 -0.0496092 
1 1 0 0.58891 0.58891 116.844 0.526607 0.43561 0.526607 0.43561 0.886621 0.0477233 0.886621 -0.0477233 
1 1 0 0.589124 0.589124 122.324 0.517249 0.432092 0.517249 0.432092 0.889772 0.0457436 0.889772 -0.0457436 
1 1 0 0.589327 0.589327 128.611 0.507921 0.428493 0.507921 0.428493 0.89293 0.043658 0.89293 -0.043658 
1 1 0 0.58952 0.58952 135.928 0.498624 0.424812 0.498624 0.424812 0.896095 0.0414509 0.896095 -0.0414509 
1 1 0 0.589703 0.589703 144.59 0.489361 0.421049 0.489361 0.421049 0.899266 0.0391024 0.899266 -0.0391024 
1 1 0 0.589877 0.589877 155.069 0.480131 0.417203 0.480131 0.417203 0.902443 0.0365857 0.902443 -0.0365857 
1 1 0 0.590039 0.590039 168.109 0.470936 0.413274 0.470936 0.413274 0.905626 0.0338641 0.905626 -0.0338641 
1 1 0 0.590192 0.590192 184.964 0.461777 0.409261 0.461777 0.409261 0.908816 0.0308841 0.908816 -0.0308841 
1 1 0 0.590335 0.590335 207.964 0.452656 0.405164 0.452656 0.405164 0.912011 0.0275628 0.912011 -0.0275628 
1 1 0 0.590467 0.590467 242.092 0.443572 0.400983 0.443572 0.400983 0.915212 0.0237585 0.915212 -0.0237585 
1 1 0 0.590589 0.590589 300.8 0.434528 0.396718 0.434528 0.396718 0.918419 0.019187 0.918419 -0.019187 
1 1 0 0.590701 0.590701 443.157 0.425524 0.392367 0.425524 0.392367 0.921631 0.013068 0.921631 -0.013068 
1 1 0 0.590803 0.590803 443.157 0.416562 0.387932 0.416562 0.387932 0.930101 0 0.919595 0 
1 1 0 0.590894 0.590894 443.157 0.407642 0.383411 0.407642 0.383411 0.943134 0 0.913006 0 
1 1 0 0.590976 0.590976 443.157 0.398765 0.378805 0.398765 0.378805 0.951964 0 0.910629 0 
1 1 0 0.591047 0.591047 443.157 0.389934 0.374114 0.389934 0.374114 0.959593 0 0.909463 0 
1 1 0 0.591108 0.591108 443.157 0.381148 0.369337 0.381148 0.369337 0.966577 0 0.908951 0 
1 1 0 0.591158 0.591158 443.157 0.37241 0.364474 0.37241 0.364474 0.973143 0 0.908865 0 
1 1 0 0.591199 0.591199 443.157 0.36372 0.359526 0.36372 0.359526 0.97941 0 0.909086 0 
1 1 0 0.591229 0.591229 443.157 0.355078 0.354492 0.355078 0.354492 0.98545 0 0.909541 0 
1 1 0 0.59125 0.59125 443.157 0.346487 0.349373 0.346487 0.349373 0.99131 0 0.910183 0 
1 1 0 0.59126 0.59126 443.157 0.337948 0.344169 0.337948 0.344169 0.997022 0 0.910978 0 
2 1 0 0.591262 0.591262 443.157 0.333435 0.341371 0.333435 0.341371 1 0 0.911454 0 
2 1 0 0.591257 0.591257 443.157 0.324977 0.336037 0.324977 0.336037 1.00553 0 0.91244 0 
2 1 0 0.591242 0.591242 443.157 0.316572 0.330617 0.316572 0.330617 1.01097 0 0.913529 0 
2 1 0 0.591217 0.591217 443.157 0.308222 0.325114 0.308222 0.325114 1.01631 0 0.914708 0 
2 1 0 0.591182 0.591182 443.157 0.299929 0.319526 0.299929 0.319526 1.02158 0 0.915966 0 
2 1 0 0.591138 0.591138 443.157 0.291692 0.313854 0.291692 0.313854 1.02679 0 0.917295 0 
2 1 0 0.591083 0.591083 443.157 0.283514 0.308099 0.283514 0.308099 1.03193 0 0.918689 0 
2 1 0 0.591019 0.591019 443.157 0.275394 0.302261 0.275394 0.302261 1.03702 0 0.92014 0 
2 1 0 0.590946 0.590946 443.157 0.267335 0.296341 0.267335 0.296341 1.04205 0 0.921644 0 
2 1 0 0.590863 0.590863 443.157 0.259336 0.290339 0.259336 0.290339 1.04704 0 0.923195 0 
2 1 0 0.59077 0.59077 443.157 0.251399 0.284256 0.251399 0.284256 1.05198 0 0.924792 0 
2 1 0 0.590668 0.590668 443.157 0.243525 0.278091 0.243525 0.278091 1.05688 0 0.926428 0 
2 1 0 0.590557 0.590557 443.157 0.235714 0.271847 0.235714 0.271847 1.06175 0 0.928103 0 
2 1 0 0.590437 0.590437 443.157 0.227967 0.265524 0.227967 0.265524 1.06658 0 0.929812 0 
2 1 0 0.590307 0.590307 443.157 0.220286 0.259122 0.220286 0.259122 1.07137 0 0.931553 0 
2 1 0 0.590168 0.590168 443.157 0.21267 0.252642 0.21267 0.252642 1.07613 0 0.933324 0 
2 1 0 0.590021 0.590021 443.157 0.20512 0.246085 0.20512 0.246085 1.08086 0 0.935123 0 
2 1 0 0.589865 0.589865 443.157 0.197638 0.239452 0.197638 0.239452 1.08556 0 0.936947 0 
2 1 0 0.5897 0.5897 443.157 0.190223 0.232744 0.190223 0.232744 1.09023 0 0.938796 0 
2 1 0 0.589526 0.589526 443.157 0.182877 0.225961 0.182877 0.225961 1.09487 0 0.940667 0 
2 1 0 0.589344 0.589344 443.157 0.175599 0.219104 0.175599 0.219104 1.09949 0 0.942558 0 
2 1 0 0.589154 0.589154 443.157 0.168391 0.212174 0.168391 0.212174 1.10408 0 0.944469 0 
2 1 0 0.588955 0.588955 443.157 0.161253 0.205173 0.161253 0.205173 1.10865 0 0.946398 0 
2 1 0 0.588748 0.588748 443.157 0.154185 0.198102 0.154185 0.198102 1.11319 0 0.948344 0 
2 1 0 0.588533 0.588533 443.157 0.147187 0.19096 0.147187 0.19096 1.11771 0 0.950304 0 
2 1 0 0.58831 0.58831 443.157 0.140261 0.18375 0.140261 0.18375 1.12221 0 0.95228 0 
2 1 0 0.58808 0.58808 443.157 0.133406 0.176472 0.133406 0.176472 1.12668 0 0.954268 0 
2 1 0 0.587841 0.587841 443.157 0.126623 0.169127 0.126623 0.169127 1.13114 0 0.956268 0 
2 1 0 0.587596 0.587596 443.157 0.119912 0.161717 0.119912 0.161717 1.13557 0 0.95828 0 
2 1 0 0.587343 0.587343 443.157 0.113274 0.154242 0.113274 0.154242 1.13998 0 0.960302 0 
2 1 0 0.587082 0.587082 443.157 0.106707 0.146704 0.106707 0.146704 1.14437 0 0.962333 0 
2 1 0 0.586815 0.586815 443.157 0.100213 0.139104 0.100213 0.139104 1.14874 0 0.964373 0 
2 1 0 0.58654 0.58654 443.157 0.0937919 0.131442 0.0937919 0.131442 1.15309 0 0.96642 0 
2 1 0 0.586259 0.586259 443.157 0.0874434 0.12372 0.0874434 0.12372 1.15742 0 0.968474 0 
2 1 0 0.585971 0.585971 443.157 0.0811675 0.115939 0.0811675 0.115939 1.16174 0 0.970534 0 
2 1 0 0.585676 0.585676 443.157 0.0749645 0.108101 0.0749645 0.108101 1.16603 0 0.972599 0 
2 1 0 0.585375 0.585375 443.157 0.0688341 0.100205 0.0688341 0.100205 1.17031 0 0.974669 0 
2 1 0 0.585068 0.585068 443.157 0.0627764 0.0922544 0.0627764 0.0922544 1.17456 0 0.976743 0 
2 1 0 0.584754 0.584754 443.157 0.0567912 0.0842489 0.0567912 0.0842489 1.17881 0 0.97882 0 
2 1 0 0.584434 0.584434 443.157 0.0508784 0.0761901 0.0508784 0.0761901 1.18303 0 0.9809 0 
2 1 0 0.584109 0.584109 443.157 0.0450379 0.068079 0.0450379 0.068079 1.18724 0 0.982982 0 
2 1 0 0.583778 0.583778 443.157 0.0392694 0.0599167 0.0392694 0.0599167 1.19143 0 0.985066 0 
2 1 0 0.583441 0.583441 443.157 0.0335727 0.0517044 0.0335727 0.0517044 1.1956 0 0.98715 0 
2 1 0 0.583098 0.583098 443.157 0.0279476 0.0434431 0.0279476 0.0434431 1.19976 0 0.989235 0 
2 1 0 0.58275 0.58275 443.157 0.0223938 0.035134 0.0223938 0.035134 1.2039 0 0.99132 0 
2 1 0 0.582397 0.582397 443.157 0.016911 0.0267781 0.016911 0.0267781 1.20802 0 0.993404 0 
2 1 0 0.582039 0.582039 443.157 0.0114988 0.0183765 0.0114988 0.0183765 1.21213 0 0.995487 0 
2 1 0 0.581676 0.581676 443.157 0.00615689 0.00993022 0.00615689 0.00993022 1.21623 0 0.997569 0 
2 1 0 0.581308 0.581308 443.157 0.000884916 0.00144037 0.000884916 0.00144037 1.22031 0 0.999648 0 
2 1 0 0.581248 0.581248 443.157 2.9294e-05 4.77529e-05 2.9294e-05 4.77529e-05 1.22097 0 0.999988 0 
2 1 0 0.581249 0.581249 443.157 -2.9564e-07 -4.81958e-07 -2.9564e-07 -4.81958e-07 1.22097 0 1.00002 0 
2 1 0 0.581572 0.581572 443.157 -0.00526411 -0.00849662 -0.00526411 -0.00849662 1.21568 0 0.998157 0 
2 1 0 0.581892 0.581892 443.157 -0.0106042 -0.0169458 -0.0106042 -0.0169458 1.21034 0 0.996321 0 
2 1 0 0.582206 0.582206 443.157 -0.016021 -0.0253463 -0.016021 -0.0253463 1.20498 0 0.994495 0 
2 1 0 0.582513 0.582513 443.157 -0.0215147 -0.033697 -0.0215147 -0.033697 1.19958 0 0.992679 0 
2 1 0 0.582813 0.582813 443.157 -0.027086 -0.0419963 -0.027086 -0.0419963 1.19416 0 0.990875 0 
2 1 0 0.583106 0.583106 443.157 -0.0327353 -0.0502431 -0.0327353 -0.0502431 1.18871 0 0.989083 0 
2 1 0 0.583391 0.583391 443.157 -0.0384629 -0.0584359 -0.0384629 -0.0584359 1.18323 0 0.987305 0 
2 1 0 0.583669 0.583669 443.157 -0.0442692 -0.0665734 -0.0442692 -0.0665734 1.17772 0 0.985543 0 
2 1 0 0.583939 0.583939 443.157 -0.0501545 -0.0746542 -0.0501545 -0.0746542 1.17218 0 0.983797 0 
2 1 0 0.584202 0.584202 443.157 -0.0561191 -0.0826769 -0.0561191 -0.0826769 1.16661 0 0.982071 0 
2 1 0 0.584456 0.584456 443.157 -0.0621633 -0.0906402 -0.0621633 -0.0906402 1.161 0 0.980365 0 
2 1 0 0.584702 0.584702 443.157 -0.0682872 -0.0985425 -0.0682872 -0.0985425 1.15536 0 0.978683 0 
2 1 0 0.58494 0.58494 443.157 -0.0744911 -0.106383 -0.0744911 -0.106383 1.14967 0 0.977025 0 
2 1 0 0.585169 0.585169 443.157 -0.080775 -0.114159 -0.080775 -0.114159 1.14395 0 0.975395 0 
2 1 0 0.585389 0.585389 443.157 -0.0871391 -0.12187 -0.0871391 -0.12187 1.13818 0 0.973795 0 
2 1 0 0.5856 0.5856 443.157 -0.0935833 -0.129514 -0.0935833 -0.129514 1.13238 0 0.972228 0 
2 1 0 0.585803 0.585803 443.157 -0.100108 -0.137091 -0.100108 -0.137091 1.12652 0 0.970699 0 
2 1 0 0.585995 0.585995 443.157 -0.106712 -0.144598 -0.106712 -0.144598 1.12061 0 0.96921 0 
2 1 0 0.586178 0.586178 443.157 -0.113397 -0.152034 -0.113397 -0.152034 1.11465 0 0.967765 0 
2 1 0 0.586352 0.586352 443.157 -0.120161 -0.159398 -0.120161 -0.159398 1.10863 0 0.966371 0 
2 1 0 0.586515 0.586515 443.157 -0.127005 -0.166688 -0.127005 -0.166688 1.10254 0 0.965033 0 
2 1 0 0.586669 0.586669 443.157 -0.133928 -0.173903 -0.133928 -0.173903 1.09639 0 0.963756 0 
2 1 0 0.586812 0.586812 443.157 -0.14093 -0.181042 -0.14093 -0.181042 1.09015 0 0.96255 0 
2 1 0 0.586944 0.586944 443.157 -0.148012 -0.188102 -0.148012 -0.188102 1.08384 0 0.961422 0 
2 1 0 0.587066 0.587066 443.157 -0.155171 -0.195084 -0.155171 -0.195084 1.07742 0 0.960385 0 
2 1 0 0.587177 0.587177 443.157 -0.162408 -0.201985 -0.162408 -0.201985 1.0709 0 0.959452 0 
2 1 0 0.587278 0.587278 443.157 -0.169723 -0.208804 -0.169723 -0.208804 1.06425 0 0.95864 0 
2 1 0 0.587367 0.587367 443.157 -0.177114 -0.21554 -0.177114 -0.21554 1.05746 0 0.95797 0 
2 1 0 0.587444 0.587444 443.157 -0.184582 -0.222191 -0.184582 -0.222191 1.05049 0 0.957471 0 
2 1 0 0.58751 0.58751 443.157 -0.192125 -0.228757 -0.192125 -0.228757 1.04331 0 0.957182 0 
2 1 0 0.587565 0.587565 443.157 -0.199743 -0.235236 -0.199743 -0.235236 1.03586 0 0.957159 0 
2 1 0 0.587608 0.587608 443.157 -0.207434 -0.241627 -0.207434 -0.241627 1.02807 0 0.957485 0 
2 1 0 0.587639 0.587639 443.157 -0.215199 -0.247929 -0.215199 -0.247929 1.01978 0 0.958297 0 
2 1 0 0.587657 0.587657 443.157 -0.223037 -0.254141 -0.223037 -0.254141 1.01075 0 0.959857 0 
2 1 0 0.587664 0.587664 443.157 -0.230946 -0.260262 -0.230946 -0.260262 1.00036 0 0.962782 0 
2 1 0 0.587664 0.587664 443.157 -0.231192 -0.260451 -0.231192 -0.260451 1 0 0.96291 0 
1 1 0 0.587658 0.587658 443.157 -0.239173 -0.266476 -0.239173 -0.266476 0.98496 0 0.970485 0 
1 1 0 0.587639 0.587639 398.186 -0.247224 -0.272408 -0.247224 -0.272408 0.973991 0.0153704 0.973991 -0.0153704 
1 1 0 0.587608 0.587608 266.911 -0.255344 -0.278247 -0.255344 -0.278247 0.970262 0.0228446 0.970262 -0.0228446 
1 1 0 0.587564 0.587564 214.176 -0.263531 -0.28399 -0.263531 -0.28399 0.966535 0.028363 0.966535 -0.028363 
1 1 0 0.587507 0.587507 183.816 -0.271784 -0.289638 -0.271784 -0.289638 0.962811 0.0329235 0.962811 -0.0329235 
1 1 0 0.587437 0.587437 163.467 -0.280102 -0.295189 -0.280102 -0.295189 0.959089 0.0368826 0.959089 -0.0368826 
1 1 0 0.587354 0.587354 148.61 -0.288484 -0.300643 -0.288484 -0.300643 0.955371 0.0404169 0.955371 -0.0404169 
1 1 0 0.587258 0.587258 137.147 -0.296929 -0.305999 -0.296929 -0.305999 0.951657 0.0436292 0.951657 -0.0436292 
1 1 0 0.587148 0.587148 127.956 -0.305435 -0.311257 -0.305435 -0.311257 0.947946 0.0465857 0.947946 -0.0465857 
1 1 0 0.587026 0.587026 120.373 -0.314002 -0.316416 -0.314002 -0.316416 0.94424 0.0493319 0.94424 -0.0493319 
1 1 0 0.586889 0.586889 113.978 -0.322627 -0.321475 -0.322627 -0.321475 0.940539 0.0519009 0.940539 -0.0519009 
1 1 0 0.58674 0.58674 108.491 -0.33131 -0.326435 -0.33131 -0.326435 0.936843 0.0543173 0.936843 -0.0543173 
1 1 0 0.586576 0.586576 103.716 -0.34005 -0.331294 -0.34005 -0.331294 0.933151 0.0566003 0.933151 -0.0566003 
1 1 0 0.5864 0.5864 99.5112 -0.348844 -0.336053 -0.348844 -0.336053 0.929466 0.058765 0.929466 -0.058765 
1 1 0 0.586209 0.586209 95.7725 -0.357691 -0.34071 -0.357691 -0.34071 0.925786 0.0608238 0.925786 -0.0608238 
1 1 0 0.586004 0.586004 92.4202 -0.366591 -0.345267 -0.366591 -0.345267 0.922113 0.0627866 0.922113 -0.0627866 
1 1 0 0.585786 0.585786 89.3925 -0.375542 -0.349723 -0.375542 -0.349723 0.918446 0.0646619 0.918446 -0.0646619 
1 1 0 0.585554 0.585554 86.6408 -0.384542 -0.354077 -0.384542 -0.354077 0.914785 0.0664567 0.914785 -0.0664567 
1 1 0 0.585308 0.585308 84.1262 -0.39359 -0.35833 -0.39359 -0.35833 0.911131 0.068177 0.911131 -0.068177 
1 1 0 0.585048 0.585048 81.817 -0.402684 -0.362482 -0.402684 -0.362482 0.907485 0.0698281 0.907485 -0.0698281 
1 1 0 0.584774 0.584774 79.6873 -0.411823 -0.366533 -0.411823 -0.366533 0.903845 0.0714145 0.903845 -0.0714145 
1 1 0 0.584486 0.584486 77.7154 -0.421007 -0.370483 -0.421007 -0.370483 0.900213 0.07294 0.900213 -0.07294 
1 1 0 0.584185 0.584185 75.8834 -0.430232 -0.374331 -0.430232 -0.374331 0.896589 0.0744081 0.896589 -0.0744081 
1 1 0 0.583869 0.583869 74.176 -0.439498 -0.378079 -0.439498 -0.378079 0.892972 0.0758219 0.892972 -0.0758219 
1 1 0 0.583539 0.583539 72.5802 -0.448804 -0.381727 -0.448804 -0.381727 0.889363 0.077184 0.889363 -0.077184 
1 1 0 0.583195 0.583195 71.0849 -0.458148 -0.385274 -0.458148 -0.385274 0.885762 0.078497 0.885762 -0.078497 
1 1 0 0.582837 0.582837 69.6804 -0.467529 -0.388722 -0.467529 -0.388722 0.882169 0.0797629 0.882169 -0.0797629 
1 1 0 0.582464 0.582464 68.3583 -0.476945 -0.39207 -0.476945 -0.39207 0.878585 0.0809837 0.878585 -0.0809837 
1 1 0 0.582078 0.582078 67.1115 -0.486395 -0.39532 -0.486395 -0.39532 0.875009 0.0821612 0.875009 -0.0821612 
1 1 0 0.581678 0.581678 65.9335 -0.495877 -0.398471 -0.495877 -0.398471 0.871441 0.083297 0.871441 -0.083297 
1 1 0 0.581264 0.581264 64.8186 -0.505391 -0.401524 -0.505391 -0.401524 0.867881 0.0843924 0.867881 -0.0843924 
1 1 0 0.580835 0.580835 63.7619 -0.514936 -0.40448 -0.514936 -0.40448 0.86433 0.085449 0.86433 -0.085449 
1 1 0 0.580393 0.580393 62.759 -0.524509 -0.407339 -0.524509 -0.407339 0.860787 0.0864677 0.860787 -0.0864677 
1 1 0 0.579937 0.579937 61.8059 -0.534109 -0.410102 -0.534109 -0.410102 0.857253 0.0874498 0.857253 -0.0874498 
1 1 0 0.579466 0.579466 60.899 -0.543736 -0.412769 -0.543736 -0.412769 0.853727 0.0883961 0.853727 -0.0883961 
1 1 0 0.578982 0.578982 60.0352 -0.553388 -0.415341 -0.553388 -0.415341 0.850209 0.0893077 0.850209 -0.0893077 
1 1 0 0.578484 0.578484 59.2117 -0.563063 -0.41782 -0.563063 -0.41782 0.8467 0.0901854 0.8467 -0.0901854 
1 1 0 0.577972 0.577972 58.4258 -0.572762 -0.420204 -0.572762 -0.420204 0.843199 0.0910299 0.843199 -0.0910299 
1 1 0 0.577446 0.577446 57.6752 -0.582482 -0.422497 -0.582482 -0.422497 0.839706 0.0918419 0.839706 -0.0918419 
1 1 0 0.576906 0.576906 56.9578 -0.592222 -0.424697 -0.592222 -0.424697 0.836221 0.0926221 0.836221 -0.0926221 
1 1 0 0.576352 0.576352 56.2716 -0.601982 -0.426806 -0.601982 -0.426806 0.832744 0.093371 0.832744 -0.093371 
1 1 0 0.575784 0.575784 55.615 -0.61176 -0.428825 -0.61176 -0.428825 0.829274 0.0940892 0.829274 -0.0940892 
1 1 0 0.575203 0.575203 54.9863 -0.621555 -0.430754 -0.621555 -0.430754 0.825813 0.0947771 0.825813 -0.0947771 
1 1 0 0.574607 0.574607 54.384 -0.631367 -0.432594 -0.631367 -0.432594 0.822359 0.0954352 0.822359 -0.0954352 
1 1 0 0.573998 0.573998 53.8069 -0.641194 -0.434346 -0.641194 -0.434346 0.818912 0.0960638 0.818912 -0.0960638 
1 1 0 0.573375 0.573375 53.2537 -0.651035 -0.436012 -0.651035 -0.436012 0.815473 0.0966633 0.815473 -0.0966633 
1 1 0 0.572739 0.572739 52.7232 -0.660889 -0.437591 -0.660889 -0.437591 0.812041 0.0972341 0.812041 -0.0972341 
1 1 0 0.572089 0.572089 52.2146 -0.670756 -0.439084 -0.670756 -0.439084 0.808615 0.0977762 0.808615 -0.0977762 
1 1 0 0.571425 0.571425 51.7267 -0.680634 -0.440493 -0.680634 -0.440493 0.805196 0.0982901 0.805196 -0.0982901 
1 1 0 0.570747 0.570747 51.2589 -0.690523 -0.441819 -0.690523 -0.441819 0.801784 0.0987759 0.801784 -0.0987759 
1 1 0 0.570056 0.570056 50.8102 -0.700422 -0.443061 -0.700422 -0.443061 0.798377 0.0992336 0.798377 -0.0992336 
1 1 0 0.569351 0.569351 50.38 -0.71033 -0.444221 -0.71033 -0.444221 0.794977 0.0996636 0.794977 -0.0996636 
1 1 0 0.568632 0.568632 49.9675 -0.720246 -0.4453 -0.720246 -0.4453 0.791582 0.100066 0.791582 -0.100066 
1 1 0 0.5679 0.5679 49.5723 -0.730169 -0.446299 -0.730169 -0.446299 0.788193 0.10044 0.788193 -0.10044 
1 1 0 0.567154 0.567154 49.1938 -0.740099 -0.447218 -0.740099 -0.447218 0.784808 0.100787 0.784808 -0.100787 
1 1 0 0.566395 0.566395 48.8314 -0.750035 -0.448058 -0.750035 -0.448058 0.781429 0.101106 0.781429 -0.101106 
1 1 0 0.565622 0.565622 48.4847 -0.759977 -0.448821 -0.759977 -0.448821 0.778054 0.101397 0.778054 -0.101397 
1 1 0 0.564835 0.564835 48.1534 -0.769922 -0.449506 -0.769922 -0.449506 0.774683 0.10166 0.774683 -0.10166 
1 1 0 0.564035 0.564035 47.837 -0.779872 -0.450115 -0.779872 -0.450115 0.771317 0.101896 0.771317 -0.101896 
1 1 0 0.563221 0.563221 47.5353 -0.789825 -0.450649 -0.789825 -0.450649 0.767954 0.102103 0.767954 -0.102103 
1 1 0 0.562394 0.562394 47.248 -0.79978 -0.451108 -0.79978 -0.451108 0.764594 0.102282 0.764594 -0.102282 
1 1 0 0.561552 0.561552 46.9748 -0.809738 -0.451493 -0.809738 -0.451493 0.761237 0.102432 0.761237 -0.102432 
1 1 0 0.560698 0.560698 46.7156 -0.819696 -0.451804 -0.819696 -0.451804 0.757883 0.102553 0.757883 -0.102553 
1 1 0 0.559829 0.559829 46.4702 -0.829656 -0.452043 -0.829656 -0.452043 0.754531 0.102646 0.754531 -0.102646 
1 1 0 0.558947 0.558947 46.2386 -0.839616 -0.452211 -0.839616 -0.452211 0.751182 0.102708 0.751182 -0.102708 
1 1 0 0.558051 0.558051 46.0205 -0.849575 -0.452307 -0.849575 -0.452307 0.747834 0.102741 0.747834 -0.102741 
1 1 0 0.557141 0.557141 45.816 -0.859534 -0.452333 -0.859534 -0.452333 0.744487 0.102743 0.744487 -0.102743 
1 1 0 0.556218 0.556218 45.6252 -0.869492 -0.452289 -0.869492 -0.452289 0.741141 0.102715 0.741141 -0.102715 
1 1 0 0.55528 0.55528 45.448 -0.879447 -0.452176 -0.879447 -0.452176 0.737795 0.102655 0.737795 -0.102655 
1 1 0 0.554329 0.554329 45.2845 -0.8894 -0.451995 -0.8894 -0.451995 0.73445 0.102563 0.73445 -0.102563 
1 1 0 0.553364 0.553364 45.1349 -0.899351 -0.451746 -0.899351 -0.451746 0.731105 0.102439 0.731105 -0.102439 
1 1 0 0.552384 0.552384 44.9993 -0.909298 -0.451429 -0.909298 -0.451429 0.727758 0.102281 0.727758 -0.102281 
1 1 0 0.551391 0.551391 44.8781 -0.919241 -0.451046 -0.919241 -0.451046 0.724411 0.10209 0.724411 -0.10209 
1 1 0 0.550383 0.550383 44.7714 -0.929181 -0.450597 -0.929181 -0.450597 0.721063 0.101863 0.721063 -0.101863 
1 1 0 0.549362 0.549362 44.6796 -0.939115 -0.450082 -0.939115 -0.450082 0.717713 0.101601 0.717713 -0.101601 
1 1 0 0.548326 0.548326 44.6031 -0.949045 -0.449503 -0.949045 -0.449503 0.714361 0.101302 0.714361 -0.101302 
1 1 0 0.547275 0.547275 44.5425 -0.958969 -0.448859 -0.958969 -0.448859 0.711006 0.100965 0.711006 -0.100965 
1 1 0 0.54621 0.54621 44.4982 -0.968887 -0.44815 -0.968887 -0.44815 0.707648 0.10059 0.707648 -0.10059 
1 1 0 0.545131 0.545131 44.4708 -0.978799 -0.447379 -0.978799 -0.447379 0.704287 0.100175 0.704287 -0.100175 
1 1 0 0.544037 0.544037 44.4611 -0.988704 -0.446544 -0.988704 -0.446544 0.700922 0.0997181 0.700922 -0.0997181 
1 1 0 0.542928 0.542928 44.4699 -0.998602 -0.445646 -0.998602 -0.445646 0.697553 0.0992188 0.697553 -0.0992188 
1 1 0 0.541804 0.541804 44.4982 -1.00849 -0.444686 -1.00849 -0.444686 0.694179 0.0986754 0.694179 -0.0986754 
1 1 0 0.540665 0.540665 44.5469 -1.01837 -0.443664 -1.01837 -0.443664 0.690801 0.0980863 0.690801 -0.0980863 
1 1 0 0.539511 0.539511 44.6174 -1.02825 -0.442581 -1.02825 -0.442581 0.687417 0.0974496 0.687417 -0.0974496 
1 1 0 0.538342 0.538342 44.7109 -1.03811 -0.441436 -1.03811 -0.441436 0.684027 0.0967636 0.684027 -0.0967636 
1 1 0 0.537157 0.537157 44.829 -1.04797 -0.44023 -1.04797 -0.44023 0.680631 0.0960261 0.680631 -0.0960261 
1 1 0 0.535957 0.535957 44.9735 -1.05782 -0.438964 -1.05782 -0.438964 0.677228 0.095235 0.677228 -0.095235 
1 1 0 0.534741 0.534741 45.1465 -1.06765 -0.437637 -1.06765 -0.437637 0.673819 0.0943879 0.673819 -0.0943879 
1 1 0 0.53351 0.53351 45.3501 -1.07748 -0.43625 -1.07748 -0.43625 0.670402 0.093482 0.670402 -0.093482 
1 1 0 0.532262 0.532262 45.5872 -1.0873 -0.434804 -1.0873 -0.434804 0.666977 0.0925145 0.666977 -0.0925145 
1 1 0 0.530998 0.530998 45.8608 -1.0971 -0.433297 -1.0971 -0.433297 0.663544 0.0914824 0.663544 -0.0914824 
1 1 0 0.529717 0.529717 46.1744 -1.1069 -0.431732 -1.1069 -0.431732 0.660102 0.090382 0.660102 -0.090382 
1 1 0 0.52842 0.52842 46.5322 -1.11668 -0.430106 -1.11668 -0.430106 0.656651 0.0892097 0.656651 -0.0892097 
1 1 0 0.527106 0.527106 46.939 -1.12645 -0.428422 -1.12645 -0.428422 0.653191 0.0879612 0.653191 -0.0879612 
1 1 0 0.525776 0.525776 47.4006 -1.1362 -0.426679 -1.1362 -0.426679 0.649721 0.0866317 0.649721 -0.0866317 
1 1 0 0.524428 0.524428 47.9237 -1.14595 -0.424877 -1.14595 -0.424877 0.64624 0.0852161 0.64624 -0.0852161 
1 1 0 0.523062 0.523062 48.5165 -1.15568 -0.423016 -1.15568 -0.423016 0.642749 0.0837085 0.642749 -0.0837085 
1 1 0 0.521679 0.521679 49.1887 -1.16539 -0.421096 -1.16539 -0.421096 0.639247 0.0821021 0.639247 -0.0821021 
1 1 0 0.520278 0.520278 49.9521 -1.17509 -0.419118 -1.17509 -0.419118 0.635733 0.0803896 0.635733 -0.0803896 
1 1 0 0.518858 0.518858 50.8214 -1.18478 -0.41708 -1.18478 -0.41708 0.632207 0.0785621 0.632207 -0.0785621 
1 1 0 0.51742 0.51742 51.8148 -1.19445 -0.414985 -1.19445 -0.414985 0.62867 0.0766098 0.62867 -0.0766098 
1 1 0 0.515964 0.515964 52.9553 -1.20411 -0.412831 -1.20411 -0.412831 0.625119 0.0745208 0.625119 -0.0745208 
1 1 0 0.514488 0.514488 54.2725 -1.21375 -0.410618 -1.21375 -0.410618 0.621556 0.0722814 0.621556 -0.0722814 
1 1 0 0.512993 0.512993 55.8048 -1.22337 -0.408347 -1.22337 -0.408347 0.617979 0.0698751 0.617979 -0.0698751 
1 1 0 0.511479 0.511479 57.604 -1.23298 -0.406017 -1.23298 -0.406017 0.614388 0.0672818 0.614388 -0.0672818 
1 1 0 0.509944 0.509944 59.7407 -1.24257 -0.403628 -1.24257 -0.403628 0.610784 0.0644766 0.610784 -0.0644766 
1 1 0 0.508389 0.508389 62.3153 -1.25214 -0.401181 -1.25214 -0.401181 0.607165 0.0614281 0.607165 -0.0614281 
1 1 0 0.506814 0.506814 65.4748 -1.26169 -0.398675 -1.26169 -0.398675 0.603531 0.0580953 0.603531 -0.0580953 
1 1 0 0.505218 0.505218 69.4461 -1.27122 -0.396109 -1.27122 -0.396109 0.599882 0.0544233 0.599882 -0.0544233 
1 1 0 0.5036 0.5036 74.6009 -1.28074 -0.393485 -1.28074 -0.393485 0.596218 0.0503349 0.596218 -0.0503349 
1 1 0 0.501961 0.501961 81.6012 -1.29023 -0.390802 -1.29023 -0.390802 0.592537 0.045715 0.592537 -0.045715 
1 1 0 0.500299 0.500299 91.7728 -1.2997 -0.38806 -1.2997 -0.38806 0.588841 0.0403779 0.588841 -0.0403779 
1 1 0 0.498615 0.498615 108.308 -1.30915 -0.385258 -1.30915 -0.385258 0.585129 0.0339827 0.585129 -0.0339827 
1 1 0 0.496908 0.496908 141.975 -1.31858 -0.382397 -1.31858 -0.382397 0.5814 0.0257469 0.5814 -0.0257469 
1 1 0 0.495178 0.495178 292.231 -1.32799 -0.379477 -1.32799 -0.379477 0.577654 0.0124219 0.577654 -0.0124219 
1 1 0 0.493424 0.493424 292.231 -1.33737 -0.376496 -1.33737 -0.376496 0.554622 0 0.593159 0 
1 1 0 0.491645 0.491645 292.231 -1.34673 -0.373456 -1.34673 -0.373456 0.539875 0 0.600345 0 
1 1 0 0.489842 0.489842 292.231 -1.35607 -0.370356 -1.35607 -0.370356 0.527911 0 0.604713 0 
1 1 0 0.488014 0.488014 292.231 -1.36538 -0.367196 -1.36538 -0.367196 0.517186 0 0.607806 0 
1 1 0 0.48616 0.48616 292.231 -1.37466 -0.363975 -1.37466 -0.363975 0.507189 0 0.610136 0 
1 1 0 0.48428 0.48428 292.231 -1.38392 -0.360694 -1.38392 -0.360694 0.497674 0 0.611946 0 
1 1 0 0.482372 0.482372 292.231 -1.39315 -0.357353 -1.39315 -0.357353 0.488504 0 0.613376 0 
1 1 0 0.480438 0.480438 292.231 -1.40235 -0.35395 -1.40235 -0.35395 0.47959 0 0.614512 0 
1 1 0 0.478476 0.478476 292.231 -1.41153 -0.350488 -1.41153 -0.350488 0.470874 0 0.615414 0 
1 1 0 0.476485 0.476485 292.231 -1.42067 -0.346964 -1.42067 -0.346964 0.462312 0 0.616124 0 
1 1 0 0.474465 0.474465 292.231 -1.42978 -0.343379 -1.42978 -0.343379 0.453875 0 0.616672 0 
1 1 0 0.472415 0.472415 292.231 -1.43887 -0.339734 -1.43887 -0.339734 0.445538 0 0.617082 0 
1 1 0 0.470334 0.470334 292.231 -1.44792 -0.336027 -1.44792 -0.336027 0.437282 0 0.617373 0 
1 1 0 0.468223 0.468223 292.231 -1.45694 -0.332259 -1.45694 -0.332259 0.429094 0 0.617559 0 
1 1 0 0.46608 0.46608 292.231 -1.46593 -0.32843 -1.46593 -0.32843 0.420962 0 0.617652 0 
1 1 0 0.463904 0.463904 292.231 -1.47488 -0.32454 -1.47488 -0.32454 0.412875 0 0.617662 0 
1 1 0 0.461694 0.461694 292.231 -1.4838 -0.320589 -1.4838 -0.320589 0.404827 0 0.617596 0 
1 1 0 0.459451 0.459451 292.231 -1.49268 -0.316576 -1.49268 -0.316576 0.396811 0 0.617462 0 
1 1 0 0.457173 0.457173 292.231 -1.50152 -0.312503 -1.50152 -0.312503 0.388821 0 0.617265 0 
1 1 0 0.454859 0.454859 292.231 -1.51033 -0.308369 -1.51033 -0.308369 0.380854 0 0.617009 0 
1 1 0 0.452508 0.452508 292.231 -1.5191 -0.304174 -1.5191 -0.304174 0.372906 0 0.616699 0 
1 1 0 0.45012 0.45012 292.231 -1.52783 -0.299919 -1.52783 -0.299919 0.364974 0 0.616337 0 
1 1 0 0.447694 0.447694 292.231 -1.53651 -0.295604 -1.53651 -0.295604 0.357056 0 0.615928 0 
1 1 0 0.445228 0.445228 292.231 -1.54516 -0.291229 -1.54516 -0.291229 0.34915 0 0.615472 0 
1 1 0 0.442721 0.442721 292.231 -1.55377 -0.286795 -1.55377 -0.286795 0.341256 0 0.614973 0 
1 1 0 0.440174 0.440174 292.231 -1.56233 -0.282301 -1.56233 -0.282301 0.333372 0 0.614431 0 
1 1 0 0.437583 0.437583 292.231 -1.57085 -0.277749 -1.57085 -0.277749 0.325498 0 0.613849 0 
1 1 0 0.434949 0.434949 292.231 -1.57932 -0.273139 -1.57932 -0.273139 0.317634 0 0.613227 0 
1 1 0 0.432271 0.432271 292.231 -1.58775 -0.268471 -1.58775 -0.268471 0.30978 0 0.612567 0 
1 1 0 0.429546 0.429546 292.231 -1.59614 -0.263747 -1.59614 -0.263747 0.301936 0 0.611868 0 
1 1 0 0.426774 0.426774 292.231 -1.60447 -0.258967 -1.60447 -0.258967 0.294105 0 0.611132 0 
1 1 0 0.423953 0.423953 292.231 -1.61276 -0.254131 -1.61276 -0.254131 0.286286 0 0.610359 0 
1 1 0 0.421082 0.421082 292.231 -1.62099 -0.249241 -1.62099 -0.249241 0.278482 0 0.609548 0 
1 1 0 0.41816 0.41816 292.231 -1.62918 -0.244298 -1.62918 -0.244298 0.270694 0 0.608701 0 
1 1 0 0.415185 0.415185 292.231 -1.63732 -0.239303 -1.63732 -0.239303 0.262924 0 0.607816 0 
1 1 0 0.412155 0.412155 292.231 -1.6454 -0.234257 -1.6454 -0.234257 0.255174 0 0.606894 0 
1 1 0 0.409069 0.409069 292.231 -1.65344 -0.229162 -1.65344 -0.229162 0.247447 0 0.605934 0 
1 1 0 0.405925 0.405925 292.231 -1.66142 -0.224018 -1.66142 -0.224018 0.239745 0 0.604935 0 
1 1 0 0.402722 0.402722 292.231 -1.66934 -0.218828 -1.66934 -0.218828 0.232072 0 0.603897 0 
1 1 0 0.399457 0.399457 292.231 -1.67721 -0.213593 -1.67721 -0.213593 0.224431 0 0.602819 0 
1 1 0 0.396128 0.396128 292.231 -1.68503 -0.208315 -1.68503 -0.208315 0.216825 0 0.601699 0 
1 1 0 0.392734 0.392734 292.231 -1.69278 -0.202996 -1.69278 -0.202996 0.209258 0 0.600538 0 
1 1 0 0.389272 0.389272 292.231 -1.70049 -0.197638 -1.70049 -0.197638 0.201734 0 0.599332 0 
1 1 0 0.385739 0.385739 292.231 -1.70813 -0.192243 -1.70813 -0.192243 0.194257 0 0.598082 0 
1 1 0 0.382134 0.382134 292.231 -1.71572 -0.186814 -1.71572 -0.186814 0.186831 0 0.596785 0 
1 1 0 0.378454 0.378454 292.231 -1.72324 -0.181354 -1.72324 -0.181354 0.179462 0 0.59544 0 
1 1 0 0.374696 0.374696 292.231 -1.73071 -0.175865 -1.73071 -0.175865 0.172155 0 0.594044 0 
1 1 0 0.370857 0.370857 292.231 -1.73812 -0.17035 -1.73812 -0.17035 0.164914 0 0.592596 0 
1 1 0 0.366935 0.366935 292.231 -1.74546 -0.164813 -1.74546 -0.164813 0.157746 0 0.591093 0 
1 1 0 0.362925 0.362925 292.231 -1.75275 -0.159257 -1.75275 -0.159257 0.150655 0 0.589533 0 
1 1 0 0.358826 0.358826 292.231 -1.75997 -0.153686 -1.75997 -0.153686 0.143649 0 0.587914 0 
1 1 0 0.354633 0.354633 292.231 -1.76713 -0.148104 -1.76713 -0.148104 0.136733 0 0.586231 0 
1 1 0 0.350342 0.350342 292.231 -1.77423 -0.142516 -1.77423 -0.142516 0.129915 0 0.584483 0 
1 1 0 0.34595 0.34595 292.231 -1.78126 -0.136925 -1.78126 -0.136925 0.1232 0 0.582667 0 
1 1 0 0.341453 0.341453 292.231 -1.78823 -0.131338 -1.78823 -0.131338 0.116596 0 0.580777 0 
1 1 0 0.336847 0.336847 292.231 -1.79514 -0.125759 -1.79514 -0.125759 0.110111 0 0.578812 0 
1 1 0 0.332126 0.332126 292.231 -1.80197 -0.120194 -1.80197 -0.120194 0.103752 0 0.576766 0 
1 1 0 0.327286 0.327286 292.231 -1.80875 -0.114649 -1.80875 -0.114649 0.0975261 0 0.574635 0 
1 1 0 0.322323 0.322323 292.231 -1.81545 -0.109132 -1.81545 -0.109132 0.0914426 0 0.572415 0 
1 1 0 0.317232 0.317232 292.231 -1.82209 -0.103649 -1.82209 -0.103649 0.0855093 0 0.570101 0 
1 1 0 0.312007 0.312007 292.231 -1.82865 -0.0982079 -1.82865 -0.0982079 0.0797352 0 0.567688 0 
1 1 0 0.306643 0.306643 292.231 -1.83514 -0.0928172 -1.83514 -0.0928172 0.0741281 0 0.56517 0 
1 1 0 0.301135 0.301135 292.231 -1.84157 -0.0874854 -1.84157 -0.0874854 0.0686966 0 0.562542 0 
1 1 0 0.295477 0.295477 292.231 -1.84791 -0.0822216 -1.84791 -0.0822216 0.0634492 0 0.559797 0 
1 1 0 0.289663 0.289663 292.231 -1.85418 -0.077036 -1.85418 -0.077036 0.0583944 0 0.55693 0 
1 1 0 0.283689 0.283689 292.231 -1.86037 -0.0719389 -1.86037 -0.0719389 0.0535402 0 0.553934 0 
1 1 0 0.277549 0.277549 292.231 -1.86648 -0.0669415 -1.86648 -0.0669415 0.0488948 0 0.550802 0 
1 1 0 0.271238 0.271238 292.231 -1.87251 -0.0620552 -1.87251 -0.0620552 0.0444654 0 0.547529 0 
1 1 0 0.264752 0.264752 292.231 -1.87844 -0.0572923 -1.87844 -0.0572923 0.0402589 0 0.544108 0 
1 1 0 0.258087 0.258087 292.231 -1.88429 -0.0526651 -1.88429 -0.0526651 0.0362815 0 0.540532 0 
1 1 0 0.251239 0.251239 292.231 -1.89004 -0.0481862 -1.89004 -0.0481862 0.0325382 0 0.536795 0 
1 1 0 0.244207 0.244207 292.231 -1.89569 -0.0438683 -1.89569 -0.0438683 0.0290329 0 0.532892 0 
1 1 0 0.236989 0.236989 292.231 -1.90123 -0.0397241 -1.90123 -0.0397241 0.0257682 0 0.528819 0 
1 1 0 0.229585 0.229585 292.231 -1.90666 -0.0357655 -1.90666 -0.0357655 0.0227449 0 0.52457 0 
1 1 0 0.221997 0.221997 292.231 -1.91198 -0.0320042 -1.91198 -0.0320042 0.0199623 0 0.520142 0 
1 1 0 0.214227 0.214227 292.231 -1.91718 -0.0284503 -1.91718 -0.0284503 0.0174177 0 0.515534 0 
1 1 0 0.20628 0.20628 292.231 -1.92224 -0.025113 -1.92224 -0.025113 0.0151065 0 0.510744 0 
1 1 0 0.19816 0.19816 292.231 -1.92718 -0.0219995 -1.92718 -0.0219995 0.0130219 0 0.505773 0 
1 1 0 0.189877 0.189877 292.231 -1.93198 -0.0191154 -1.93198 -0.0191154 0.0111553 0 0.500623 0 
1 1 0 0.181437 0.181437 292.231 -1.93665 -0.0164636 -1.93665 -0.0164636 0.00949652 0 0.495297 0 
1 1 0 0.17285 0.17285 292.231 -1.94117 -0.014045 -1.94117 -0.014045 0.00803344 0 0.4898 0 
1 1 0 0.164127 0.164127 292.231 -1.94554 -0.011858 -1.94554 -0.011858 0.00675288 0 0.484138 0 
1 1 0 0.155277 0.155277 292.231 -1.94976 -0.00989821 -1.94976 -0.00989821 0.00564069 0 0.478316 0 
1 1 0 0.146313 0.146313 292.231 -1.95384 -0.00815933 -1.95384 -0.00815933 0.00468212 0 0.472345 0 
1 1 0 0.137242 0.137242 292.231 -1.95777 -0.00663214 -1.95777 -0.00663214 0.00386193 0 0.466228 0 
1 1 0 0.128077 0.128077 292.231 -1.96156 -0.0053068 -1.96156 -0.0053068 0.00316572 0 0.459979 0 
1 1 0 0.118829 0.118829 292.231 -1.9652 -0.00417117 -1.9652 -0.00417117 0.00257913 0 0.453607 0 
1 1 0 0.109507 0.109507 292.231 -1.96869 -0.00321179 -1.96869 -0.00321179 0.00208846 0 0.44712 0 
1 1 0 0.10012 0.10012 292.231 -1.97205 -0.00241424 -1.97205 -0.00241424 0.00168094 0 0.440528 0 
1 1 0 0.0906746 0.0906746 292.231 -1.97528 -0.00176345 -1.97528 -0.00176345 0.00134485 0 0.433841 0 
1 1 0 0.0811787 0.0811787 292.231 -1.97838 -0.00124396 -1.97838 -0.00124396 0.00106956 0 0.427068 0 
1 1 0 0.0716379 0.0716379 292.231 -1.98135 -0.000840205 -1.98135 -0.000840205 0.000845582 0 0.420218 0 
1 1 0 0.0620574 0.0620574 292.231 -1.98421 -0.000536691 -1.98421 -0.000536691 0.000664558 0 0.413299 0 
1 1 0 0.0524415 0.0524415 292.231 -1.98695 -0.000318185 -1.98695 -0.000318185 0.000519208 0 0.40632 0 
1 1 0 0.0427941 0.0427941 292.231 -1.98958 -0.000169843 -1.98958 -0.000169843 0.000403254 0 0.399287 0 
1 1 0 0.0331186 0.0331186 292.231 -1.9921 -7.73193e-05 -1.9921 -7.73193e-05 0.000311344 0 0.392211 0 
1 1 0 0.0234176 0.0234176 292.231 -1.99453 -2.68431e-05 -1.99453 -2.68431e-05 0.000238958 0 0.385096 0 
1 1 0 0.0136936 0.0136936 292.231 -1.99687 -5.27106e-06 -1.99687 -5.27106e-06 0.00018231 0 0.377952 0 
1 1 0 0.00394867 0.00394867 292.231 -1.99912 -1.24732e-07 -1.99912 -1.24732e-07 0.00013826 0 0.370785 0 
1 1 0 -0.00581528 -0.00581528 292.231 -2.00128 3.88827e-07 -2.00128 3.88827e-07 0.000104223 0 0.363601 0 
2 2 0 0.581244 0.581244 292.231 -2.9564e-07 -4.81958e-07 -2.9564e-07 -4.81958e-07 0.000104223 0 0.363601 0 
1 2 0 0.582243 0.582243 292.231 -3.71316e-08 -5.974e-08 -3.71316e-08 -5.974e-08 0.000104223 0 0.363601 0 
2 2 0 0.583244 0.583244 292.231 5.42973e-11 8.865e-11 5.42973e-11 8.865e-11 1.20728 0 1.01191 0 
2 2 0 0.585244 0.585244 292.231 -9.01052e-14 -1.30544e-13 -9.01052e-14 -1.30544e-13 1.1918 0 1.02569 0 
2 2 0 0.589244 0.589244 292.231 5.68208e-17 7.49557e-17 5.68208e-17 7.49557e-17 1.14815 0 1.06627 0 
2 2 0 0.597244 0.597244 75.2563 -4.70817e-20 -4.80755e-20 -4.70817e-20 -4.80755e-20 1.1048 0.0924556 1.1048 -0.0924556 
2 2 0 0.607244 0.607244 48.0427 1.23166e-23 8.7472e-24 1.23166e-23 8.7472e-24 1.10298 0.145079 1.10298 -0.145079 
2 2 0 0.617244 0.617244 38.2361 -5.15135e-27 -1.40714e-27 -5.15135e-27 -1.40714e-27 1.10241 0.182803 1.10241 -0.182803 
2 2 0 0.627244 0.627244 32.7723 8.23908e-31 -3.24787e-31 8.23908e-31 -3.24787e-31 1.10303 0.214106 1.10303 -0.214106 
2 2 0 0.637244 0.637244 29.1517 -1.09319e-34 4.02806e-34 -1.09319e-34 4.02806e-34 1.10481 0.24188 1.10481 -0.24188 
2 2 0 0.647244 0.647244 26.5089 -3.30097e-38 -1.14346e-37 -3.30097e-38 -1.14346e-37 1.10767 0.267572 1.10767 -0.267572 
2 2 0 0.657244 0.657244 24.4551 3.73821e-41 4.51556e-41 3.73821e-41 4.51556e-41 1.11159 0.292053 1.11159 -0.292053 
2 2 0 0.667244 0.667244 22.7869 -1.06716e-44 -6.00506e-45 -1.06716e-44 -6.00506e-45 1.11652 0.315914 1.11652 -0.315914 
2 2 0 0.677244 0.677244 21.3865 4.50986e-48 3.6688e-50 4.50986e-48 3.6688e-50 1.12243 0.339587 1.12243 -0.339587 
2 2 0 0.687244 0.687244 20.1809 -7.18973e-52 4.86368e-52 -7.18973e-52 4.86368e-52 1.12926 0.363407 1.12926 -0.363407 
2 2 0 0.697244 0.697244 19.1221 1.11026e-55 -3.63799e-55 1.11026e-55 -3.63799e-55 1.13699 0.387649 1.13699 -0.387649 
2 2 0 0.707244 0.707244 18.1774 1.89676e-59 8.65122e-59 1.89676e-59 8.65122e-59 1.14559 0.412547 1.14559 -0.412547 
2 2 0 0.717244 0.717244 17.3237 -2.47822e-62 -2.98515e-62 -2.47822e-62 -2.98515e-62 1.15502 0.438307 1.15502 -0.438307 
2 2 0 0.727244 0.727244 16.5443 7.16493e-66 3.45812e-66 7.16493e-66 3.45812e-66 1.16525 0.465117 1.16525 -0.465117 
2 2 0 0.737244 0.737244 15.8266 -3.07708e-69 1.93591e-70 -3.07708e-69 1.93591e-70 1.17623 0.493149 1.17623 -0.493149 
2 2 0 0.747244 0.747244 15.1614 5.1606e-73 -3.34791e-73 5.1606e-73 -3.34791e-73 1.18794 0.522569 1.18794 -0.522569 
2 2 0 0.757244 0.757244 14.5413 -1.05433e-76 2.29645e-76 -1.05433e-76 2.29645e-76 1.20033 0.553538 1.20033 -0.553538 
2 2 0 0.767244 0.767244 13.9607 -2.62564e-81 -5.35811e-80 -2.62564e-81 -5.35811e-80 1.21336 0.586213 1.21336 -0.586213 
2 2 0 0.777244 0.777244 13.4151 1.13857e-83 1.90703e-83 1.13857e-83 1.90703e-83 1.22699 0.620752 1.22699 -0.620752 
2 2 0 0.787244 0.787244 12.9007 -3.73396e-87 -2.5558e-87 -3.73396e-87 -2.5558e-87 1.24117 0.657316 1.24117 -0.657316 
2 2 0 0.797244 0.797244 12.4147 1.76795e-90 2.10062e-91 1.76795e-90 2.10062e-91 1.25584 0.696066 1.25584 -0.696066 
2 2 0 0.807244 0.807244 11.9544 -3.35042e-94 1.15005e-94 -3.35042e-94 1.15005e-94 1.27095 0.73717 1.27095 -0.73717 
2 2 0 0.817244 0.817244 11.5178 9.4565e-98 -1.02885e-97 9.4565e-98 -1.02885e-97 1.28641 0.780801 1.28641 -0.780801 
2 2 0 0.827244 0.827244 11.103 -8.3461e-102 2.69039e-101 -8.3461e-102 2.69039e-101 1.30217 0.827138 1.30217 -0.827138 
2 2 0 0.837244 0.837244 10.7085 -1.92404e-105 -1.10062e-104 -1.92404e-105 -1.10062e-104 1.31814 0.87637 1.31814 -0.87637 
2 2 0 0.847244 0.847244 10.3329 1.24593e-108 1.85153e-108 1.24593e-108 1.85153e-108 1.33421 0.928691 1.33421 -0.928691 
2 2 0 0.857244 0.857244 9.97488 -7.54404e-112 -4.3262e-112 -7.54404e-112 -4.3262e-112 1.35029 0.984308 1.35029 -0.984308 
2 2 0 0.867244 0.867244 9.63342 1.7014e-115 1.84161e-116 1.7014e-115 1.84161e-116 1.36624 1.04343 1.36624 -1.04343 
2 2 0 0.877244 0.877244 9.3075 -6.20743e-119 2.24515e-119 -6.20743e-119 2.24515e-119 1.38195 1.1063 1.38195 -1.1063 
2 2 0 0.887244 0.887244 8.99619 9.41369e-123 -8.86449e-123 9.41369e-123 -8.86449e-123 1.39725 1.17313 1.39725 -1.17313 
2 2 0 0.897244 0.897244 8.69866 -1.7894e-126 4.63487e-126 -1.7894e-126 4.63487e-126 1.41197 1.24419 1.41197 -1.24419 
2 2 0 0.907244 0.907244 8.41413 -2.94678e-131 -9.68032e-130 -2.94678e-131 -9.68032e-130 1.42592 1.31973 1.42592 -1.31973 
2 2 0 0.917244 0.917244 8.1419 1.666e-133 3.29759e-133 1.666e-133 3.29759e-133 1.43888 1.40002 1.43888 -1.40002 
2 2 0 0.927244 0.927244 7.8813 -5.41373e-137 -4.67068e-137 -5.41373e-137 -4.67068e-137 1.45062 1.48535 1.45062 -1.48535 
2 2 0 0.937244 0.937244 7.63171 2.60072e-140 7.51736e-141 2.60072e-140 7.51736e-141 1.46086 1.57602 1.46086 -1.57602 
2 2 0 0.947244 0.947244 7.39254 -5.17969e-144 5.3931e-145 -5.17969e-144 5.3931e-145 1.4693 1.67234 1.4693 -1.67234 
2 2 0 0.957244 0.957244 7.16327 1.69273e-147 -9.87253e-148 1.69273e-147 -9.87253e-148 1.47561 1.77463 1.47561 -1.77463 
2 2 0 0.967244 0.967244 6.94339 -2.30933e-151 2.95416e-151 -2.30933e-151 2.95416e-151 1.4794 1.88322 1.4794 -1.88322 
2 2 0 0.977244 0.977244 6.73241 3.40498e-155 -1.36078e-154 3.40498e-155 -1.36078e-154 1.48025 1.99845 1.48025 -1.99845 
2 2 0 0.987244 0.987244 6.52989 3.43012e-159 2.64853e-158 3.43012e-159 2.64853e-158 1.47771 2.12069 1.47771 -2.12069 
2 2 0 0.997244 0.997244 6.33542 -5.12332e-162 -8.51341e-162 -5.12332e-162 -8.51341e-162 1.47124 2.2503 1.47124 -2.2503 
2 2 0 1.00724 1.00724 6.14859 1.48771e-165 1.15429e-165 1.48771e-165 1.15429e-165 1.46028 2.38764 1.46028 -2.38764 
2 2 0 0.581244 0.581244 6.14859 -2.9564e-07 -4.81958e-07 -2.9564e-07 -4.81958e-07 1.46028 2.38764 1.46028 -2.38764 
2 2 0 0.580244 0.580244 6.14859 8.10084e-11 -7.77225e-10 8.10084e-11 -7.77225e-10 1.46028 2.38764 1.46028 -2.38764 
2 2 0 0.579243 0.579243 6.14859 8.23692e-11 1.34512e-10 8.23692e-11 1.34512e-10 1.23356 0 0.989364 0 
2 2 0 0.577243 0.577243 6.14859 1.65829e-15 2.81315e-15 1.65829e-15 2.81315e-15 1.24527 0 0.979701 0 
2 2 0 0.573243 0.573243 6.14859 -5.93667e-17 -1.21168e-16 -5.93667e-17 -1.21168e-16 1.26692 0 0.962491 0 
2 2 0 0.565243 0.565243 6.14859 -5.58858e-22 -1.41933e-21 -5.58858e-22 -1.41933e-21 1.30605 0 0.933693 0 
2 2 0 0.555243 0.555243 6.14859 7.77695e-24 2.39631e-23 7.77695e-24 2.39631e-23 1.35131 0 0.904198 0 
2 2 0 0.545243 0.545243 6.14859 5.08496e-29 1.78018e-28 5.08496e-29 1.78018e-28 1.39537 0 0.879246 0 
2 2 0 0.535243 0.535243 6.14859 -5.88277e-31 -2.33726e-30 -5.88277e-31 -2.33726e-30 1.43987 0 0.857405 0 
2 2 0 0.525243 0.525243 6.14859 -3.20012e-36 -1.47116e-35 -3.20012e-36 -1.47116e-35 1.48589 0 0.837863 0 
2 2 0 0.515243 0.515243 6.14859 3.00074e-38 1.5899e-37 3.00074e-38 1.5899e-37 1.5342 0 0.820102 0 
2 2 0 0.505243 0.505243 6.14859 1.4721e-43 8.79068e-43 1.4721e-43 8.79068e-43 1.58547 0 0.803767 0 
2 2 0 0.495243 0.495243 6.14859 -1.19849e-45 -8.0772e-45 -1.19849e-45 -8.0772e-45 1.6403 0 0.788603 0 
2 2 0 0.485243 0.485243 6.14859 -5.19287e-51 -3.9797e-50 -5.19287e-51 -3.9797e-50 1.69925 0 0.774414 0 
2 2 0 0.475243 0.475243 6.14859 3.62992e-53 3.16149e-52 3.62992e-53 3.16149e-52 1.7629 0 0.761052 0 
2 2 0 0.465243 0.465243 6.14859 1.42719e-58 1.4003e-57 1.42719e-58 1.4003e-57 1.83186 0 0.748397 0 
2 2 0 0.455243 0.455243 6.14859 -8.7804e-61 -9.72245e-60 -8.7804e-61 -9.72245e-60 1.90674 0 0.736353 0 
2 2 0 0.445243 0.445243 6.14859 -3.10166e-66 -3.88667e-65 -3.10166e-66 -3.88667e-65 1.98824 0 0.724841 0 
2 2 0 0.435243 0.435243 6.14859 1.67287e-68 2.37394e-67 1.67287e-68 2.37394e-67 2.07708 0 0.713796 0 
2 2 0 0.425243 0.425243 6.14859 5.35566e-74 8.5803e-73 5.35566e-74 8.5803e-73 2.1741 0 0.703162 0 
2 2 0 0.415243 0.415243 6.14859 -2.55423e-76 -4.62861e-75 -2.55423e-76 -4.62861e-75 2.28018 0 0.692892 0 
2 2 0 0.405243 0.405243 6.14859 -7.37039e-82 -1.51246e-80 -7.37039e-82 -1.51246e-80 2.39634 0 0.682946 0 
2 2 0 0.395243 0.395243 6.14859 3.10253e-84 7.22032e-83 3.10253e-84 7.22032e-83 2.52371 0 0.673288 0 
2 2 0 0.385243 0.385243 6.14859 8.07525e-90 2.13021e-88 8.07525e-90 2.13021e-88 2.66354 0 0.663889 0 
2 2 0 0.375243 0.375243 6.14859 -3.00503e-92 -9.00416e-91 -3.00503e-92 -9.00416e-91 2.81727 0 0.654722 0 
2 2 0 0.365243 0.365243 6.14859 -7.02309e-98 -2.3928e-96 -7.02309e-98 -2.3928e-96 2.98651 0 0.645764 0 
2 2 0 0.355243 0.355243 6.14859 2.30507e-100 8.94855e-99 2.30507e-100 8.94855e-99 3.17307 0 0.636993 0 
2 2 0 0.345243 0.345243 6.14859 4.82208e-106 2.13488e-104 4.82208e-106 2.13488e-104 3.37902 0 0.628391 0 
2 2 0 0.335243 0.335243 6.14859 -1.39296e-108 -7.05066e-107 -1.39296e-108 -7.05066e-107 3.60673 0 0.619942 0 
2 2 0 0.325243 0.325243 6.14859 -2.59441e-114 -1.50376e-112 -2.59441e-114 -1.50376e-112 3.85887 0 0.61163 0 
2 2 0 0.315243 0.315243 6.14859 6.57007e-117 4.37271e-115 6.57007e-117 4.37271e-115 4.13852 0 0.603443 0 
2 2 0 0.305243 0.305243 6.14859 1.08326e-122 8.29462e-121 1.08326e-122 8.29462e-121 4.44918 0 0.595367 0 
2 2 0 0.295243 0.295243 6.14859 -2.39321e-125 -2.11498e-123 -2.39321e-125 -2.11498e-123 4.79487 0 0.587392 0 
2 2 0 0.285243 0.285243 6.14859 -3.46807e-131 -3.54633e-129 -3.46807e-131 -3.54633e-129 5.18022 0 0.579507 0 
2 2 0 0.275243 0.275243 6.14859 6.64188e-134 7.88723e-132 6.64188e-134 7.88723e-132 5.61056 0 0.571702 0 
2 2 0 0.265243 0.265243 6.14859 8.38919e-140 1.16055e-137 8.38919e-140 1.16055e-137 6.09204 0 0.56397 0 
2 2 0 0.255243 0.255243 6.14859 -1.38186e-142 -2.23642e-140 -1.38186e-142 -2.23642e-140 6.63174 0 0.556303 0 
2 2 0 0.245243 0.245243 6.14859 -1.50617e-148 -2.86293e-146 -1.50617e-148 -2.86293e-146 7.23791 0 0.548692 0 
2 2 0 0.235243 0.235243 6.14859 2.11308e-151 4.74096e-149 2.11308e-151 4.74096e-149 7.92009 0 0.541132 0 
2 2 0 0.225243 0.225243 6.14859 1.9639e-157 5.22617e-155 1.9639e-157 5.22617e-155 8.6894 0 0.533615 0 
2 2 0 0.215243 0.215243 6.14859 -2.31855e-160 -7.36181e-158 -2.31855e-160 -7.36181e-158 9.55878 0 0.526137 0 
2 2 0 0.205243 0.205243 6.14859 -1.81101e-166 -6.90257e-164 -1.81101e-166 -6.90257e-164 10.5434 0 0.518691 0 
2 2 0 0.195243 0.195243 6.14859 1.77225e-169 8.16742e-167 1.77225e-169 8.16742e-167 11.6609 0 0.511274 0 
2 2 0 0.185243 0.185243 6.14859 1.14284e-175 6.41664e-173 1.14284e-175 6.41664e-173 12.9321 0 0.50388 0 
2 2 0 0.175243 0.175243 6.14859 -9.09537e-179 -6.27782e-176 -9.09537e-179 -6.27782e-176 14.3814 0 0.496505 0 
2 2 0 0.165243 0.165243 6.14859 -4.73476e-185 -4.05662e-182 -4.73476e-185 -4.05662e-182 16.0377 0 0.489146 0 
2 2 0 0.155243 0.155243 6.14859 2.99e-188 3.21653e-185 2.99e-188 3.21653e-185 17.9349 0 0.481799 0 
2 2 0 0.145243 0.145243 6.14859 1.22059e-194 1.66974e-191 1.22059e-194 1.66974e-191 20.1133 0 0.474462 0 
2 2 0 0.135243 0.135243 6.14859 -5.9196e-198 -1.04536e-194 -5.9196e-198 -1.04536e-194 22.6207 0 0.467131 0 
2 2 0 0.125243 0.125243 6.14859 -1.82275e-204 -4.22725e-201 -1.82275e-204 -4.22725e-201 25.5139 0 0.459804 0 
2 2 0 0.115243 0.115243 6.14859 6.48901e-208 2.01757e-204 6.48901e-208 2.01757e-204 28.8607 0 0.452479 0 
2 2 0 0.105243 0.105243 6.14859 1.42681e-214 6.09432e-211 1.42681e-214 6.09432e-211 32.7422 0 0.445154 0 
2 2 0 0.0952432 0.0952432 6.14859 -3.49038e-218 -2.11051e-214 -3.49038e-218 -2.11051e-214 37.2553 0 0.437828 0 
2 2 0 0.0852432 0.0852432 6.14859 -5.04522e-225 -4.48206e-221 -5.04522e-225 -4.48206e-221 42.5166 0 0.4305 0 
2 2 0 0.0752432 0.0752432 6.14859 7.63543e-229 1.04544e-224 7.63543e-229 1.04544e-224 48.6664 0 0.423169 0 
2 2 0 0.0652432 0.0652432 6.14859 6.31204e-236 1.41922e-231 6.31204e-236 1.41922e-231 55.8743 0 0.415833 0 
2 2 0 0.0552432 0.0552432 6.14859 -4.87753e-240 -1.96869e-235 -4.87753e-240 -1.96869e-235 64.3453 0 0.408493 0 
2 2 0 0.0452432 0.0452432 6.14859 -1.73558e-247 -1.43932e-242 -1.73558e-247 -1.43932e-242 74.3282 0 0.401149 0 
2 2 0 0.0352432 0.0352432 6.14859 4.28371e-252 9.24756e-247 4.28371e-252 9.24756e-247 86.1257 0 0.393801 0 
2 2 0 0.0252432 0.0252432 6.14859 2.41038e-260 2.43548e-254 2.41038e-260 2.43548e-254 100.107 0 0.386449 0 
2 2 0 0.0152432 0.0152432 6.14859 7.75325e-266 -3.37644e-259 7.75325e-266 -3.37644e-259 116.724 0 0.379094 0 
2 2 0 0.00524316 0.00524316 6.14859 1.08312e-274 -3.52076e-268 1.08312e-274 -3.52076e-268 136.531 0 0.371737 0 
2 2 0 -0.00475684 -0.00475684 6.14859 9.64078e-281 -3.52374e-273 9.64078e-281 -3.52374e-273 160.208 0 0.36438 0 
