2 1 0 0 0 0 0 0 0 0 0.999534 0 0.00186348 0 
2 1 0 0.001 0.001 0 0 0 0 0 2.70474 0 0.368983 0 
2 1 0 0.002 0.002 0 0 0 0 0 2.69131 0 0.370086 0 
2 1 0 0.004 0.004 0 0 0 0 0 2.66475 0 0.372291 0 
2 1 0 0.008 0.008 0 0 0 0 0 2.61286 0 0.376696 0 
2 1 0 0.013 0.013 0 0 0 0 0 2.55021 0 0.38219 0 
2 1 0 0.018 0.018 0 0 0 0 0 2.48991 0 0.387672 0 
2 1 0 0.023 0.023 0 0 0 0 0 2.43186 0 0.393137 0 
2 1 0 0.028 0.028 0 0 0 0 0 2.37596 0 0.398586 0 
2 1 0 0.033 0.033 0 0 0 0 0 2.32212 0 0.404016 0 
2 1 0 0.038 0.038 0 0 0 0 0 2.27026 0 0.409425 0 
2 1 0 0.043 0.043 0 0 0 0 0 2.22028 0 0.414813 0 
2 1 0 0.048 0.048 0 0 0 0 0 2.1721 0 0.420178 0 
2 1 0 0.053 0.053 0 0 0 0 0 2.12566 0 0.425517 0 
2 1 0 0.058 0.058 0 0 0 0 0 2.08088 0 0.430831 0 
2 1 0 0.063 0.063 0 0 0 0 0 2.03768 0 0.436117 0 
2 1 0 0.068 0.068 0 0 0 0 0 1.99602 0 0.441374 0 
2 1 0 0.073 0.073 0 0 0 0 0 1.95581 0 0.446601 0 
2 1 0 0.078 0.078 0 0 0 0 0 1.917 0 0.451797 0 
2 1 0 0.083 0.083 0 0 0 0 0 1.87955 0 0.456961 0 
2 1 0 0.088 0.088 0 0 0 0 0 1.84338 0 0.462091 0 
2 1 0 0.093 0.093 0 0 0 0 0 1.80846 0 0.467186 0 
2 1 0 0.098 0.098 0 0 0 0 0 1.77473 0 0.472246 0 
2 1 0 0.103 0.103 0 0 0 0 0 1.74215 0 0.477269 0 
2 1 0 0.108 0.108 0 0 0 0 0 1.71066 0 0.482256 0 
2 1 0 0.113 0.113 0 0 0 0 0 1.68024 0 0.487204 0 
2 1 0 0.118 0.118 0 0 0 0 0 1.65084 0 0.492113 0 
2 1 0 0.123 0.123 0 0 0 0 0 1.62242 0 0.496982 0 
2 1 0 0.128 0.128 0 0 0 0 0 1.59494 0 0.501811 0 
2 1 0 0.133 0.133 0 0 0 0 0 1.56837 0 0.5066 0 
2 1 0 0.138 0.138 0 0 0 0 0 1.54268 0 0.511347 0 
2 1 0 0.143 0.143 0 0 0 0 0 1.51783 0 0.516052 0 
2 1 0 0.148 0.148 0 0 0 0 0 1.4938 0 0.520715 0 
2 1 0 0.153 0.153 0 0 0 0 0 1.47054 0 0.525335 0 
2 1 0 0.158 0.158 0 0 0 0 0 1.44805 0 0.529913 0 
2 1 0 0.163 0.163 0 0 0 0 0 1.42628 0 0.534448 0 
2 1 0 0.168 0.168 0 0 0 0 0 1.40522 0 0.538939 0 
2 1 0 0.173 0.173 0 0 0 0 0 1.38484 0 0.543387 0 
2 1 0 0.178 0.178 0 0 0 0 0 1.36511 0 0.547792 0 
2 1 0 0.183 0.183 0 0 0 0 0 1.34602 0 0.552153 0 
2 1 0 0.188 0.188 0 0 0 0 0 1.32754 0 0.556471 0 
2 1 0 0.193 0.193 0 0 0 0 0 1.30965 0 0.560746 0 
2 1 0 0.198 0.198 0 0 0 0 0 1.29233 0 0.564979 0 
2 1 0 0.203 0.203 0 0 0 0 0 1.27557 0 0.569168 0 
2 1 0 0.208 0.208 0 0 0 0 0 1.25934 0 0.573315 0 
2 1 0 0.213 0.213 0 0 0 0 0 1.24364 0 0.57742 0 
2 1 0 0.218 0.218 0 0 0 0 0 1.22843 0 0.581484 0 
2 1 0 0.223 0.223 0 0 0 0 0 1.21371 0 0.585506 0 
2 1 0 0.228 0.228 0 0 0 0 0 1.19946 0 0.589488 0 
2 1 0 0.233 0.233 0 0 0 0 0 1.18567 0 0.593431 0 
2 1 0 0.238 0.238 0 0 0 0 0 1.17232 0 0.597334 0 
2 1 0 0.243 0.243 0 0 0 0 0 1.1594 0 0.601198 0 
2 1 0 0.248 0.248 0 0 0 0 0 1.1469 0 0.605025 0 
2 1 0 0.253 0.253 0 0 0 0 0 1.1348 0 0.608815 0 
2 1 0 0.258 0.258 0 0 0 0 0 1.12309 0 0.612569 0 
2 1 0 0.263 0.263 0 0 0 0 0 1.11176 0 0.616288 0 
2 1 0 0.268 0.268 0 0 0 0 0 1.10081 0 0.619974 0 
2 1 0 0.273 0.273 0 0 0 0 0 1.09021 0 0.623626 0 
2 1 0 0.278 0.278 0 0 0 0 0 1.07996 0 0.627247 0 
2 1 0 0.283 0.283 0 0 0 0 0 1.07006 0 0.630838 0 
2 1 0 0.288 0.288 0 0 0 0 0 1.06048 0 0.6344 0 
2 1 0 0.293 0.293 0 0 0 0 0 1.05123 0 0.637934 0 
2 1 0 0.298 0.298 0 0 0 0 0 1.04229 0 0.641441 0 
2 1 0 0.303 0.303 0 0 0 0 0 1.03365 0 0.644925 0 
2 1 0 0.308 0.308 0 0 0 0 0 1.02531 0 0.648385 0 
2 1 0 0.313 0.313 0 0 0 0 0 1.01726 0 0.651824 0 
2 1 0 0.318 0.318 0 0 0 0 0 1.00949 0 0.655243 0 
2 1 0 0.323 0.323 0 0 0 0 0 1.002 0 0.658646 0 
1 1 0 0.324392 0.324392 0 0 0 0 0 0.999961 0 0.65959 0 
1 1 0 0.329392 0.329392 0 0 0 0 0 0.992807 0 0.662972 0 
1 1 0 0.334392 0.334392 0 0 0 0 0 0.985911 0 0.666342 0 
1 1 0 0.339392 0.339392 0 0 0 0 0 0.979266 0 0.669702 0 
1 1 0 0.344392 0.344392 0 0 0 0 0 0.972867 0 0.673054 0 
1 1 0 0.349392 0.349392 0 0 0 0 0 0.966707 0 0.676401 0 
1 1 0 0.354392 0.354392 0 0 0 0 0 0.960779 0 0.679745 0 
1 1 0 0.359392 0.359392 0 0 0 0 0 0.955077 0 0.68309 0 
1 1 0 0.364392 0.364392 0 0 0 0 0 0.949595 0 0.686438 0 
1 1 0 0.369392 0.369392 0 0 0 0 0 0.944326 0 0.689794 0 
1 1 0 0.374392 0.374392 0 0 0 0 0 0.939265 0 0.693161 0 
1 1 0 0.379392 0.379392 0 0 0 0 0 0.934405 0 0.696543 0 
1 1 0 0.384392 0.384392 0 0 0 0 0 0.92974 0 0.699944 0 
1 1 0 0.389392 0.389392 0 0 0 0 0 0.925262 0 0.70337 0 
1 1 0 0.394392 0.394392 0 0 0 0 0 0.920966 0 0.706824 0 
1 1 0 0.399392 0.399392 0 0 0 0 0 0.916843 0 0.710314 0 
1 1 0 0.404392 0.404392 0 0 0 0 0 0.912887 0 0.713845 0 
1 1 0 0.409392 0.409392 0 0 0 0 0 0.909089 0 0.717425 0 
1 1 0 0.414392 0.414392 0 0 0 0 0 0.90544 0 0.72106 0 
1 1 0 0.419392 0.419392 0 0 0 0 0 0.901931 0 0.724761 0 
1 1 0 0.424392 0.424392 0 0 0 0 0 0.898552 0 0.728536 0 
1 1 0 0.429392 0.429392 0 0 0 0 0 0.895291 0 0.732397 0 
1 1 0 0.434392 0.434392 0 0 0 0 0 0.892134 0 0.736357 0 
1 1 0 0.439392 0.439392 0 0 0 0 0 0.889067 0 0.740431 0 
1 1 0 0.444392 0.444392 0 0 0 0 0 0.886072 0 0.744637 0 
1 1 0 0.449392 0.449392 0 0 0 0 0 0.883127 0 0.748996 0 
1 1 0 0.454392 0.454392 0 0 0 0 0 0.880207 0 0.753535 0 
1 1 0 0.459392 0.459392 0 0 0 0 0 0.87728 0 0.758285 0 
1 1 0 0.464392 0.464392 0 0 0 0 0 0.874304 0 0.763289 0 
1 1 0 0.469392 0.469392 0 0 0 0 0 0.871226 0 0.768602 0 
1 1 0 0.474392 0.474392 0 0 0 0 0 0.867967 0 0.774301 0 
1 1 0 0.479392 0.479392 0 0 0 0 0 0.864414 0 0.780504 0 
1 1 0 0.484392 0.484392 0 0 0 0 0 0.86038 0 0.787396 0 
1 1 0 0.489392 0.489392 0 0 0 0 0 0.855514 0 0.79533 0 
1 1 0 0.494392 0.494392 0 0 0 0 0 0.848965 0 0.805159 0 
1 1 0 0.499392 0.499392 0 0 0 0 0 0.836037 0 0.821582 0 
1 1 0 0.504392 0.504392 268.1 0 0 0 0 0.830664 0.019471 0.830664 -0.019471 
1 1 0 0.509392 0.509392 183.155 0 0 0 0 0.832626 0.0285746 0.832626 -0.0285746 
1 1 0 0.514392 0.514392 147.711 0 0 0 0 0.834698 0.0355269 0.834698 -0.0355269 
1 1 0 0.519392 0.519392 126.952 0 0 0 0 0.83688 0.0414531 0.83688 -0.0414531 
1 1 0 0.524392 0.524392 112.852 0 0 0 0 0.839173 0.0467705 0.839173 -0.0467705 
1 1 0 0.529392 0.529392 102.425 0 0 0 0 0.841579 0.0516909 0.841579 -0.0516909 
1 1 0 0.534392 0.534392 94.2738 0 0 0 0 0.844098 0.0563411 0.844098 -0.0563411 
1 1 0 0.539392 0.539392 87.6459 0 0 0 0 0.846731 0.0608049 0.846731 -0.0608049 
1 1 0 0.544392 0.544392 82.096 0 0 0 0 0.84948 0.0651419 0.84948 -0.0651419 
1 1 0 0.549392 0.549392 77.3419 0 0 0 0 0.852347 0.0693966 0.852347 -0.0693966 
1 1 0 0.554392 0.554392 73.1949 0 0 0 0 0.855331 0.0736041 0.855331 -0.0736041 
1 1 0 0.559392 0.559392 69.5239 0 0 0 0 0.858436 0.0777926 0.858436 -0.0777926 
1 1 0 0.564392 0.564392 66.2345 0 0 0 0 0.861661 0.0819855 0.861661 -0.0819855 
1 1 0 0.569392 0.569392 63.2571 0 0 0 0 0.865009 0.086203 0.865009 -0.086203 
1 1 0 0.574392 0.574392 60.5389 0 0 0 0 0.86848 0.0904625 0.86848 -0.0904625 
1 1 0 0.579392 0.579392 58.0393 0 0 0 0 0.872077 0.0947795 0.872077 -0.0947795 
1 1 0 0.584392 0.584392 55.7263 0 0 0 0 0.875801 0.0991678 0.875801 -0.0991678 
1 1 0 0.589392 0.589392 53.5747 0 0 0 0 0.879653 0.10364 0.879653 -0.10364 
1 1 0 0.594392 0.594392 51.5641 0 0 0 0 0.883635 0.108209 0.883635 -0.108209 
1 1 0 0.599392 0.599392 49.6776 0 0 0 0 0.887749 0.112884 0.887749 -0.112884 
1 1 0 0.604392 0.604392 47.9015 0 0 0 0 0.891996 0.117678 0.891996 -0.117678 
1 1 0 0.609392 0.609392 46.2244 0 0 0 0 0.896378 0.122599 0.896378 -0.122599 
1 1 0 0.614392 0.614392 44.6366 0 0 0 0 0.900896 0.127657 0.900896 -0.127657 
1 1 0 0.619392 0.619392 43.1299 0 0 0 0 0.905552 0.132863 0.905552 -0.132863 
1 1 0 0.624392 0.624392 41.6973 0 0 0 0 0.910348 0.138224 0.910348 -0.138224 
1 1 0 0.629392 0.629392 40.3327 0 0 0 0 0.915285 0.143751 0.915285 -0.143751 
1 1 0 0.634392 0.634392 39.0309 0 0 0 0 0.920366 0.149453 0.920366 -0.149453 
1 1 0 0.639392 0.639392 37.7874 0 0 0 0 0.925591 0.155339 0.925591 -0.155339 
1 1 0 0.644392 0.644392 36.5979 0 0 0 0 0.930962 0.161418 0.930962 -0.161418 
1 1 0 0.649392 0.649392 35.459 0 0 0 0 0.936482 0.167699 0.936482 -0.167699 
1 1 0 0.654392 0.654392 34.3675 0 0 0 0 0.942151 0.174193 0.942151 -0.174193 
1 1 0 0.659392 0.659392 33.3204 0 0 0 0 0.947971 0.180907 0.947971 -0.180907 
1 1 0 0.664392 0.664392 32.3151 0 0 0 0 0.953944 0.187853 0.953944 -0.187853 
1 1 0 0.669392 0.669392 31.3494 0 0 0 0 0.960072 0.195041 0.960072 -0.195041 
1 1 0 0.674392 0.674392 30.421 0 0 0 0 0.966355 0.202479 0.966355 -0.202479 
1 1 0 0.679392 0.679392 29.528 0 0 0 0 0.972796 0.210181 0.972796 -0.210181 
1 1 0 0.682314 0.682314 29.0217 0 0 0 0 0.976633 0.214807 0.976633 -0.214807 
2 1 0 0.687314 0.687314 28.1811 0 0 0 0 0.983325 0.222946 0.983325 -0.222946 
2 1 0 0.692314 0.692314 27.3715 0 0 0 0 0.990178 0.231376 0.990178 -0.231376 
2 1 0 0.697314 0.697314 26.5914 0 0 0 0 0.997193 0.240109 0.997193 -0.240109 
2 1 0 0.702314 0.702314 25.8393 0 0 0 0 1.00437 0.249156 1.00437 -0.249156 
2 1 0 0.707314 0.707314 25.1141 0 0 0 0 1.01171 0.258532 1.01171 -0.258532 
2 1 0 0.712314 0.712314 24.4145 0 0 0 0 1.01922 0.268248 1.01922 -0.268248 
2 1 0 0.717314 0.717314 23.7394 0 0 0 0 1.02689 0.278319 1.02689 -0.278319 
2 1 0 0.722314 0.722314 23.0877 0 0 0 0 1.03472 0.288759 1.03472 -0.288759 
2 1 0 0.727314 0.727314 22.4583 0 0 0 0 1.04273 0.299582 1.04273 -0.299582 
2 1 0 0.732314 0.732314 21.8504 0 0 0 0 1.0509 0.310804 1.0509 -0.310804 
2 1 0 0.737314 0.737314 21.2631 0 0 0 0 1.05923 0.32244 1.05923 -0.32244 
2 1 0 0.742314 0.742314 20.6955 0 0 0 0 1.06773 0.334507 1.06773 -0.334507 
2 1 0 0.747314 0.747314 20.1468 0 0 0 0 1.0764 0.347022 1.0764 -0.347022 
2 1 0 0.752314 0.752314 19.6162 0 0 0 0 1.08523 0.360003 1.08523 -0.360003 
2 1 0 0.757314 0.757314 19.103 0 0 0 0 1.09422 0.373468 1.09422 -0.373468 
2 1 0 0.762314 0.762314 18.6065 0 0 0 0 1.10338 0.387438 1.10338 -0.387438 
2 1 0 0.767314 0.767314 18.1261 0 0 0 0 1.11269 0.401931 1.11269 -0.401931 
2 1 0 0.772314 0.772314 17.6611 0 0 0 0 1.12217 0.41697 1.12217 -0.41697 
2 1 0 0.777314 0.777314 17.2109 0 0 0 0 1.1318 0.432575 1.1318 -0.432575 
2 1 0 0.782314 0.782314 16.775 0 0 0 0 1.14158 0.44877 1.14158 -0.44877 
2 1 0 0.787314 0.787314 16.3529 0 0 0 0 1.15151 0.465578 1.15151 -0.465578 
2 1 0 0.792314 0.792314 15.944 0 0 0 0 1.16158 0.483024 1.16158 -0.483024 
2 1 0 0.797314 0.797314 15.5477 0 0 0 0 1.1718 0.501133 1.1718 -0.501133 
2 1 0 0.802314 0.802314 15.1637 0 0 0 0 1.18215 0.519932 1.18215 -0.519932 
2 1 0 0.807314 0.807314 14.7915 0 0 0 0 1.19262 0.539449 1.19262 -0.539449 
2 1 0 0.812314 0.812314 14.4307 0 0 0 0 1.20322 0.559713 1.20322 -0.559713 
2 1 0 0.817314 0.817314 14.0808 0 0 0 0 1.21393 0.580755 1.21393 -0.580755 
2 1 0 0.822314 0.822314 13.7414 0 0 0 0 1.22475 0.602604 1.22475 -0.602604 
2 1 0 0.827314 0.827314 13.4122 0 0 0 0 1.23566 0.625295 1.23566 -0.625295 
2 1 0 0.832314 0.832314 13.0928 0 0 0 0 1.24666 0.648861 1.24666 -0.648861 
2 1 0 0.837314 0.837314 12.7828 0 0 0 0 1.25773 0.673337 1.25773 -0.673337 
2 1 0 0.842314 0.842314 12.482 0 0 0 0 1.26886 0.69876 1.26886 -0.69876 
2 1 0 0.847314 0.847314 12.19 0 0 0 0 1.28004 0.725169 1.28004 -0.725169 
2 1 0 0.852314 0.852314 11.9064 0 0 0 0 1.29125 0.752604 1.29125 -0.752604 
2 1 0 0.857314 0.857314 11.6311 0 0 0 0 1.30247 0.781105 1.30247 -0.781105 
2 1 0 0.862314 0.862314 11.3637 0 0 0 0 1.31369 0.810716 1.31369 -0.810716 
2 1 0 0.867314 0.867314 11.1039 0 0 0 0 1.32489 0.841482 1.32489 -0.841482 
2 1 0 0.872314 0.872314 10.8515 0 0 0 0 1.33603 0.873449 1.33603 -0.873449 
2 1 0 0.877314 0.877314 10.6062 0 0 0 0 1.34711 0.906666 1.34711 -0.906666 
2 1 0 0.882314 0.882314 10.3678 0 0 0 0 1.35809 0.941183 1.35809 -0.941183 
2 1 0 0.887314 0.887314 10.1361 0 0 0 0 1.36894 0.977051 1.36894 -0.977051 
2 1 0 0.892314 0.892314 9.91082 0 0 0 0 1.37963 1.01433 1.37963 -1.01433 
2 1 0 0.897314 0.897314 9.69176 0 0 0 0 1.39013 1.05306 1.39013 -1.05306 
2 1 0 0.902314 0.902314 9.47872 0 0 0 0 1.4004 1.09332 1.4004 -1.09332 
2 1 0 0.907314 0.907314 9.2715 0 0 0 0 1.41041 1.13516 1.41041 -1.13516 
2 1 0 0.912314 0.912314 9.06991 0 0 0 0 1.4201 1.17864 1.4201 -1.17864 
2 1 0 0.917314 0.917314 8.87377 0 0 0 0 1.42944 1.22383 1.42944 -1.22383 
2 1 0 0.922314 0.922314 8.68291 0 0 0 0 1.43836 1.2708 1.43836 -1.2708 
2 1 0 0.927314 0.927314 8.49715 0 0 0 0 1.44683 1.31961 1.44683 -1.31961 
2 1 0 0.932314 0.932314 8.31633 0 0 0 0 1.45477 1.37034 1.45477 -1.37034 
2 1 0 0.937314 0.937314 8.14029 0 0 0 0 1.46212 1.42306 1.46212 -1.42306 
2 1 0 0.942314 0.942314 7.96889 0 0 0 0 1.46882 1.47785 1.46882 -1.47785 
2 1 0 0.947314 0.947314 7.80197 0 0 0 0 1.47478 1.53479 1.47478 -1.53479 
2 1 0 0.952314 0.952314 7.63941 0 0 0 0 1.47994 1.59395 1.47994 -1.59395 
2 1 0 0.957314 0.957314 7.48105 0 0 0 0 1.4842 1.65543 1.4842 -1.65543 
2 1 0 0.962314 0.962314 7.32678 0 0 0 0 1.48748 1.7193 1.48748 -1.7193 
2 1 0 0.967314 0.967314 7.17646 0 0 0 0 1.48966 1.78566 1.48966 -1.78566 
2 1 0 0.972314 0.972314 7.02998 0 0 0 0 1.49064 1.8546 1.49064 -1.8546 
2 1 0 0.977314 0.977314 6.88722 0 0 0 0 1.49032 1.92621 1.49032 -1.92621 
2 1 0 0.982314 0.982314 6.74806 0 0 0 0 1.48855 2.00059 1.48855 -2.00059 
2 1 0 0.987314 0.987314 6.6124 0 0 0 0 1.48522 2.07783 1.48522 -2.07783 
2 1 0 0.992314 0.992314 6.48013 0 0 0 0 1.48016 2.15804 1.48016 -2.15804 
2 1 0 0.997314 0.997314 6.35115 0 0 0 0 1.47324 2.24131 1.47324 -2.24131 
2 1 0 1.00231 1.00231 6.22537 0 0 0 0 1.46428 2.32776 1.46428 -2.32776 
2 2 0 0.324392 0.324392 6.22537 0 0 0 0 1.46428 2.32776 1.46428 -2.32776 
2 2 0 0.324392 0.324392 6.22537 0.000499824 1.32846e-05 0.000499824 1.32846e-05 1.46428 2.32776 1.46428 -2.32776 
1 2 0 0.324357 0.324357 6.22537 0.00100035 2.6586e-05 0.00100035 2.6586e-05 0.999988 0 0.659559 0 
1 2 0 0.324349 0.324349 6.22537 0.00199997 5.31447e-05 0.00199997 5.31447e-05 0.999976 0 0.659546 0 
1 2 0 0.324332 0.324332 6.22537 0.00399919 0.000106238 0.00399919 0.000106238 0.999949 0 0.65952 0 
1 2 0 0.324295 0.324295 6.22537 0.00799761 0.000212315 0.00799761 0.000212315 0.999885 0 0.659466 0 
1 2 0 0.324242 0.324242 6.22537 0.0129956 0.000344683 0.0129956 0.000344683 0.999786 0 0.659393 0 
1 2 0 0.324182 0.324182 6.22537 0.0179935 0.000476757 0.0179935 0.000476757 0.999666 0 0.659316 0 
1 2 0 0.324115 0.324115 6.22537 0.0229913 0.000608496 0.0229913 0.000608496 0.999526 0 0.659235 0 
1 2 0 0.324041 0.324041 6.22537 0.027989 0.000739859 0.027989 0.000739859 0.999364 0 0.659148 0 
1 2 0 0.32396 0.32396 6.22537 0.0329867 0.000870805 0.0329867 0.000870805 0.999182 0 0.659057 0 
1 2 0 0.323872 0.323872 6.22537 0.0379842 0.00100129 0.0379842 0.00100129 0.998979 0 0.658962 0 
1 2 0 0.323776 0.323776 6.22537 0.0429816 0.00113129 0.0429816 0.00113129 0.998755 0 0.658861 0 
1 2 0 0.323674 0.323674 6.22537 0.0479789 0.00126074 0.0479789 0.00126074 0.99851 0 0.658756 0 
1 2 0 0.323565 0.323565 6.22537 0.052976 0.00138962 0.052976 0.00138962 0.998245 0 0.658647 0 
1 2 0 0.323448 0.323448 6.22537 0.057973 0.00151788 0.057973 0.00151788 0.997958 0 0.658533 0 
1 2 0 0.323325 0.323325 6.22537 0.0629699 0.00164549 0.0629699 0.00164549 0.997651 0 0.658414 0 
1 2 0 0.323194 0.323194 6.22537 0.0679666 0.0017724 0.0679666 0.0017724 0.997322 0 0.65829 0 
1 2 0 0.323057 0.323057 6.22537 0.0729631 0.00189858 0.0729631 0.00189858 0.996972 0 0.658162 0 
1 2 0 0.322912 0.322912 6.22537 0.0779594 0.00202399 0.0779594 0.00202399 0.996601 0 0.658029 0 
1 2 0 0.32276 0.32276 6.22537 0.0829556 0.0021486 0.0829556 0.0021486 0.996209 0 0.657892 0 
1 2 0 0.322602 0.322602 6.22537 0.0879515 0.00227235 0.0879515 0.00227235 0.995796 0 0.65775 0 
1 2 0 0.322436 0.322436 6.22537 0.0929473 0.00239522 0.0929473 0.00239522 0.995362 0 0.657604 0 
1 2 0 0.322263 0.322263 6.22537 0.0979428 0.00251718 0.0979428 0.00251718 0.994906 0 0.657453 0 
1 2 0 0.322083 0.322083 6.22537 0.102938 0.00263817 0.102938 0.00263817 0.994428 0 0.657297 0 
1 2 0 0.321896 0.321896 6.22537 0.107933 0.00275817 0.107933 0.00275817 0.99393 0 0.657137 0 
1 2 0 0.321702 0.321702 6.22537 0.112928 0.00287715 0.112928 0.00287715 0.993409 0 0.656972 0 
1 2 0 0.3215 0.3215 6.22537 0.117923 0.00299506 0.117923 0.00299506 0.992867 0 0.656802 0 
1 2 0 0.321292 0.321292 6.22537 0.122917 0.00311187 0.122917 0.00311187 0.992303 0 0.656628 0 
1 2 0 0.321077 0.321077 6.22537 0.127911 0.00322755 0.127911 0.00322755 0.991718 0 0.65645 0 
1 2 0 0.320854 0.320854 6.22537 0.132905 0.00334205 0.132905 0.00334205 0.99111 0 0.656267 0 
1 2 0 0.320624 0.320624 6.22537 0.137898 0.00345536 0.137898 0.00345536 0.990481 0 0.656079 0 
1 2 0 0.320387 0.320387 6.22537 0.142891 0.00356743 0.142891 0.00356743 0.989829 0 0.655887 0 
1 2 0 0.320143 0.320143 6.22537 0.147884 0.00367823 0.147884 0.00367823 0.989155 0 0.65569 0 
1 2 0 0.319891 0.319891 6.22537 0.152876 0.00378773 0.152876 0.00378773 0.988459 0 0.655488 0 
1 2 0 0.319633 0.319633 6.22537 0.157869 0.00389589 0.157869 0.00389589 0.98774 0 0.655282 0 
1 2 0 0.319367 0.319367 6.22537 0.16286 0.00400269 0.16286 0.00400269 0.986999 0 0.655071 0 
1 2 0 0.319094 0.319094 6.22537 0.167852 0.00410809 0.167852 0.00410809 0.986235 0 0.654855 0 
1 2 0 0.318813 0.318813 6.22537 0.172843 0.00421206 0.172843 0.00421206 0.985448 0 0.654635 0 
1 2 0 0.318525 0.318525 6.22537 0.177834 0.00431457 0.177834 0.00431457 0.984638 0 0.65441 0 
1 2 0 0.31823 0.31823 6.22537 0.182824 0.00441559 0.182824 0.00441559 0.983806 0 0.654181 0 
1 2 0 0.317928 0.317928 6.22537 0.187814 0.00451509 0.187814 0.00451509 0.98295 0 0.653947 0 
1 2 0 0.317618 0.317618 6.22537 0.192803 0.00461304 0.192803 0.00461304 0.98207 0 0.653708 0 
1 2 0 0.3173 0.3173 6.22537 0.197792 0.00470941 0.197792 0.00470941 0.981167 0 0.653464 0 
1 2 0 0.316975 0.316975 6.22537 0.202781 0.00480418 0.202781 0.00480418 0.980241 0 0.653215 0 
1 2 0 0.316643 0.316643 6.22537 0.207769 0.00489731 0.207769 0.00489731 0.97929 0 0.652962 0 
1 2 0 0.316303 0.316303 6.22537 0.212756 0.00498877 0.212756 0.00498877 0.978316 0 0.652704 0 
1 2 0 0.315956 0.315956 6.22537 0.217743 0.00507855 0.217743 0.00507855 0.977317 0 0.652441 0 
1 2 0 0.315601 0.315601 6.22537 0.22273 0.00516661 0.22273 0.00516661 0.976294 0 0.652174 0 
1 2 0 0.315238 0.315238 6.22537 0.227716 0.00525292 0.227716 0.00525292 0.975247 0 0.651901 0 
1 2 0 0.314868 0.314868 6.22537 0.232702 0.00533747 0.232702 0.00533747 0.974175 0 0.651624 0 
1 2 0 0.31449 0.31449 6.22537 0.237687 0.00542023 0.237687 0.00542023 0.973078 0 0.651342 0 
1 2 0 0.314104 0.314104 6.22537 0.242671 0.00550116 0.242671 0.00550116 0.971956 0 0.651054 0 
1 2 0 0.313711 0.313711 6.22537 0.247655 0.00558026 0.247655 0.00558026 0.970809 0 0.650762 0 
1 2 0 0.31331 0.31331 6.22537 0.252638 0.00565748 0.252638 0.00565748 0.969636 0 0.650465 0 
1 2 0 0.3129 0.3129 6.22537 0.257621 0.00573282 0.257621 0.00573282 0.968438 0 0.650163 0 
1 2 0 0.312483 0.312483 6.22537 0.262603 0.00580625 0.262603 0.00580625 0.967214 0 0.649855 0 
1 2 0 0.312058 0.312058 6.22537 0.267584 0.00587774 0.267584 0.00587774 0.965963 0 0.649543 0 
1 2 0 0.311625 0.311625 6.22537 0.272565 0.00594727 0.272565 0.00594727 0.964687 0 0.649225 0 
1 2 0 0.311184 0.311184 6.22537 0.277545 0.00601483 0.277545 0.00601483 0.963384 0 0.648903 0 
1 2 0 0.310735 0.310735 6.22537 0.282525 0.00608039 0.282525 0.00608039 0.962054 0 0.648575 0 
1 2 0 0.310278 0.310278 6.22537 0.287503 0.00614393 0.287503 0.00614393 0.960697 0 0.648242 0 
1 2 0 0.309812 0.309812 6.22537 0.292481 0.00620544 0.292481 0.00620544 0.959313 0 0.647903 0 
1 2 0 0.309338 0.309338 6.22537 0.297458 0.00626489 0.297458 0.00626489 0.957901 0 0.647559 0 
1 2 0 0.308856 0.308856 6.22537 0.302435 0.00632227 0.302435 0.00632227 0.956462 0 0.64721 0 
1 2 0 0.308366 0.308366 6.22537 0.30741 0.00637756 0.30741 0.00637756 0.954994 0 0.646855 0 
1 2 0 0.307867 0.307867 6.22537 0.312385 0.00643074 0.312385 0.00643074 0.953499 0 0.646495 0 
1 2 0 0.307359 0.307359 6.22537 0.317359 0.00648179 0.317359 0.00648179 0.951975 0 0.64613 0 
1 2 0 0.306843 0.306843 6.22537 0.322332 0.0065307 0.322332 0.0065307 0.950422 0 0.645759 0 
1 2 0 0.306319 0.306319 6.22537 0.327304 0.00657746 0.327304 0.00657746 0.948839 0 0.645382 0 
1 2 0 0.305785 0.305785 6.22537 0.332275 0.00662205 0.332275 0.00662205 0.947228 0 0.644999 0 
1 2 0 0.305243 0.305243 6.22537 0.337246 0.00666445 0.337246 0.00666445 0.945587 0 0.644611 0 
1 2 0 0.304692 0.304692 6.22537 0.342215 0.00670466 0.342215 0.00670466 0.943916 0 0.644217 0 
1 2 0 0.304132 0.304132 6.22537 0.347184 0.00674266 0.347184 0.00674266 0.942214 0 0.643817 0 
1 2 0 0.303563 0.303563 6.22537 0.352151 0.00677843 0.352151 0.00677843 0.940482 0 0.643411 0 
1 2 0 0.302985 0.302985 6.22537 0.357117 0.00681197 0.357117 0.00681197 0.938719 0 0.642999 0 
1 2 0 0.302398 0.302398 6.22537 0.362083 0.00684327 0.362083 0.00684327 0.936925 0 0.642581 0 
1 2 0 0.301802 0.301802 6.22537 0.367047 0.00687231 0.367047 0.00687231 0.935099 0 0.642157 0 
1 2 0 0.301196 0.301196 6.22537 0.37201 0.00689909 0.37201 0.00689909 0.933241 0 0.641727 0 
1 2 0 0.300581 0.300581 6.22537 0.376972 0.0069236 0.376972 0.0069236 0.931351 0 0.64129 0 
1 2 0 0.299957 0.299957 6.22537 0.381933 0.00694583 0.381933 0.00694583 0.929428 0 0.640847 0 
1 2 0 0.299322 0.299322 6.22537 0.386892 0.00696578 0.386892 0.00696578 0.927472 0 0.640398 0 
1 2 0 0.298679 0.298679 6.22537 0.391851 0.00698343 0.391851 0.00698343 0.925483 0 0.639942 0 
1 2 0 0.298025 0.298025 6.22537 0.396808 0.00699878 0.396808 0.00699878 0.92346 0 0.639479 0 
1 2 0 0.297362 0.297362 6.22537 0.401764 0.00701184 0.401764 0.00701184 0.921403 0 0.63901 0 
1 2 0 0.296688 0.296688 6.22537 0.406718 0.00702258 0.406718 0.00702258 0.919312 0 0.638534 0 
1 2 0 0.296005 0.296005 6.22537 0.411671 0.00703102 0.411671 0.00703102 0.917185 0 0.638051 0 
1 2 0 0.295311 0.295311 6.22537 0.416623 0.00703714 0.416623 0.00703714 0.915023 0 0.637561 0 
1 2 0 0.294607 0.294607 6.22537 0.421573 0.00704095 0.421573 0.00704095 0.912826 0 0.637064 0 
1 2 0 0.293893 0.293893 6.22537 0.426522 0.00704245 0.426522 0.00704245 0.910592 0 0.63656 0 
1 2 0 0.293169 0.293169 6.22537 0.431469 0.00704163 0.431469 0.00704163 0.908321 0 0.636049 0 
1 2 0 0.292433 0.292433 6.22537 0.436415 0.0070385 0.436415 0.0070385 0.906014 0 0.63553 0 
1 2 0 0.291687 0.291687 6.22537 0.441359 0.00703306 0.441359 0.00703306 0.903669 0 0.635004 0 
1 2 0 0.29093 0.29093 6.22537 0.446301 0.00702531 0.446301 0.00702531 0.901286 0 0.63447 0 
1 2 0 0.290162 0.290162 6.22537 0.451242 0.00701526 0.451242 0.00701526 0.898864 0 0.633928 0 
1 2 0 0.289383 0.289383 6.22537 0.456181 0.0070029 0.456181 0.0070029 0.896404 0 0.633378 0 
1 2 0 0.288593 0.288593 6.22537 0.461118 0.00698826 0.461118 0.00698826 0.893904 0 0.632821 0 
1 2 0 0.287792 0.287792 6.22537 0.466053 0.00697132 0.466053 0.00697132 0.891364 0 0.632255 0 
1 2 0 0.286978 0.286978 6.22537 0.470987 0.0069521 0.470987 0.0069521 0.888784 0 0.631681 0 
1 2 0 0.286154 0.286154 6.22537 0.475918 0.00693062 0.475918 0.00693062 0.886163 0 0.631099 0 
1 2 0 0.285317 0.285317 6.22537 0.480848 0.00690687 0.480848 0.00690687 0.883501 0 0.630508 0 
1 2 0 0.284469 0.284469 6.22537 0.485775 0.00688087 0.485775 0.00688087 0.880797 0 0.629909 0 
1 2 0 0.283608 0.283608 6.22537 0.4907 0.00685263 0.4907 0.00685263 0.87805 0 0.6293 0 
1 2 0 0.282736 0.282736 6.22537 0.495624 0.00682216 0.495624 0.00682216 0.87526 0 0.628683 0 
1 2 0 0.281851 0.281851 6.22537 0.500544 0.00678947 0.500544 0.00678947 0.872426 0 0.628057 0 
1 2 0 0.280953 0.280953 6.22537 0.505463 0.00675459 0.505463 0.00675459 0.869549 0 0.627421 0 
1 2 0 0.280043 0.280043 6.22537 0.510379 0.00671753 0.510379 0.00671753 0.866626 0 0.626776 0 
1 2 0 0.279119 0.279119 6.22537 0.515293 0.0066783 0.515293 0.0066783 0.863659 0 0.626121 0 
1 2 0 0.278183 0.278183 6.22537 0.520205 0.00663692 0.520205 0.00663692 0.860645 0 0.625456 0 
1 2 0 0.277233 0.277233 6.22537 0.525114 0.00659341 0.525114 0.00659341 0.857585 0 0.624782 0 
1 2 0 0.27627 0.27627 6.22537 0.53002 0.0065478 0.53002 0.0065478 0.854478 0 0.624097 0 
1 2 0 0.275294 0.275294 6.22537 0.534923 0.0065001 0.534923 0.0065001 0.851323 0 0.623401 0 
1 2 0 0.274304 0.274304 6.22537 0.539824 0.00645033 0.539824 0.00645033 0.848119 0 0.622696 0 
1 2 0 0.273299 0.273299 6.22537 0.544722 0.00639853 0.544722 0.00639853 0.844867 0 0.621979 0 
1 2 0 0.272281 0.272281 6.22537 0.549617 0.00634471 0.549617 0.00634471 0.841565 0 0.621251 0 
1 2 0 0.271248 0.271248 6.22537 0.554509 0.00628891 0.554509 0.00628891 0.838212 0 0.620512 0 
1 2 0 0.2702 0.2702 6.22537 0.559397 0.00623115 0.559397 0.00623115 0.834808 0 0.619762 0 
1 2 0 0.269138 0.269138 6.22537 0.564283 0.00617145 0.564283 0.00617145 0.831353 0 0.619 0 
1 2 0 0.268061 0.268061 6.22537 0.569165 0.00610986 0.569165 0.00610986 0.827845 0 0.618226 0 
1 2 0 0.266968 0.266968 6.22537 0.574044 0.00604641 0.574044 0.00604641 0.824284 0 0.61744 0 
1 2 0 0.26586 0.26586 6.22537 0.578919 0.00598112 0.578919 0.00598112 0.82067 0 0.616641 0 
1 2 0 0.264736 0.264736 6.22537 0.583791 0.00591403 0.583791 0.00591403 0.817 0 0.61583 0 
1 2 0 0.263596 0.263596 6.22537 0.588658 0.00584518 0.588658 0.00584518 0.813276 0 0.615006 0 
1 2 0 0.26244 0.26244 6.22537 0.593522 0.0057746 0.593522 0.0057746 0.809495 0 0.614168 0 
1 2 0 0.261267 0.261267 6.22537 0.598383 0.00570235 0.598383 0.00570235 0.805657 0 0.613317 0 
1 2 0 0.260078 0.260078 6.22537 0.603239 0.00562844 0.603239 0.00562844 0.801762 0 0.612452 0 
1 2 0 0.258872 0.258872 6.22537 0.60809 0.00555294 0.60809 0.00555294 0.797809 0 0.611573 0 
1 2 0 0.257648 0.257648 6.22537 0.612938 0.00547587 0.612938 0.00547587 0.793797 0 0.61068 0 
1 2 0 0.256407 0.256407 6.22537 0.617781 0.0053973 0.617781 0.0053973 0.789724 0 0.609772 0 
1 2 0 0.255148 0.255148 6.22537 0.622619 0.00531726 0.622619 0.00531726 0.785591 0 0.608849 0 
1 2 0 0.253871 0.253871 6.22537 0.627452 0.0052358 0.627452 0.0052358 0.781397 0 0.60791 0 
1 2 0 0.252576 0.252576 6.22537 0.632281 0.00515297 0.632281 0.00515297 0.77714 0 0.606955 0 
1 2 0 0.251262 0.251262 6.22537 0.637105 0.00506883 0.637105 0.00506883 0.77282 0 0.605985 0 
1 2 0 0.249928 0.249928 6.22537 0.641923 0.00498342 0.641923 0.00498342 0.768437 0 0.604998 0 
1 2 0 0.248576 0.248576 6.22537 0.646736 0.00489681 0.646736 0.00489681 0.763988 0 0.603994 0 
1 2 0 0.247203 0.247203 6.22537 0.651543 0.00480904 0.651543 0.00480904 0.759474 0 0.602972 0 
1 2 0 0.245811 0.245811 6.22537 0.656344 0.00472018 0.656344 0.00472018 0.754894 0 0.601933 0 
1 2 0 0.244398 0.244398 6.22537 0.66114 0.00463028 0.66114 0.00463028 0.750246 0 0.600876 0 
1 2 0 0.242965 0.242965 6.22537 0.665929 0.00453942 0.665929 0.00453942 0.745531 0 0.5998 0 
1 2 0 0.241511 0.241511 6.22537 0.670712 0.00444764 0.670712 0.00444764 0.740747 0 0.598705 0 
1 2 0 0.240035 0.240035 6.22537 0.675488 0.00435501 0.675488 0.00435501 0.735892 0 0.597591 0 
1 2 0 0.238537 0.238537 6.22537 0.680258 0.00426161 0.680258 0.00426161 0.730968 0 0.596457 0 
1 2 0 0.237017 0.237017 6.22537 0.68502 0.00416749 0.68502 0.00416749 0.725972 0 0.595302 0 
1 2 0 0.235474 0.235474 6.22537 0.689776 0.00407273 0.689776 0.00407273 0.720904 0 0.594126 0 
1 2 0 0.233909 0.233909 6.22537 0.694523 0.0039774 0.694523 0.0039774 0.715763 0 0.592929 0 
1 2 0 0.23232 0.23232 6.22537 0.699263 0.00388156 0.699263 0.00388156 0.710549 0 0.59171 0 
1 2 0 0.230707 0.230707 6.22537 0.703995 0.0037853 0.703995 0.0037853 0.70526 0 0.590469 0 
1 2 0 0.22907 0.22907 6.22537 0.708719 0.00368869 0.708719 0.00368869 0.699895 0 0.589204 0 
1 2 0 0.227409 0.227409 6.22537 0.713434 0.0035918 0.713434 0.0035918 0.694455 0 0.587916 0 
1 2 0 0.225722 0.225722 6.22537 0.71814 0.00349472 0.71814 0.00349472 0.688938 0 0.586604 0 
1 2 0 0.22401 0.22401 6.22537 0.722836 0.00339752 0.722836 0.00339752 0.683343 0 0.585266 0 
1 2 0 0.222271 0.222271 6.22537 0.727523 0.00330028 0.727523 0.00330028 0.67767 0 0.583903 0 
1 2 0 0.220507 0.220507 6.22537 0.732201 0.00320308 0.732201 0.00320308 0.671918 0 0.582515 0 
1 2 0 0.218715 0.218715 6.22537 0.736868 0.00310602 0.736868 0.00310602 0.666087 0 0.581099 0 
1 2 0 0.216896 0.216896 6.22537 0.741524 0.00300916 0.741524 0.00300916 0.660176 0 0.579656 0 
1 2 0 0.215048 0.215048 6.22537 0.746169 0.0029126 0.746169 0.0029126 0.654183 0 0.578184 0 
1 2 0 0.213173 0.213173 6.22537 0.750803 0.00281643 0.750803 0.00281643 0.64811 0 0.576684 0 
1 2 0 0.211268 0.211268 6.22537 0.755426 0.00272072 0.755426 0.00272072 0.641955 0 0.575155 0 
1 2 0 0.209334 0.209334 6.22537 0.760036 0.00262557 0.760036 0.00262557 0.635718 0 0.573595 0 
1 2 0 0.20737 0.20737 6.22537 0.764633 0.00253106 0.764633 0.00253106 0.629398 0 0.572004 0 
1 2 0 0.205376 0.205376 6.22537 0.769217 0.00243728 0.769217 0.00243728 0.622995 0 0.570381 0 
1 2 0 0.20335 0.20335 6.22537 0.773788 0.00234433 0.773788 0.00234433 0.616509 0 0.568725 0 
1 2 0 0.201293 0.201293 6.22537 0.778344 0.00225228 0.778344 0.00225228 0.609939 0 0.567037 0 
1 2 0 0.199204 0.199204 6.22537 0.782886 0.00216122 0.782886 0.00216122 0.603286 0 0.565314 0 
1 2 0 0.197082 0.197082 6.22537 0.787412 0.00207125 0.787412 0.00207125 0.596549 0 0.563556 0 
1 2 0 0.194927 0.194927 6.22537 0.791923 0.00198246 0.791923 0.00198246 0.589728 0 0.561762 0 
1 2 0 0.192738 0.192738 6.22537 0.796418 0.00189492 0.796418 0.00189492 0.582822 0 0.559933 0 
1 2 0 0.190514 0.190514 6.22537 0.800896 0.00180872 0.800896 0.00180872 0.575832 0 0.558067 0 
1 2 0 0.188256 0.188256 6.22537 0.805356 0.00172395 0.805356 0.00172395 0.568755 0 0.556167 0 
1 2 0 0.185962 0.185962 6.22537 0.809798 0.00164069 0.809798 0.00164069 0.561584 0 0.554238 0 
1 2 0 0.183632 0.183632 6.22537 0.814222 0.00155902 0.814222 0.00155902 0.554217 0 0.552384 0 
1 2 0 0.181266 0.181266 6.22537 0.818626 0.00147902 0.818626 0.00147902 0.547218 0 0.550039 0 
1 2 0 0.178862 0.178862 6.22537 0.823009 0.00140077 0.823009 0.00140077 0.539742 0 0.548047 0 
1 2 0 0.176421 0.176421 6.22537 0.827372 0.00132434 0.827372 0.00132434 0.532252 0 0.545947 0 
1 2 0 0.173941 0.173941 6.22537 0.831714 0.00124981 0.831714 0.00124981 0.524694 0 0.543792 0 
1 2 0 0.171422 0.171422 6.22537 0.836033 0.00117724 0.836033 0.00117724 0.517063 0 0.541588 0 
1 2 0 0.168864 0.168864 6.22537 0.840328 0.0011067 0.840328 0.0011067 0.509359 0 0.539336 0 
1 2 0 0.166266 0.166266 6.22537 0.8446 0.00103824 0.8446 0.00103824 0.501581 0 0.537035 0 
1 2 0 0.163628 0.163628 6.22537 0.848847 0.000971928 0.848847 0.000971928 0.493733 0 0.534685 0 
1 2 0 0.160949 0.160949 6.22537 0.853069 0.000907814 0.853069 0.000907814 0.485815 0 0.532285 0 
1 2 0 0.158228 0.158228 6.22537 0.857263 0.000845945 0.857263 0.000845945 0.47783 0 0.529834 0 
1 2 0 0.155465 0.155465 6.22537 0.861431 0.000786362 0.861431 0.000786362 0.469781 0 0.52733 0 
1 2 0 0.15266 0.15266 6.22537 0.86557 0.000729104 0.86557 0.000729104 0.461669 0 0.524774 0 
1 2 0 0.149812 0.149812 6.22537 0.869679 0.0006742 0.869679 0.0006742 0.453498 0 0.522165 0 
1 2 0 0.146921 0.146921 6.22537 0.873759 0.000621676 0.873759 0.000621676 0.445271 0 0.5195 0 
1 2 0 0.143987 0.143987 6.22537 0.877807 0.00057155 0.877807 0.00057155 0.436991 0 0.51678 0 
1 2 0 0.141008 0.141008 6.22537 0.881823 0.000523835 0.881823 0.000523835 0.428662 0 0.514003 0 
1 2 0 0.137986 0.137986 6.22537 0.885806 0.000478536 0.885806 0.000478536 0.420288 0 0.511168 0 
1 2 0 0.134918 0.134918 6.22537 0.889755 0.00043565 0.889755 0.00043565 0.411873 0 0.508276 0 
1 2 0 0.131806 0.131806 6.22537 0.893669 0.000395169 0.893669 0.000395169 0.403421 0 0.505324 0 
1 2 0 0.128649 0.128649 6.22537 0.897546 0.000357076 0.897546 0.000357076 0.394936 0 0.502312 0 
1 2 0 0.125447 0.125447 6.22537 0.901387 0.000321348 0.901387 0.000321348 0.386424 0 0.499239 0 
1 2 0 0.1222 0.1222 6.22537 0.905189 0.000287953 0.905189 0.000287953 0.377889 0 0.496105 0 
1 2 0 0.118907 0.118907 6.22537 0.908952 0.000256853 0.908952 0.000256853 0.369338 0 0.492909 0 
1 2 0 0.115569 0.115569 6.22537 0.912675 0.000228002 0.912675 0.000228002 0.360775 0 0.489651 0 
1 2 0 0.112185 0.112185 6.22537 0.916356 0.000201348 0.916356 0.000201348 0.352206 0 0.486329 0 
1 2 0 0.108756 0.108756 6.22537 0.919996 0.00017683 0.919996 0.00017683 0.343637 0 0.482944 0 
1 2 0 0.105282 0.105282 6.22537 0.923592 0.000154381 0.923592 0.000154381 0.335074 0 0.479495 0 
1 2 0 0.101763 0.101763 6.22537 0.927144 0.00013393 0.927144 0.00013393 0.326524 0 0.475982 0 
1 2 0 0.0981986 0.0981986 6.22537 0.930652 0.000115397 0.930652 0.000115397 0.317993 0 0.472405 0 
1 2 0 0.0945899 0.0945899 6.22537 0.934113 9.86976e-05 0.934113 9.86976e-05 0.309488 0 0.468764 0 
1 2 0 0.090937 0.090937 6.22537 0.937528 8.3743e-05 0.937528 8.3743e-05 0.301014 0 0.465058 0 
1 2 0 0.0872401 0.0872401 6.22537 0.940895 7.04395e-05 0.940895 7.04395e-05 0.29258 0 0.461288 0 
1 2 0 0.0834999 0.0834999 6.22537 0.944214 5.86899e-05 0.944214 5.86899e-05 0.284192 0 0.457454 0 
1 2 0 0.0797166 0.0797166 6.22537 0.947483 4.83939e-05 0.947483 4.83939e-05 0.275857 0 0.453556 0 
1 2 0 0.0758909 0.0758909 6.22537 0.950703 3.9449e-05 0.950703 3.9449e-05 0.267582 0 0.449595 0 
1 2 0 0.0720233 0.0720233 6.22537 0.953873 3.17511e-05 0.953873 3.17511e-05 0.259374 0 0.445571 0 
1 2 0 0.0681145 0.0681145 6.22537 0.956991 2.51953e-05 0.956991 2.51953e-05 0.25124 0 0.441485 0 
1 2 0 0.064165 0.064165 6.22537 0.960058 1.96771e-05 0.960058 1.96771e-05 0.243186 0 0.437337 0 
1 2 0 0.0601758 0.0601758 6.22537 0.963073 1.50927e-05 0.963073 1.50927e-05 0.23522 0 0.433129 0 
1 2 0 0.0561474 0.0561474 6.22537 0.966036 1.13403e-05 0.966036 1.13403e-05 0.227347 0 0.428861 0 
1 2 0 0.0520807 0.0520807 6.22537 0.968945 8.32046e-06 0.968945 8.32046e-06 0.219575 0 0.424534 0 
1 2 0 0.0479764 0.0479764 6.22537 0.971802 5.93749e-06 0.971802 5.93749e-06 0.21191 0 0.42015 0 
1 2 0 0.0438356 0.0438356 6.22537 0.974605 4.09979e-06 0.974605 4.09979e-06 0.204358 0 0.41571 0 
1 2 0 0.039659 0.039659 6.22537 0.977355 2.72081e-06 0.977355 2.72081e-06 0.196924 0 0.411215 0 
1 2 0 0.0354476 0.0354476 6.22537 0.98005 1.71978e-06 0.98005 1.71978e-06 0.189614 0 0.406666 0 
1 2 0 0.0312022 0.0312022 6.22537 0.982693 1.02231e-06 0.982693 1.02231e-06 0.182434 0 0.402065 0 
1 2 0 0.0269239 0.0269239 6.22537 0.985281 5.61087e-07 0.985281 5.61087e-07 0.175388 0 0.397415 0 
1 2 0 0.0226136 0.0226136 6.22537 0.987816 2.76386e-07 0.987816 2.76386e-07 0.168481 0 0.392715 0 
1 2 0 0.0182722 0.0182722 6.22537 0.990297 1.166e-07 0.990297 1.166e-07 0.161718 0 0.38797 0 
1 2 0 0.0139008 0.0139008 6.22537 0.992725 3.86484e-08 0.992725 3.86484e-08 0.155102 0 0.383179 0 
1 2 0 0.00950039 0.00950039 6.22537 0.9951 8.34411e-09 0.9951 8.34411e-09 0.148636 0 0.378346 0 
1 2 0 0.00507184 0.00507184 6.22537 0.997422 6.71885e-10 0.997422 6.71885e-10 0.142325 0 0.373472 0 
1 2 0 0.000616192 0.000616192 6.22537 0.999691 7.11707e-13 0.999691 7.11707e-13 0.136171 0 0.368559 0 
1 2 0 -0.00386559 -0.00386559 6.22537 1.00191 2.21141e-10 1.00191 2.21141e-10 0.130176 0 0.363611 0 
2 2 0 0.324392 0.324392 6.22537 0 0 0 0 0.130176 0 0.363611 0 
1 2 0 0.324392 0.324392 6.22537 -0.000499824 -1.32846e-05 -0.000499824 -1.32846e-05 0.130176 0 0.363611 0 
1 2 0 0.324357 0.324357 6.22537 -0.00100035 -2.6586e-05 -0.00100035 -2.6586e-05 0.999988 0 0.659559 0 
1 2 0 0.324349 0.324349 6.22537 -0.00199997 -5.31447e-05 -0.00199997 -5.31447e-05 0.999976 0 0.659546 0 
1 2 0 0.324332 0.324332 6.22537 -0.00399919 -0.000106238 -0.00399919 -0.000106238 0.999949 0 0.65952 0 
1 2 0 0.324295 0.324295 6.22537 -0.00799761 -0.000212315 -0.00799761 -0.000212315 0.999885 0 0.659466 0 
1 2 0 0.324242 0.324242 6.22537 -0.0129956 -0.000344683 -0.0129956 -0.000344683 0.999786 0 0.659393 0 
1 2 0 0.324182 0.324182 6.22537 -0.0179935 -0.000476757 -0.0179935 -0.000476757 0.999666 0 0.659316 0 
1 2 0 0.324115 0.324115 6.22537 -0.0229913 -0.000608496 -0.0229913 -0.000608496 0.999526 0 0.659235 0 
1 2 0 0.324041 0.324041 6.22537 -0.027989 -0.000739859 -0.027989 -0.000739859 0.999364 0 0.659148 0 
1 2 0 0.32396 0.32396 6.22537 -0.0329867 -0.000870805 -0.0329867 -0.000870805 0.999182 0 0.659057 0 
1 2 0 0.323872 0.323872 6.22537 -0.0379842 -0.00100129 -0.0379842 -0.00100129 0.998979 0 0.658962 0 
1 2 0 0.323776 0.323776 6.22537 -0.0429816 -0.00113129 -0.0429816 -0.00113129 0.998755 0 0.658861 0 
1 2 0 0.323674 0.323674 6.22537 -0.0479789 -0.00126074 -0.0479789 -0.00126074 0.99851 0 0.658756 0 
1 2 0 0.323565 0.323565 6.22537 -0.052976 -0.00138962 -0.052976 -0.00138962 0.998245 0 0.658647 0 
1 2 0 0.323448 0.323448 6.22537 -0.057973 -0.00151788 -0.057973 -0.00151788 0.997958 0 0.658533 0 
1 2 0 0.323325 0.323325 6.22537 -0.0629699 -0.00164549 -0.0629699 -0.00164549 0.997651 0 0.658414 0 
1 2 0 0.323194 0.323194 6.22537 -0.0679666 -0.0017724 -0.0679666 -0.0017724 0.997322 0 0.65829 0 
1 2 0 0.323057 0.323057 6.22537 -0.0729631 -0.00189858 -0.0729631 -0.00189858 0.996972 0 0.658162 0 
1 2 0 0.322912 0.322912 6.22537 -0.0779594 -0.00202399 -0.0779594 -0.00202399 0.996601 0 0.658029 0 
1 2 0 0.32276 0.32276 6.22537 -0.0829556 -0.0021486 -0.0829556 -0.0021486 0.996209 0 0.657892 0 
1 2 0 0.322602 0.322602 6.22537 -0.0879515 -0.00227235 -0.0879515 -0.00227235 0.995796 0 0.65775 0 
1 2 0 0.322436 0.322436 6.22537 -0.0929473 -0.00239522 -0.0929473 -0.00239522 0.995362 0 0.657604 0 
1 2 0 0.322263 0.322263 6.22537 -0.0979428 -0.00251718 -0.0979428 -0.00251718 0.994906 0 0.657453 0 
1 2 0 0.322083 0.322083 6.22537 -0.102938 -0.00263817 -0.102938 -0.00263817 0.994428 0 0.657297 0 
1 2 0 0.321896 0.321896 6.22537 -0.107933 -0.00275817 -0.107933 -0.00275817 0.99393 0 0.657137 0 
1 2 0 0.321702 0.321702 6.22537 -0.112928 -0.00287715 -0.112928 -0.00287715 0.993409 0 0.656972 0 
1 2 0 0.3215 0.3215 6.22537 -0.117923 -0.00299506 -0.117923 -0.00299506 0.992867 0 0.656802 0 
1 2 0 0.321292 0.321292 6.22537 -0.122917 -0.00311187 -0.122917 -0.00311187 0.992303 0 0.656628 0 
1 2 0 0.321077 0.321077 6.22537 -0.127911 -0.00322755 -0.127911 -0.00322755 0.991718 0 0.65645 0 
1 2 0 0.320854 0.320854 6.22537 -0.132905 -0.00334205 -0.132905 -0.00334205 0.99111 0 0.656267 0 
1 2 0 0.320624 0.320624 6.22537 -0.137898 -0.00345536 -0.137898 -0.00345536 0.990481 0 0.656079 0 
1 2 0 0.320387 0.320387 6.22537 -0.142891 -0.00356743 -0.142891 -0.00356743 0.989829 0 0.655887 0 
1 2 0 0.320143 0.320143 6.22537 -0.147884 -0.00367823 -0.147884 -0.00367823 0.989155 0 0.65569 0 
1 2 0 0.319891 0.319891 6.22537 -0.152876 -0.00378773 -0.152876 -0.00378773 0.988459 0 0.655488 0 
1 2 0 0.319633 0.319633 6.22537 -0.157869 -0.00389589 -0.157869 -0.00389589 0.98774 0 0.655282 0 
1 2 0 0.319367 0.319367 6.22537 -0.16286 -0.00400269 -0.16286 -0.00400269 0.986999 0 0.655071 0 
1 2 0 0.319094 0.319094 6.22537 -0.167852 -0.00410809 -0.167852 -0.00410809 0.986235 0 0.654855 0 
1 2 0 0.318813 0.318813 6.22537 -0.172843 -0.00421206 -0.172843 -0.00421206 0.985448 0 0.654635 0 
1 2 0 0.318525 0.318525 6.22537 -0.177834 -0.00431457 -0.177834 -0.00431457 0.984638 0 0.65441 0 
1 2 0 0.31823 0.31823 6.22537 -0.182824 -0.00441559 -0.182824 -0.00441559 0.983806 0 0.654181 0 
1 2 0 0.317928 0.317928 6.22537 -0.187814 -0.00451509 -0.187814 -0.00451509 0.98295 0 0.653947 0 
1 2 0 0.317618 0.317618 6.22537 -0.192803 -0.00461304 -0.192803 -0.00461304 0.98207 0 0.653708 0 
1 2 0 0.3173 0.3173 6.22537 -0.197792 -0.00470941 -0.197792 -0.00470941 0.981167 0 0.653464 0 
1 2 0 0.316975 0.316975 6.22537 -0.202781 -0.00480418 -0.202781 -0.00480418 0.980241 0 0.653215 0 
1 2 0 0.316643 0.316643 6.22537 -0.207769 -0.00489731 -0.207769 -0.00489731 0.97929 0 0.652962 0 
1 2 0 0.316303 0.316303 6.22537 -0.212756 -0.00498877 -0.212756 -0.00498877 0.978316 0 0.652704 0 
1 2 0 0.315956 0.315956 6.22537 -0.217743 -0.00507855 -0.217743 -0.00507855 0.977317 0 0.652441 0 
1 2 0 0.315601 0.315601 6.22537 -0.22273 -0.00516661 -0.22273 -0.00516661 0.976294 0 0.652174 0 
1 2 0 0.315238 0.315238 6.22537 -0.227716 -0.00525292 -0.227716 -0.00525292 0.975247 0 0.651901 0 
1 2 0 0.314868 0.314868 6.22537 -0.232702 -0.00533747 -0.232702 -0.00533747 0.974175 0 0.651624 0 
1 2 0 0.31449 0.31449 6.22537 -0.237687 -0.00542023 -0.237687 -0.00542023 0.973078 0 0.651342 0 
1 2 0 0.314104 0.314104 6.22537 -0.242671 -0.00550116 -0.242671 -0.00550116 0.971956 0 0.651054 0 
1 2 0 0.313711 0.313711 6.22537 -0.247655 -0.00558026 -0.247655 -0.00558026 0.970809 0 0.650762 0 
1 2 0 0.31331 0.31331 6.22537 -0.252638 -0.00565748 -0.252638 -0.00565748 0.969636 0 0.650465 0 
1 2 0 0.3129 0.3129 6.22537 -0.257621 -0.00573282 -0.257621 -0.00573282 0.968438 0 0.650163 0 
1 2 0 0.312483 0.312483 6.22537 -0.262603 -0.00580625 -0.262603 -0.00580625 0.967214 0 0.649855 0 
1 2 0 0.312058 0.312058 6.22537 -0.267584 -0.00587774 -0.267584 -0.00587774 0.965963 0 0.649543 0 
1 2 0 0.311625 0.311625 6.22537 -0.272565 -0.00594727 -0.272565 -0.00594727 0.964687 0 0.649225 0 
1 2 0 0.311184 0.311184 6.22537 -0.277545 -0.00601483 -0.277545 -0.00601483 0.963384 0 0.648903 0 
1 2 0 0.310735 0.310735 6.22537 -0.282525 -0.00608039 -0.282525 -0.00608039 0.962054 0 0.648575 0 
1 2 0 0.310278 0.310278 6.22537 -0.287503 -0.00614393 -0.287503 -0.00614393 0.960697 0 0.648242 0 
1 2 0 0.309812 0.309812 6.22537 -0.292481 -0.00620544 -0.292481 -0.00620544 0.959313 0 0.647903 0 
1 2 0 0.309338 0.309338 6.22537 -0.297458 -0.00626489 -0.297458 -0.00626489 0.957901 0 0.647559 0 
1 2 0 0.308856 0.308856 6.22537 -0.302435 -0.00632227 -0.302435 -0.00632227 0.956462 0 0.64721 0 
1 2 0 0.308366 0.308366 6.22537 -0.30741 -0.00637756 -0.30741 -0.00637756 0.954994 0 0.646855 0 
1 2 0 0.307867 0.307867 6.22537 -0.312385 -0.00643074 -0.312385 -0.00643074 0.953499 0 0.646495 0 
1 2 0 0.307359 0.307359 6.22537 -0.317359 -0.00648179 -0.317359 -0.00648179 0.951975 0 0.64613 0 
1 2 0 0.306843 0.306843 6.22537 -0.322332 -0.0065307 -0.322332 -0.0065307 0.950422 0 0.645759 0 
1 2 0 0.306319 0.306319 6.22537 -0.327304 -0.00657746 -0.327304 -0.00657746 0.948839 0 0.645382 0 
1 2 0 0.305785 0.305785 6.22537 -0.332275 -0.00662205 -0.332275 -0.00662205 0.947228 0 0.644999 0 
1 2 0 0.305243 0.305243 6.22537 -0.337246 -0.00666445 -0.337246 -0.00666445 0.945587 0 0.644611 0 
1 2 0 0.304692 0.304692 6.22537 -0.342215 -0.00670466 -0.342215 -0.00670466 0.943916 0 0.644217 0 
1 2 0 0.304132 0.304132 6.22537 -0.347184 -0.00674266 -0.347184 -0.00674266 0.942214 0 0.643817 0 
1 2 0 0.303563 0.303563 6.22537 -0.352151 -0.00677843 -0.352151 -0.00677843 0.940482 0 0.643411 0 
1 2 0 0.302985 0.302985 6.22537 -0.357117 -0.00681197 -0.357117 -0.00681197 0.938719 0 0.642999 0 
1 2 0 0.302398 0.302398 6.22537 -0.362083 -0.00684327 -0.362083 -0.00684327 0.936925 0 0.642581 0 
1 2 0 0.301802 0.301802 6.22537 -0.367047 -0.00687231 -0.367047 -0.00687231 0.935099 0 0.642157 0 
1 2 0 0.301196 0.301196 6.22537 -0.37201 -0.00689909 -0.37201 -0.00689909 0.933241 0 0.641727 0 
1 2 0 0.300581 0.300581 6.22537 -0.376972 -0.0069236 -0.376972 -0.0069236 0.931351 0 0.64129 0 
1 2 0 0.299957 0.299957 6.22537 -0.381933 -0.00694583 -0.381933 -0.00694583 0.929428 0 0.640847 0 
1 2 0 0.299322 0.299322 6.22537 -0.386892 -0.00696578 -0.386892 -0.00696578 0.927472 0 0.640398 0 
1 2 0 0.298679 0.298679 6.22537 -0.391851 -0.00698343 -0.391851 -0.00698343 0.925483 0 0.639942 0 
1 2 0 0.298025 0.298025 6.22537 -0.396808 -0.00699878 -0.396808 -0.00699878 0.92346 0 0.639479 0 
1 2 0 0.297362 0.297362 6.22537 -0.401764 -0.00701184 -0.401764 -0.00701184 0.921403 0 0.63901 0 
1 2 0 0.296688 0.296688 6.22537 -0.406718 -0.00702258 -0.406718 -0.00702258 0.919312 0 0.638534 0 
1 2 0 0.296005 0.296005 6.22537 -0.411671 -0.00703102 -0.411671 -0.00703102 0.917185 0 0.638051 0 
1 2 0 0.295311 0.295311 6.22537 -0.416623 -0.00703714 -0.416623 -0.00703714 0.915023 0 0.637561 0 
1 2 0 0.294607 0.294607 6.22537 -0.421573 -0.00704095 -0.421573 -0.00704095 0.912826 0 0.637064 0 
1 2 0 0.293893 0.293893 6.22537 -0.426522 -0.00704245 -0.426522 -0.00704245 0.910592 0 0.63656 0 
1 2 0 0.293169 0.293169 6.22537 -0.431469 -0.00704163 -0.431469 -0.00704163 0.908321 0 0.636049 0 
1 2 0 0.292433 0.292433 6.22537 -0.436415 -0.0070385 -0.436415 -0.0070385 0.906014 0 0.63553 0 
1 2 0 0.291687 0.291687 6.22537 -0.441359 -0.00703306 -0.441359 -0.00703306 0.903669 0 0.635004 0 
1 2 0 0.29093 0.29093 6.22537 -0.446301 -0.00702531 -0.446301 -0.00702531 0.901286 0 0.63447 0 
1 2 0 0.290162 0.290162 6.22537 -0.451242 -0.00701526 -0.451242 -0.00701526 0.898864 0 0.633928 0 
1 2 0 0.289383 0.289383 6.22537 -0.456181 -0.0070029 -0.456181 -0.0070029 0.896404 0 0.633378 0 
1 2 0 0.288593 0.288593 6.22537 -0.461118 -0.00698826 -0.461118 -0.00698826 0.893904 0 0.632821 0 
1 2 0 0.287792 0.287792 6.22537 -0.466053 -0.00697132 -0.466053 -0.00697132 0.891364 0 0.632255 0 
1 2 0 0.286978 0.286978 6.22537 -0.470987 -0.0069521 -0.470987 -0.0069521 0.888784 0 0.631681 0 
1 2 0 0.286154 0.286154 6.22537 -0.475918 -0.00693062 -0.475918 -0.00693062 0.886163 0 0.631099 0 
1 2 0 0.285317 0.285317 6.22537 -0.480848 -0.00690687 -0.480848 -0.00690687 0.883501 0 0.630508 0 
1 2 0 0.284469 0.284469 6.22537 -0.485775 -0.00688087 -0.485775 -0.00688087 0.880797 0 0.629909 0 
1 2 0 0.283608 0.283608 6.22537 -0.4907 -0.00685263 -0.4907 -0.00685263 0.87805 0 0.6293 0 
1 2 0 0.282736 0.282736 6.22537 -0.495624 -0.00682216 -0.495624 -0.00682216 0.87526 0 0.628683 0 
1 2 0 0.281851 0.281851 6.22537 -0.500544 -0.00678947 -0.500544 -0.00678947 0.872426 0 0.628057 0 
1 2 0 0.280953 0.280953 6.22537 -0.505463 -0.00675459 -0.505463 -0.00675459 0.869549 0 0.627421 0 
1 2 0 0.280043 0.280043 6.22537 -0.510379 -0.00671753 -0.510379 -0.00671753 0.866626 0 0.626776 0 
1 2 0 0.279119 0.279119 6.22537 -0.515293 -0.0066783 -0.515293 -0.0066783 0.863659 0 0.626121 0 
1 2 0 0.278183 0.278183 6.22537 -0.520205 -0.00663692 -0.520205 -0.00663692 0.860645 0 0.625456 0 
1 2 0 0.277233 0.277233 6.22537 -0.525114 -0.00659341 -0.525114 -0.00659341 0.857585 0 0.624782 0 
1 2 0 0.27627 0.27627 6.22537 -0.53002 -0.0065478 -0.53002 -0.0065478 0.854478 0 0.624097 0 
1 2 0 0.275294 0.275294 6.22537 -0.534923 -0.0065001 -0.534923 -0.0065001 0.851323 0 0.623401 0 
1 2 0 0.274304 0.274304 6.22537 -0.539824 -0.00645033 -0.539824 -0.00645033 0.848119 0 0.622696 0 
1 2 0 0.273299 0.273299 6.22537 -0.544722 -0.00639853 -0.544722 -0.00639853 0.844867 0 0.621979 0 
1 2 0 0.272281 0.272281 6.22537 -0.549617 -0.00634471 -0.549617 -0.00634471 0.841565 0 0.621251 0 
1 2 0 0.271248 0.271248 6.22537 -0.554509 -0.00628891 -0.554509 -0.00628891 0.838212 0 0.620512 0 
1 2 0 0.2702 0.2702 6.22537 -0.559397 -0.00623115 -0.559397 -0.00623115 0.834808 0 0.619762 0 
1 2 0 0.269138 0.269138 6.22537 -0.564283 -0.00617145 -0.564283 -0.00617145 0.831353 0 0.619 0 
1 2 0 0.268061 0.268061 6.22537 -0.569165 -0.00610986 -0.569165 -0.00610986 0.827845 0 0.618226 0 
1 2 0 0.266968 0.266968 6.22537 -0.574044 -0.00604641 -0.574044 -0.00604641 0.824284 0 0.61744 0 
1 2 0 0.26586 0.26586 6.22537 -0.578919 -0.00598112 -0.578919 -0.00598112 0.82067 0 0.616641 0 
1 2 0 0.264736 0.264736 6.22537 -0.583791 -0.00591403 -0.583791 -0.00591403 0.817 0 0.61583 0 
1 2 0 0.263596 0.263596 6.22537 -0.588658 -0.00584518 -0.588658 -0.00584518 0.813276 0 0.615006 0 
1 2 0 0.26244 0.26244 6.22537 -0.593522 -0.0057746 -0.593522 -0.0057746 0.809495 0 0.614168 0 
1 2 0 0.261267 0.261267 6.22537 -0.598383 -0.00570235 -0.598383 -0.00570235 0.805657 0 0.613317 0 
1 2 0 0.260078 0.260078 6.22537 -0.603239 -0.00562844 -0.603239 -0.00562844 0.801762 0 0.612452 0 
1 2 0 0.258872 0.258872 6.22537 -0.60809 -0.00555294 -0.60809 -0.00555294 0.797809 0 0.611573 0 
1 2 0 0.257648 0.257648 6.22537 -0.612938 -0.00547587 -0.612938 -0.00547587 0.793797 0 0.61068 0 
1 2 0 0.256407 0.256407 6.22537 -0.617781 -0.0053973 -0.617781 -0.0053973 0.789724 0 0.609772 0 
1 2 0 0.255148 0.255148 6.22537 -0.622619 -0.00531726 -0.622619 -0.00531726 0.785591 0 0.608849 0 
1 2 0 0.253871 0.253871 6.22537 -0.627452 -0.0052358 -0.627452 -0.0052358 0.781397 0 0.60791 0 
1 2 0 0.252576 0.252576 6.22537 -0.632281 -0.00515297 -0.632281 -0.00515297 0.77714 0 0.606955 0 
1 2 0 0.251262 0.251262 6.22537 -0.637105 -0.00506883 -0.637105 -0.00506883 0.77282 0 0.605985 0 
1 2 0 0.249928 0.249928 6.22537 -0.641923 -0.00498342 -0.641923 -0.00498342 0.768437 0 0.604998 0 
1 2 0 0.248576 0.248576 6.22537 -0.646736 -0.00489681 -0.646736 -0.00489681 0.763988 0 0.603994 0 
1 2 0 0.247203 0.247203 6.22537 -0.651543 -0.00480904 -0.651543 -0.00480904 0.759474 0 0.602972 0 
1 2 0 0.245811 0.245811 6.22537 -0.656344 -0.00472018 -0.656344 -0.00472018 0.754894 0 0.601933 0 
1 2 0 0.244398 0.244398 6.22537 -0.66114 -0.00463028 -0.66114 -0.00463028 0.750246 0 0.600876 0 
1 2 0 0.242965 0.242965 6.22537 -0.665929 -0.00453942 -0.665929 -0.00453942 0.745531 0 0.5998 0 
1 2 0 0.241511 0.241511 6.22537 -0.670712 -0.00444764 -0.670712 -0.00444764 0.740747 0 0.598705 0 
1 2 0 0.240035 0.240035 6.22537 -0.675488 -0.00435501 -0.675488 -0.00435501 0.735892 0 0.597591 0 
1 2 0 0.238537 0.238537 6.22537 -0.680258 -0.00426161 -0.680258 -0.00426161 0.730968 0 0.596457 0 
1 2 0 0.237017 0.237017 6.22537 -0.68502 -0.00416749 -0.68502 -0.00416749 0.725972 0 0.595302 0 
1 2 0 0.235474 0.235474 6.22537 -0.689776 -0.00407273 -0.689776 -0.00407273 0.720904 0 0.594126 0 
1 2 0 0.233909 0.233909 6.22537 -0.694523 -0.0039774 -0.694523 -0.0039774 0.715763 0 0.592929 0 
1 2 0 0.23232 0.23232 6.22537 -0.699263 -0.00388156 -0.699263 -0.00388156 0.710549 0 0.59171 0 
1 2 0 0.230707 0.230707 6.22537 -0.703995 -0.0037853 -0.703995 -0.0037853 0.70526 0 0.590469 0 
1 2 0 0.22907 0.22907 6.22537 -0.708719 -0.00368869 -0.708719 -0.00368869 0.699895 0 0.589204 0 
1 2 0 0.227409 0.227409 6.22537 -0.713434 -0.0035918 -0.713434 -0.0035918 0.694455 0 0.587916 0 
1 2 0 0.225722 0.225722 6.22537 -0.71814 -0.00349472 -0.71814 -0.00349472 0.688938 0 0.586604 0 
1 2 0 0.22401 0.22401 6.22537 -0.722836 -0.00339752 -0.722836 -0.00339752 0.683343 0 0.585266 0 
1 2 0 0.222271 0.222271 6.22537 -0.727523 -0.00330028 -0.727523 -0.00330028 0.67767 0 0.583903 0 
1 2 0 0.220507 0.220507 6.22537 -0.732201 -0.00320308 -0.732201 -0.00320308 0.671918 0 0.582515 0 
1 2 0 0.218715 0.218715 6.22537 -0.736868 -0.00310602 -0.736868 -0.00310602 0.666087 0 0.581099 0 
1 2 0 0.216896 0.216896 6.22537 -0.741524 -0.00300916 -0.741524 -0.00300916 0.660176 0 0.579656 0 
1 2 0 0.215048 0.215048 6.22537 -0.746169 -0.0029126 -0.746169 -0.0029126 0.654183 0 0.578184 0 
1 2 0 0.213173 0.213173 6.22537 -0.750803 -0.00281643 -0.750803 -0.00281643 0.64811 0 0.576684 0 
1 2 0 0.211268 0.211268 6.22537 -0.755426 -0.00272072 -0.755426 -0.00272072 0.641955 0 0.575155 0 
1 2 0 0.209334 0.209334 6.22537 -0.760036 -0.00262557 -0.760036 -0.00262557 0.635718 0 0.573595 0 
1 2 0 0.20737 0.20737 6.22537 -0.764633 -0.00253106 -0.764633 -0.00253106 0.629398 0 0.572004 0 
1 2 0 0.205376 0.205376 6.22537 -0.769217 -0.00243728 -0.769217 -0.00243728 0.622995 0 0.570381 0 
1 2 0 0.20335 0.20335 6.22537 -0.773788 -0.00234433 -0.773788 -0.00234433 0.616509 0 0.568725 0 
1 2 0 0.201293 0.201293 6.22537 -0.778344 -0.00225228 -0.778344 -0.00225228 0.609939 0 0.567037 0 
1 2 0 0.199204 0.199204 6.22537 -0.782886 -0.00216122 -0.782886 -0.00216122 0.603286 0 0.565314 0 
1 2 0 0.197082 0.197082 6.22537 -0.787412 -0.00207125 -0.787412 -0.00207125 0.596549 0 0.563556 0 
1 2 0 0.194927 0.194927 6.22537 -0.791923 -0.00198246 -0.791923 -0.00198246 0.589728 0 0.561762 0 
1 2 0 0.192738 0.192738 6.22537 -0.796418 -0.00189492 -0.796418 -0.00189492 0.582822 0 0.559933 0 
1 2 0 0.190514 0.190514 6.22537 -0.800896 -0.00180872 -0.800896 -0.00180872 0.575832 0 0.558067 0 
1 2 0 0.188256 0.188256 6.22537 -0.805356 -0.00172395 -0.805356 -0.00172395 0.568755 0 0.556167 0 
1 2 0 0.185962 0.185962 6.22537 -0.809798 -0.00164069 -0.809798 -0.00164069 0.561584 0 0.554238 0 
1 2 0 0.183632 0.183632 6.22537 -0.814222 -0.00155902 -0.814222 -0.00155902 0.554217 0 0.552384 0 
1 2 0 0.181266 0.181266 6.22537 -0.818626 -0.00147902 -0.818626 -0.00147902 0.547218 0 0.550039 0 
1 2 0 0.178862 0.178862 6.22537 -0.823009 -0.00140077 -0.823009 -0.00140077 0.539742 0 0.548047 0 
1 2 0 0.176421 0.176421 6.22537 -0.827372 -0.00132434 -0.827372 -0.00132434 0.532252 0 0.545947 0 
1 2 0 0.173941 0.173941 6.22537 -0.831714 -0.00124981 -0.831714 -0.00124981 0.524694 0 0.543792 0 
1 2 0 0.171422 0.171422 6.22537 -0.836033 -0.00117724 -0.836033 -0.00117724 0.517063 0 0.541588 0 
1 2 0 0.168864 0.168864 6.22537 -0.840328 -0.0011067 -0.840328 -0.0011067 0.509359 0 0.539336 0 
1 2 0 0.166266 0.166266 6.22537 -0.8446 -0.00103824 -0.8446 -0.00103824 0.501581 0 0.537035 0 
1 2 0 0.163628 0.163628 6.22537 -0.848847 -0.000971928 -0.848847 -0.000971928 0.493733 0 0.534685 0 
1 2 0 0.160949 0.160949 6.22537 -0.853069 -0.000907814 -0.853069 -0.000907814 0.485815 0 0.532285 0 
1 2 0 0.158228 0.158228 6.22537 -0.857263 -0.000845945 -0.857263 -0.000845945 0.47783 0 0.529834 0 
1 2 0 0.155465 0.155465 6.22537 -0.861431 -0.000786362 -0.861431 -0.000786362 0.469781 0 0.52733 0 
1 2 0 0.15266 0.15266 6.22537 -0.86557 -0.000729104 -0.86557 -0.000729104 0.461669 0 0.524774 0 
1 2 0 0.149812 0.149812 6.22537 -0.869679 -0.0006742 -0.869679 -0.0006742 0.453498 0 0.522165 0 
1 2 0 0.146921 0.146921 6.22537 -0.873759 -0.000621676 -0.873759 -0.000621676 0.445271 0 0.5195 0 
1 2 0 0.143987 0.143987 6.22537 -0.877807 -0.00057155 -0.877807 -0.00057155 0.436991 0 0.51678 0 
1 2 0 0.141008 0.141008 6.22537 -0.881823 -0.000523835 -0.881823 -0.000523835 0.428662 0 0.514003 0 
1 2 0 0.137986 0.137986 6.22537 -0.885806 -0.000478536 -0.885806 -0.000478536 0.420288 0 0.511168 0 
1 2 0 0.134918 0.134918 6.22537 -0.889755 -0.00043565 -0.889755 -0.00043565 0.411873 0 0.508276 0 
1 2 0 0.131806 0.131806 6.22537 -0.893669 -0.000395169 -0.893669 -0.000395169 0.403421 0 0.505324 0 
1 2 0 0.128649 0.128649 6.22537 -0.897546 -0.000357076 -0.897546 -0.000357076 0.394936 0 0.502312 0 
1 2 0 0.125447 0.125447 6.22537 -0.901387 -0.000321348 -0.901387 -0.000321348 0.386424 0 0.499239 0 
1 2 0 0.1222 0.1222 6.22537 -0.905189 -0.000287953 -0.905189 -0.000287953 0.377889 0 0.496105 0 
1 2 0 0.118907 0.118907 6.22537 -0.908952 -0.000256853 -0.908952 -0.000256853 0.369338 0 0.492909 0 
1 2 0 0.115569 0.115569 6.22537 -0.912675 -0.000228002 -0.912675 -0.000228002 0.360775 0 0.489651 0 
1 2 0 0.112185 0.112185 6.22537 -0.916356 -0.000201348 -0.916356 -0.000201348 0.352206 0 0.486329 0 
1 2 0 0.108756 0.108756 6.22537 -0.919996 -0.00017683 -0.919996 -0.00017683 0.343637 0 0.482944 0 
1 2 0 0.105282 0.105282 6.22537 -0.923592 -0.000154381 -0.923592 -0.000154381 0.335074 0 0.479495 0 
1 2 0 0.101763 0.101763 6.22537 -0.927144 -0.00013393 -0.927144 -0.00013393 0.326524 0 0.475982 0 
1 2 0 0.0981986 0.0981986 6.22537 -0.930652 -0.000115397 -0.930652 -0.000115397 0.317993 0 0.472405 0 
1 2 0 0.0945899 0.0945899 6.22537 -0.934113 -9.86976e-05 -0.934113 -9.86976e-05 0.309488 0 0.468764 0 
1 2 0 0.090937 0.090937 6.22537 -0.937528 -8.3743e-05 -0.937528 -8.3743e-05 0.301014 0 0.465058 0 
1 2 0 0.0872401 0.0872401 6.22537 -0.940895 -7.04395e-05 -0.940895 -7.04395e-05 0.29258 0 0.461288 0 
1 2 0 0.0834999 0.0834999 6.22537 -0.944214 -5.86899e-05 -0.944214 -5.86899e-05 0.284192 0 0.457454 0 
1 2 0 0.0797166 0.0797166 6.22537 -0.947483 -4.83939e-05 -0.947483 -4.83939e-05 0.275857 0 0.453556 0 
1 2 0 0.0758909 0.0758909 6.22537 -0.950703 -3.9449e-05 -0.950703 -3.9449e-05 0.267582 0 0.449595 0 
1 2 0 0.0720233 0.0720233 6.22537 -0.953873 -3.17511e-05 -0.953873 -3.17511e-05 0.259374 0 0.445571 0 
1 2 0 0.0681145 0.0681145 6.22537 -0.956991 -2.51953e-05 -0.956991 -2.51953e-05 0.25124 0 0.441485 0 
1 2 0 0.064165 0.064165 6.22537 -0.960058 -1.96771e-05 -0.960058 -1.96771e-05 0.243186 0 0.437337 0 
1 2 0 0.0601758 0.0601758 6.22537 -0.963073 -1.50927e-05 -0.963073 -1.50927e-05 0.23522 0 0.433129 0 
1 2 0 0.0561474 0.0561474 6.22537 -0.966036 -1.13403e-05 -0.966036 -1.13403e-05 0.227347 0 0.428861 0 
1 2 0 0.0520807 0.0520807 6.22537 -0.968945 -8.32046e-06 -0.968945 -8.32046e-06 0.219575 0 0.424534 0 
1 2 0 0.0479764 0.0479764 6.22537 -0.971802 -5.93749e-06 -0.971802 -5.93749e-06 0.21191 0 0.42015 0 
1 2 0 0.0438356 0.0438356 6.22537 -0.974605 -4.09979e-06 -0.974605 -4.09979e-06 0.204358 0 0.41571 0 
1 2 0 0.039659 0.039659 6.22537 -0.977355 -2.72081e-06 -0.977355 -2.72081e-06 0.196924 0 0.411215 0 
1 2 0 0.0354476 0.0354476 6.22537 -0.98005 -1.71978e-06 -0.98005 -1.71978e-06 0.189614 0 0.406666 0 
1 2 0 0.0312022 0.0312022 6.22537 -0.982693 -1.02231e-06 -0.982693 -1.02231e-06 0.182434 0 0.402065 0 
1 2 0 0.0269239 0.0269239 6.22537 -0.985281 -5.61087e-07 -0.985281 -5.61087e-07 0.175388 0 0.397415 0 
1 2 0 0.0226136 0.0226136 6.22537 -0.987816 -2.76386e-07 -0.987816 -2.76386e-07 0.168481 0 0.392715 0 
1 2 0 0.0182722 0.0182722 6.22537 -0.990297 -1.166e-07 -0.990297 -1.166e-07 0.161718 0 0.38797 0 
1 2 0 0.0139008 0.0139008 6.22537 -0.992725 -3.86484e-08 -0.992725 -3.86484e-08 0.155102 0 0.383179 0 
1 2 0 0.00950039 0.00950039 6.22537 -0.9951 -8.34411e-09 -0.9951 -8.34411e-09 0.148636 0 0.378346 0 
1 2 0 0.00507184 0.00507184 6.22537 -0.997422 -6.71885e-10 -0.997422 -6.71885e-10 0.142325 0 0.373472 0 
1 2 0 0.000616192 0.000616192 6.22537 -0.999691 -7.11707e-13 -0.999691 -7.11707e-13 0.136171 0 0.368559 0 
1 2 0 -0.00386559 -0.00386559 6.22537 -1.00191 -2.21141e-10 -1.00191 -2.21141e-10 0.130176 0 0.363611 0 
