1 1 0 0 0 0 1 0 1 0 0.904145 0 1.10602 0 
1 1 0 0.00141321 0.00141321 0 0.999999 0.00141521 0.999999 0.00141521 0.165487 0 0.368399 0 
1 1 0 0.00282443 0.00282443 0 0.999996 0.00283242 0.999996 0.00283242 0.165679 0 0.368916 0 
1 1 0 0.00564087 0.00564087 0 0.999982 0.00567277 0.999982 0.00567277 0.16607 0 0.369946 0 
1 1 0 0.0112498 0.0112498 0 0.999928 0.011377 0.999928 0.011377 0.166889 0 0.371982 0 
1 1 0 0.0182162 0.0182162 0 0.999809 0.0185507 0.999809 0.0185507 0.167979 0 0.374485 0 
1 1 0 0.0251328 0.0251328 0 0.999631 0.0257713 0.999631 0.0257713 0.169144 0 0.37694 0 
1 1 0 0.0319997 0.0319997 0 0.999394 0.0330375 0.999394 0.0330375 0.170387 0 0.379345 0 
1 1 0 0.0388169 0.0388169 0 0.999095 0.0403481 0.999095 0.0403481 0.171708 0 0.3817 0 
1 1 0 0.0455847 0.0455847 0 0.998735 0.0477017 0.998735 0.0477017 0.17311 0 0.384002 0 
1 1 0 0.0523031 0.0523031 0 0.998311 0.0550971 0.998311 0.0550971 0.174595 0 0.386251 0 
1 1 0 0.0589726 0.0589726 0 0.997823 0.0625327 0.997823 0.0625327 0.176164 0 0.388446 0 
1 1 0 0.0655931 0.0655931 0 0.997269 0.0700072 0.997269 0.0700072 0.17782 0 0.390583 0 
1 1 0 0.0721651 0.0721651 0 0.996647 0.0775193 0.996647 0.0775193 0.179566 0 0.392662 0 
1 1 0 0.0786889 0.0786889 0 0.995957 0.0850674 0.995957 0.0850674 0.181405 0 0.394681 0 
1 1 0 0.0851646 0.0851646 0 0.995197 0.09265 0.995197 0.09265 0.183339 0 0.396637 0 
1 1 0 0.0915926 0.0915926 0 0.994366 0.100266 0.994366 0.100266 0.185371 0 0.398529 0 
1 1 0 0.0979733 0.0979733 0 0.993461 0.107913 0.993461 0.107913 0.187507 0 0.400353 0 
1 1 0 0.104307 0.104307 0 0.992483 0.11559 0.992483 0.11559 0.189748 0 0.402107 0 
1 1 0 0.110594 0.110594 0 0.991429 0.123295 0.991429 0.123295 0.1921 0 0.403789 0 
1 1 0 0.116835 0.116835 0 0.990297 0.131026 0.990297 0.131026 0.194568 0 0.405394 0 
1 1 0 0.12303 0.12303 0 0.989087 0.138783 0.989087 0.138783 0.197156 0 0.406921 0 
1 1 0 0.12918 0.12918 0 0.987796 0.146563 0.987796 0.146563 0.19987 0 0.408364 0 
1 1 0 0.135285 0.135285 0 0.986422 0.154364 0.986422 0.154364 0.202715 0 0.409721 0 
1 1 0 0.141345 0.141345 0 0.984965 0.162184 0.984965 0.162184 0.2057 0 0.410986 0 
1 1 0 0.147361 0.147361 0 0.983423 0.170022 0.983423 0.170022 0.208829 0 0.412155 0 
1 1 0 0.153333 0.153333 0 0.981792 0.177876 0.981792 0.177876 0.212113 0 0.413221 0 
1 1 0 0.159262 0.159262 0 0.980073 0.185744 0.980073 0.185744 0.215559 0 0.41418 0 
1 1 0 0.165148 0.165148 0 0.978262 0.193623 0.978262 0.193623 0.219178 0 0.415023 0 
1 1 0 0.170992 0.170992 0 0.976358 0.201512 0.976358 0.201512 0.222981 0 0.415742 0 
1 1 0 0.176794 0.176794 0 0.974359 0.209409 0.974359 0.209409 0.22698 0 0.416329 0 
1 1 0 0.182554 0.182554 0 0.972263 0.21731 0.972263 0.21731 0.23119 0 0.416772 0 
1 1 0 0.188273 0.188273 0 0.970068 0.225215 0.970068 0.225215 0.235626 0 0.41706 0 
1 1 0 0.193952 0.193952 0 0.96777 0.23312 0.96777 0.23312 0.240309 0 0.417176 0 
1 1 0 0.199589 0.199589 0 0.96537 0.241024 0.96537 0.241024 0.24526 0 0.417103 0 
1 1 0 0.205187 0.205187 0 0.962863 0.248923 0.962863 0.248923 0.250506 0 0.416818 0 
1 1 0 0.210745 0.210745 0 0.960247 0.256815 0.960247 0.256815 0.256079 0 0.416295 0 
1 1 0 0.216263 0.216263 0 0.957521 0.264697 0.957521 0.264697 0.262019 0 0.415498 0 
1 1 0 0.221743 0.221743 0 0.954682 0.272567 0.954682 0.272567 0.268378 0 0.414382 0 
1 1 0 0.227183 0.227183 0 0.951727 0.280421 0.951727 0.280421 0.27522 0 0.412886 0 
1 1 0 0.232584 0.232584 0 0.948653 0.288256 0.948653 0.288256 0.282639 0 0.410925 0 
1 1 0 0.237946 0.237946 0 0.945459 0.29607 0.945459 0.29607 0.290764 0 0.408375 0 
1 1 0 0.24327 0.24327 0 0.94214 0.303859 0.94214 0.303859 0.2998 0 0.405038 0 
1 1 0 0.248555 0.248555 0 0.938695 0.311619 0.938695 0.311619 0.310101 0 0.400566 0 
1 1 0 0.253802 0.253802 0 0.935121 0.319347 0.935121 0.319347 0.32241 0 0.394226 0 
1 1 0 0.259009 0.259009 0 0.931415 0.327038 0.931415 0.327038 0.33904 0 0.383711 0 
1 1 0 0.264178 0.264178 126.974 0.927573 0.33469 0.927573 0.33469 0.364511 0.0180522 0.364511 -0.0180522 
1 1 0 0.269307 0.269307 67.3173 0.923594 0.342298 0.923594 0.342298 0.367727 0.0344225 0.367727 -0.0344225 
1 1 0 0.274397 0.274397 51.394 0.919473 0.349857 0.919473 0.349857 0.371031 0.0455878 0.371031 -0.0455878 
1 1 0 0.279447 0.279447 43.2155 0.915209 0.357363 0.915209 0.357363 0.374425 0.0548253 0.374425 -0.0548253 
1 1 0 0.284456 0.284456 38.0447 0.910798 0.364811 0.910798 0.364811 0.377916 0.0629876 0.377916 -0.0629876 
1 1 0 0.289424 0.289424 34.4101 0.906237 0.372197 0.906237 0.372197 0.381509 0.0704471 0.381509 -0.0704471 
1 1 0 0.29435 0.29435 31.6851 0.901523 0.379514 0.901523 0.379514 0.385208 0.0774044 0.385208 -0.0774044 
1 1 0 0.299233 0.299233 29.5518 0.896653 0.386758 0.896653 0.386758 0.38902 0.0839811 0.38902 -0.0839811 
1 1 0 0.304073 0.304073 27.8297 0.891625 0.393922 0.891625 0.393922 0.392951 0.0902562 0.392951 -0.0902562 
1 1 0 0.308867 0.308867 26.4076 0.886436 0.401002 0.886436 0.401002 0.397006 0.0962839 0.397006 -0.0962839 
1 1 0 0.313616 0.313616 25.2127 0.881082 0.407989 0.881082 0.407989 0.401192 0.102102 0.401192 -0.102102 
1 1 0 0.318317 0.318317 24.1953 0.875563 0.414879 0.875563 0.414879 0.405515 0.107739 0.405515 -0.107739 
1 1 0 0.322969 0.322969 23.3201 0.869874 0.421664 0.869874 0.421664 0.409983 0.113215 0.409983 -0.113215 
1 1 0 0.327571 0.327571 22.5613 0.864014 0.428337 0.864014 0.428337 0.414601 0.118544 0.414601 -0.118544 
1 1 0 0.33212 0.33212 21.8995 0.857981 0.434891 0.857981 0.434891 0.419377 0.123737 0.419377 -0.123737 
1 1 0 0.336615 0.336615 21.32 0.851773 0.441319 0.851773 0.441319 0.424317 0.128801 0.424317 -0.128801 
1 1 0 0.341054 0.341054 20.8111 0.845389 0.447611 0.845389 0.447611 0.429429 0.13374 0.429429 -0.13374 
1 1 0 0.345433 0.345433 20.3638 0.838828 0.453762 0.838828 0.453762 0.43472 0.138556 0.43472 -0.138556 
1 1 0 0.349752 0.349752 19.971 0.832089 0.459761 0.832089 0.459761 0.440196 0.14325 0.440196 -0.14325 
1 1 0 0.354007 0.354007 19.6267 0.825172 0.465601 0.825172 0.465601 0.445865 0.147821 0.445865 -0.147821 
1 1 0 0.358195 0.358195 19.3263 0.818077 0.471274 0.818077 0.471274 0.451733 0.152266 0.451733 -0.152266 
1 1 0 0.362315 0.362315 19.0659 0.810804 0.47677 0.810804 0.47677 0.457808 0.156581 0.457808 -0.156581 
1 1 0 0.366361 0.366361 18.8425 0.803358 0.482078 0.803358 0.482078 0.464093 0.160758 0.464093 -0.160758 
1 1 0 0.370333 0.370333 18.6535 0.795738 0.487193 0.795738 0.487193 0.470596 0.164794 0.470596 -0.164794 
1 1 0 0.374226 0.374226 18.4968 0.787945 0.492105 0.787945 0.492105 0.477323 0.168681 0.477323 -0.168681 
1 1 0 0.378038 0.378038 18.3707 0.779985 0.496805 0.779985 0.496805 0.48428 0.17241 0.48428 -0.17241 
1 1 0 0.381766 0.381766 18.274 0.771859 0.501285 0.771859 0.501285 0.491471 0.175973 0.491471 -0.175973 
1 1 0 0.385407 0.385407 18.2057 0.763573 0.505538 0.763573 0.505538 0.4989 0.179359 0.4989 -0.179359 
1 1 0 0.388957 0.388957 18.1652 0.755131 0.509554 0.755131 0.509554 0.50657 0.182558 0.50657 -0.182558 
1 1 0 0.392415 0.392415 18.152 0.746539 0.513326 0.746539 0.513326 0.514486 0.185557 0.514486 -0.185557 
1 1 0 0.395775 0.395775 18.1659 0.737803 0.516846 0.737803 0.516846 0.522648 0.188344 0.522648 -0.188344 
1 1 0 0.399037 0.399037 18.2069 0.728931 0.52011 0.728931 0.52011 0.531058 0.190907 0.531058 -0.190907 
1 1 0 0.402197 0.402197 18.2754 0.71993 0.523109 0.71993 0.523109 0.539717 0.193232 0.539717 -0.193232 
1 1 0 0.405253 0.405253 18.372 0.710808 0.525838 0.710808 0.525838 0.548625 0.195303 0.548625 -0.195303 
1 1 0 0.408203 0.408203 18.4972 0.701574 0.528293 0.701574 0.528293 0.557779 0.197108 0.557779 -0.197108 
1 1 0 0.411044 0.411044 18.6523 0.692236 0.53047 0.692236 0.53047 0.567178 0.198629 0.567178 -0.198629 
1 1 0 0.413775 0.413775 18.8387 0.682805 0.532364 0.682805 0.532364 0.57682 0.19985 0.57682 -0.19985 
1 1 0 0.416394 0.416394 19.0579 0.673289 0.533974 0.673289 0.533974 0.5867 0.200756 0.5867 -0.200756 
1 1 0 0.4189 0.4189 19.3122 0.663699 0.535297 0.663699 0.535297 0.596813 0.201327 0.596813 -0.201327 
1 1 0 0.421293 0.421293 19.604 0.654045 0.536333 0.654045 0.536333 0.607155 0.201545 0.607155 -0.201545 
1 1 0 0.423571 0.423571 19.9367 0.644337 0.53708 0.644337 0.53708 0.61772 0.201391 0.61772 -0.201391 
1 1 0 0.425735 0.425735 20.314 0.634584 0.53754 0.634584 0.53754 0.628501 0.200843 0.628501 -0.200843 
1 1 0 0.427783 0.427783 20.7406 0.624798 0.537713 0.624798 0.537713 0.63949 0.19988 0.63949 -0.19988 
1 1 0 0.429718 0.429718 21.2223 0.614988 0.537601 0.614988 0.537601 0.65068 0.198477 0.65068 -0.198477 
1 1 0 0.431538 0.431538 21.7663 0.605163 0.537207 0.605163 0.537207 0.662062 0.196606 0.662062 -0.196606 
1 1 0 0.433246 0.433246 22.3814 0.595332 0.536534 0.595332 0.536534 0.673629 0.194239 0.673629 -0.194239 
1 1 0 0.434841 0.434841 23.0788 0.585506 0.535585 0.585506 0.535585 0.685371 0.191343 0.685371 -0.191343 
1 1 0 0.436325 0.436325 23.8729 0.575693 0.534364 0.575693 0.534364 0.697278 0.187877 0.697278 -0.187877 
1 1 0 0.4377 0.4377 24.7823 0.5659 0.532877 0.5659 0.532877 0.709342 0.183798 0.709342 -0.183798 
1 1 0 0.438968 0.438968 25.8317 0.556136 0.531127 0.556136 0.531127 0.721554 0.179052 0.721554 -0.179052 
1 1 0 0.440129 0.440129 27.0545 0.546409 0.529121 0.546409 0.529121 0.733902 0.173575 0.733902 -0.173575 
1 1 0 0.441187 0.441187 28.4972 0.536724 0.526863 0.536724 0.526863 0.746379 0.167285 0.746379 -0.167285 
1 1 0 0.442142 0.442142 30.2269 0.52709 0.52436 0.52709 0.52436 0.758974 0.160078 0.758974 -0.160078 
1 1 0 0.442998 0.442998 32.3445 0.517511 0.521618 0.517511 0.521618 0.771679 0.151819 0.771679 -0.151819 
1 1 0 0.443756 0.443756 35.0103 0.507995 0.518642 0.507995 0.518642 0.784482 0.14232 0.784482 -0.14232 
1 1 0 0.444419 0.444419 38.4979 0.498545 0.515439 0.498545 0.515439 0.797377 0.131307 0.797377 -0.131307 
1 1 0 0.444989 0.444989 43.3232 0.489166 0.512016 0.489166 0.512016 0.810352 0.118357 0.810352 -0.118357 
1 1 0 0.445468 0.445468 50.6162 0.479864 0.508378 0.479864 0.508378 0.823401 0.10274 0.823401 -0.10274 
1 1 0 0.44586 0.44586 63.5569 0.470641 0.504532 0.470641 0.504532 0.836513 0.0829675 0.836513 -0.0829675 
1 1 0 0.446165 0.446165 97.715 0.461502 0.500485 0.461502 0.500485 0.84968 0.0547108 0.84968 -0.0547108 
1 1 0 0.446386 0.446386 97.715 0.452449 0.496242 0.452449 0.496242 0.896276 0 0.829515 0 
1 1 0 0.446527 0.446527 97.715 0.443486 0.49181 0.443486 0.49181 0.949889 0 0.802411 0 
1 1 0 0.446588 0.446588 97.715 0.434615 0.487195 0.434615 0.487195 0.98931 0 0.789563 0 
2 1 0 0.446592 0.446592 97.715 0.431968 0.485774 0.431968 0.485774 1.00011 0 0.78676 0 
2 1 0 0.446554 0.446554 97.715 0.42322 0.48093 0.42322 0.48093 1.034 0 0.779505 0 
2 1 0 0.446442 0.446442 97.715 0.414568 0.475917 0.414568 0.475917 1.06573 0 0.774437 0 
2 1 0 0.446258 0.446258 97.715 0.406014 0.47074 0.406014 0.47074 1.09603 0 0.77082 0 
2 1 0 0.446005 0.446005 97.715 0.397559 0.465406 0.397559 0.465406 1.12529 0 0.768242 0 
2 1 0 0.445683 0.445683 97.715 0.389205 0.459919 0.389205 0.459919 1.15376 0 0.766449 0 
2 1 0 0.445296 0.445296 97.715 0.380952 0.454286 0.380952 0.454286 1.1816 0 0.76527 0 
2 1 0 0.444844 0.444844 97.715 0.372799 0.44851 0.372799 0.44851 1.20891 0 0.764583 0 
2 1 0 0.444329 0.444329 97.715 0.364749 0.442597 0.364749 0.442597 1.23578 0 0.764299 0 
2 1 0 0.443754 0.443754 97.715 0.356801 0.436552 0.356801 0.436552 1.26227 0 0.764349 0 
2 1 0 0.443119 0.443119 97.715 0.348956 0.430381 0.348956 0.430381 1.28841 0 0.764679 0 
2 1 0 0.442425 0.442425 97.715 0.341214 0.424088 0.341214 0.424088 1.31424 0 0.765246 0 
2 1 0 0.441675 0.441675 97.715 0.333574 0.417677 0.333574 0.417677 1.33978 0 0.766013 0 
2 1 0 0.440869 0.440869 97.715 0.326037 0.411152 0.326037 0.411152 1.36507 0 0.766952 0 
2 1 0 0.440008 0.440008 97.715 0.318602 0.404519 0.318602 0.404519 1.39011 0 0.768036 0 
2 1 0 0.439093 0.439093 97.715 0.311268 0.39778 0.311268 0.39778 1.41492 0 0.769244 0 
2 1 0 0.438125 0.438125 97.715 0.304036 0.390941 0.304036 0.390941 1.43951 0 0.770555 0 
2 1 0 0.437105 0.437105 97.715 0.296904 0.384004 0.296904 0.384004 1.46389 0 0.771952 0 
2 1 0 0.436032 0.436032 97.715 0.289872 0.376974 0.289872 0.376974 1.48807 0 0.773421 0 
2 1 0 0.434908 0.434908 97.715 0.282939 0.369854 0.282939 0.369854 1.51206 0 0.774945 0 
2 1 0 0.433733 0.433733 97.715 0.276105 0.362648 0.276105 0.362648 1.53586 0 0.776513 0 
2 1 0 0.432506 0.432506 97.715 0.269369 0.355358 0.269369 0.355358 1.55949 0 0.778111 0 
2 1 0 0.431228 0.431228 97.715 0.262729 0.347989 0.262729 0.347989 1.58294 0 0.779728 0 
2 1 0 0.429897 0.429897 97.715 0.256186 0.340544 0.256186 0.340544 1.60622 0 0.781352 0 
2 1 0 0.428514 0.428514 97.715 0.249739 0.333025 0.249739 0.333025 1.62934 0 0.782972 0 
2 1 0 0.427077 0.427077 97.715 0.243386 0.325436 0.243386 0.325436 1.65231 0 0.784576 0 
2 1 0 0.425586 0.425586 97.715 0.237127 0.317779 0.237127 0.317779 1.67512 0 0.786153 0 
2 1 0 0.424039 0.424039 97.715 0.230962 0.310059 0.230962 0.310059 1.69779 0 0.787693 0 
2 1 0 0.422435 0.422435 97.715 0.224889 0.302276 0.224889 0.302276 1.72031 0 0.789184 0 
2 1 0 0.420771 0.420771 97.715 0.218908 0.294436 0.218908 0.294436 1.74271 0 0.790613 0 
2 1 0 0.419045 0.419045 97.715 0.213019 0.286539 0.213019 0.286539 1.76497 0 0.791968 0 
2 1 0 0.417255 0.417255 97.715 0.207221 0.27859 0.207221 0.27859 1.78712 0 0.793236 0 
2 1 0 0.415397 0.415397 97.715 0.201514 0.27059 0.201514 0.27059 1.80915 0 0.794404 0 
2 1 0 0.413466 0.413466 97.715 0.195898 0.262544 0.195898 0.262544 1.83108 0 0.795455 0 
2 1 0 0.41146 0.41146 97.715 0.190371 0.254454 0.190371 0.254454 1.85291 0 0.796375 0 
2 1 0 0.409372 0.409372 97.715 0.184936 0.246323 0.184936 0.246323 1.87465 0 0.797146 0 
2 1 0 0.407197 0.407197 97.715 0.179591 0.238155 0.179591 0.238155 1.89632 0 0.797749 0 
2 1 0 0.404928 0.404928 97.715 0.174337 0.229953 0.174337 0.229953 1.91792 0 0.798162 0 
2 1 0 0.402557 0.402557 97.715 0.169176 0.221721 0.169176 0.221721 1.93947 0 0.798363 0 
2 1 0 0.400075 0.400075 97.715 0.164108 0.213464 0.164108 0.213464 1.96097 0 0.798327 0 
2 1 0 0.397472 0.397472 97.715 0.159135 0.205187 0.159135 0.205187 1.98245 0 0.798025 0 
2 1 0 0.394736 0.394736 97.715 0.15426 0.196894 0.15426 0.196894 2.00391 0 0.797425 0 
2 1 0 0.391853 0.391853 97.715 0.149485 0.188594 0.149485 0.188594 2.02538 0 0.796494 0 
2 1 0 0.388808 0.388808 97.715 0.144813 0.180293 0.144813 0.180293 2.04685 0 0.795191 0 
2 1 0 0.385583 0.385583 97.715 0.14025 0.172 0.14025 0.172 2.06837 0 0.793473 0 
2 1 0 0.382157 0.382157 97.715 0.1358 0.163726 0.1358 0.163726 2.08993 0 0.791292 0 
2 1 0 0.378508 0.378508 97.715 0.131471 0.155483 0.131471 0.155483 2.11155 0 0.788596 0 
2 1 0 0.37461 0.37461 97.715 0.127271 0.147287 0.127271 0.147287 2.13324 0 0.785326 0 
2 1 0 0.370435 0.370435 97.715 0.123211 0.139159 0.123211 0.139159 2.15501 0 0.781422 0 
2 1 0 0.365952 0.365952 97.715 0.119302 0.131119 0.119302 0.131119 2.17687 0 0.776821 0 
2 1 0 0.36113 0.36113 97.715 0.115559 0.123198 0.115559 0.123198 2.19879 0 0.771458 0 
2 1 0 0.355939 0.355939 97.715 0.112 0.115428 0.112 0.115428 2.22075 0 0.765276 0 
2 1 0 0.350349 0.350349 97.715 0.108642 0.107846 0.108642 0.107846 2.24271 0 0.758228 0 
2 1 0 0.344338 0.344338 97.715 0.105505 0.100496 0.105505 0.100496 2.26461 0 0.750281 0 
2 1 0 0.33789 0.33789 97.715 0.102607 0.0934229 0.102607 0.0934229 2.28637 0 0.741432 0 
2 1 0 0.331005 0.331005 97.715 0.0999651 0.0866693 0.0999651 0.0866693 2.30787 0 0.731706 0 
2 1 0 0.323692 0.323692 97.715 0.0975913 0.0802746 0.0975913 0.0802746 2.32901 0 0.721163 0 
2 1 0 0.315977 0.315977 97.715 0.0954915 0.0742687 0.0954915 0.0742687 2.34965 0 0.709897 0 
2 1 0 0.307896 0.307896 97.715 0.0936643 0.0686693 0.0936643 0.0686693 2.36971 0 0.698024 0 
2 1 0 0.299491 0.299491 97.715 0.0921014 0.0634808 0.0921014 0.0634808 2.38907 0 0.685678 0 
2 1 0 0.29081 0.29081 97.715 0.0907886 0.058695 0.0907886 0.058695 2.40768 0 0.672991 0 
2 1 0 0.281896 0.281896 97.715 0.0897078 0.0542936 0.0897078 0.0542936 2.4255 0 0.660091 0 
2 1 0 0.27279 0.27279 97.715 0.0888385 0.0502513 0.0888385 0.0502513 2.44251 0 0.64709 0 
2 1 0 0.26353 0.26353 97.715 0.0881597 0.0465388 0.0881597 0.0465388 2.45871 0 0.634082 0 
2 1 0 0.254144 0.254144 97.715 0.087651 0.0431256 0.087651 0.0431256 2.47412 0 0.621145 0 
2 1 0 0.244658 0.244658 97.715 0.0872934 0.0399814 0.0872934 0.0399814 2.48876 0 0.60834 0 
2 1 0 0.235092 0.235092 97.715 0.0870697 0.0370778 0.0870697 0.0370778 2.50268 0 0.595711 0 
2 1 0 0.225461 0.225461 97.715 0.0869644 0.0343885 0.0869644 0.0343885 2.51589 0 0.583295 0 
2 1 0 0.215778 0.215778 97.715 0.0869641 0.0318898 0.0869641 0.0318898 2.52845 0 0.571115 0 
2 1 0 0.206053 0.206053 97.715 0.0870571 0.0295604 0.0870571 0.0295604 2.54038 0 0.559189 0 
2 1 0 0.196295 0.196295 97.715 0.0872329 0.0273818 0.0872329 0.0273818 2.55171 0 0.547528 0 
2 1 0 0.18651 0.18651 97.715 0.0874828 0.0253373 0.0874828 0.0253373 2.56249 0 0.536137 0 
2 1 0 0.176702 0.176702 97.715 0.0877991 0.0234123 0.0877991 0.0234123 2.57274 0 0.52502 0 
2 1 0 0.166875 0.166875 97.715 0.0881752 0.0215941 0.0881752 0.0215941 2.58249 0 0.514175 0 
2 1 0 0.157033 0.157033 97.715 0.0886053 0.0198716 0.0886053 0.0198716 2.59176 0 0.503603 0 
2 1 0 0.147179 0.147179 97.715 0.0890842 0.0182349 0.0890842 0.0182349 2.60059 0 0.4933 0 
2 1 0 0.137315 0.137315 97.715 0.0896078 0.0166753 0.0896078 0.0166753 2.60898 0 0.483261 0 
2 1 0 0.127442 0.127442 97.715 0.0901721 0.0151853 0.0901721 0.0151853 2.61698 0 0.47348 0 
2 1 0 0.117563 0.117563 97.715 0.0907738 0.013758 0.0907738 0.013758 2.62459 0 0.463953 0 
2 1 0 0.107677 0.107677 97.715 0.09141 0.0123874 0.09141 0.0123874 2.63183 0 0.454672 0 
2 1 0 0.097787 0.097787 97.715 0.0920781 0.0110683 0.0920781 0.0110683 2.63873 0 0.445631 0 
2 1 0 0.0878926 0.0878926 97.715 0.0927757 0.00979597 0.0927757 0.00979597 2.6453 0 0.436824 0 
2 1 0 0.077995 0.077995 97.715 0.093501 0.0085661 0.093501 0.0085661 2.65155 0 0.428243 0 
2 1 0 0.0680945 0.0680945 97.715 0.0942519 0.00737495 0.0942519 0.00737495 2.6575 0 0.419883 0 
2 1 0 0.0581917 0.0581917 97.715 0.095027 0.00621912 0.095027 0.00621912 2.66316 0 0.411737 0 
2 1 0 0.048287 0.048287 97.715 0.0958249 0.00509559 0.0958249 0.00509559 2.66855 0 0.403799 0 
2 1 0 0.0383808 0.0383808 97.715 0.0966442 0.00400159 0.0966442 0.00400159 2.67367 0 0.396061 0 
2 1 0 0.0284733 0.0284733 97.715 0.0974837 0.00293465 0.0974837 0.00293465 2.67854 0 0.388519 0 
2 1 0 0.0185649 0.0185649 97.715 0.0983425 0.00189253 0.0983425 0.00189253 2.68317 0 0.381166 0 
2 1 0 0.00865566 0.00865566 97.715 0.0992196 0.000873177 0.0992196 0.000873177 2.68757 0 0.373996 0 
2 1 0 -0.00125411 -0.00125411 97.715 0.100114 -0.000125256 0.100114 -0.000125256 2.69175 0 0.367004 0 
1 1 0 0 0 0 -1 0 -1 0 2.69175 0 0.367004 0 
1 1 0 0.00141321 0.00141321 0 -0.999999 -0.00141521 -0.999999 -0.00141521 0.110992 0 0.368399 0 
1 1 0 0.00282443 0.00282443 0 -0.999996 -0.00283242 -0.999996 -0.00283242 0.111183 0 0.368917 0 
1 1 0 0.00564087 0.00564087 0 -0.999985 -0.00567278 -0.999985 -0.00567278 0.111569 0 0.369951 0 
1 1 0 0.0112498 0.0112498 0 -0.999941 -0.0113771 -0.999941 -0.0113771 0.112362 0 0.372001 0 
1 1 0 0.0182161 0.0182161 0 -0.999843 -0.0185512 -0.999843 -0.0185512 0.113392 0 0.374536 0 
1 1 0 0.0251325 0.0251325 0 -0.999698 -0.0257726 -0.999698 -0.0257726 0.114467 0 0.377036 0 
1 1 0 0.031999 0.031999 0 -0.999502 -0.0330403 -0.999502 -0.0330403 0.115588 0 0.379501 0 
1 1 0 0.0388158 0.0388158 0 -0.999257 -0.0403532 -0.999257 -0.0403532 0.116756 0 0.38193 0 
1 1 0 0.045583 0.045583 0 -0.998961 -0.0477102 -0.998961 -0.0477102 0.117972 0 0.384321 0 
1 1 0 0.0523007 0.0523007 0 -0.998612 -0.05511 -0.998612 -0.05511 0.119239 0 0.386672 0 
1 1 0 0.0589692 0.0589692 0 -0.998209 -0.0625515 -0.998209 -0.0625515 0.120557 0 0.388983 0 
1 1 0 0.0655886 0.0655886 0 -0.997752 -0.0700336 -0.997752 -0.0700336 0.121927 0 0.391251 0 
1 1 0 0.0721593 0.0721593 0 -0.997239 -0.0775549 -0.997239 -0.0775549 0.123353 0 0.393475 0 
1 1 0 0.0786814 0.0786814 0 -0.996669 -0.0851142 -0.996669 -0.0851142 0.124836 0 0.395654 0 
1 1 0 0.0851554 0.0851554 0 -0.996041 -0.0927103 -0.996041 -0.0927103 0.126376 0 0.397786 0 
1 1 0 0.0915815 0.0915815 0 -0.995353 -0.100342 -0.995353 -0.100342 0.127978 0 0.399869 0 
1 1 0 0.0979602 0.0979602 0 -0.994605 -0.108007 -0.994605 -0.108007 0.129642 0 0.401901 0 
1 1 0 0.104292 0.104292 0 -0.993795 -0.115706 -0.993795 -0.115706 0.131371 0 0.403882 0 
1 1 0 0.110576 0.110576 0 -0.992922 -0.123435 -0.992922 -0.123435 0.133167 0 0.405808 0 
1 1 0 0.116815 0.116815 0 -0.991985 -0.131195 -0.991985 -0.131195 0.135034 0 0.407678 0 
1 1 0 0.123008 0.123008 0 -0.990982 -0.138983 -0.990982 -0.138983 0.136973 0 0.409491 0 
1 1 0 0.129155 0.129155 0 -0.989912 -0.146798 -0.989912 -0.146798 0.138988 0 0.411243 0 
1 1 0 0.135257 0.135257 0 -0.988773 -0.154638 -0.988773 -0.154638 0.141081 0 0.412933 0 
1 1 0 0.141315 0.141315 0 -0.987565 -0.162502 -0.987565 -0.162502 0.143256 0 0.41456 0 
1 1 0 0.147329 0.147329 0 -0.986285 -0.170389 -0.986285 -0.170389 0.145517 0 0.416119 0 
1 1 0 0.1533 0.1533 0 -0.984932 -0.178297 -0.984932 -0.178297 0.147867 0 0.41761 0 
1 1 0 0.159227 0.159227 0 -0.983505 -0.186224 -0.983505 -0.186224 0.15031 0 0.41903 0 
1 1 0 0.165113 0.165113 0 -0.982002 -0.194168 -0.982002 -0.194168 0.15285 0 0.420375 0 
1 1 0 0.170956 0.170956 0 -0.980422 -0.202128 -0.980422 -0.202128 0.155493 0 0.421643 0 
1 1 0 0.176758 0.176758 0 -0.978763 -0.210102 -0.978763 -0.210102 0.158242 0 0.422831 0 
1 1 0 0.18252 0.18252 0 -0.977023 -0.218089 -0.977023 -0.218089 0.161104 0 0.423937 0 
1 1 0 0.188241 0.188241 0 -0.9752 -0.226086 -0.9752 -0.226086 0.164083 0 0.424955 0 
1 1 0 0.193923 0.193923 0 -0.973293 -0.234092 -0.973293 -0.234092 0.167187 0 0.425883 0 
1 1 0 0.199565 0.199565 0 -0.971301 -0.242104 -0.971301 -0.242104 0.170421 0 0.426716 0 
1 1 0 0.205169 0.205169 0 -0.96922 -0.250122 -0.96922 -0.250122 0.173793 0 0.42745 0 
1 1 0 0.210735 0.210735 0 -0.96705 -0.258142 -0.96705 -0.258142 0.177311 0 0.42808 0 
1 1 0 0.216264 0.216264 0 -0.964789 -0.266162 -0.964789 -0.266162 0.180984 0 0.428601 0 
1 1 0 0.221755 0.221755 0 -0.962433 -0.274181 -0.962433 -0.274181 0.184821 0 0.429005 0 
1 1 0 0.22721 0.22721 0 -0.959982 -0.282197 -0.959982 -0.282197 0.188833 0 0.429287 0 
1 1 0 0.232629 0.232629 0 -0.957434 -0.290206 -0.957434 -0.290206 0.193031 0 0.429438 0 
1 1 0 0.238012 0.238012 0 -0.954785 -0.298208 -0.954785 -0.298208 0.197428 0 0.42945 0 
1 1 0 0.243359 0.243359 0 -0.952034 -0.306198 -0.952034 -0.306198 0.20204 0 0.429311 0 
1 1 0 0.248672 0.248672 0 -0.94918 -0.314175 -0.94918 -0.314175 0.206883 0 0.42901 0 
1 1 0 0.253951 0.253951 0 -0.946218 -0.322137 -0.946218 -0.322137 0.211976 0 0.428532 0 
1 1 0 0.259195 0.259195 0 -0.943148 -0.330079 -0.943148 -0.330079 0.217342 0 0.42786 0 
1 1 0 0.264405 0.264405 0 -0.939967 -0.338 -0.939967 -0.338 0.223007 0 0.426973 0 
1 1 0 0.269582 0.269582 0 -0.936672 -0.345897 -0.936672 -0.345897 0.229001 0 0.425846 0 
1 1 0 0.274725 0.274725 0 -0.93326 -0.353767 -0.93326 -0.353767 0.235364 0 0.424447 0 
1 1 0 0.279834 0.279834 0 -0.92973 -0.361606 -0.92973 -0.361606 0.242142 0 0.422735 0 
1 1 0 0.284911 0.284911 0 -0.926079 -0.369411 -0.926079 -0.369411 0.249395 0 0.420656 0 
1 1 0 0.289954 0.289954 0 -0.922304 -0.377178 -0.922304 -0.377178 0.257203 0 0.418138 0 
1 1 0 0.294963 0.294963 0 -0.918403 -0.384905 -0.918403 -0.384905 0.265674 0 0.415081 0 
1 1 0 0.299939 0.299939 0 -0.914373 -0.392587 -0.914373 -0.392587 0.274967 0 0.411332 0 
1 1 0 0.304882 0.304882 0 -0.91021 -0.40022 -0.91021 -0.40022 0.285332 0 0.406651 0 
1 1 0 0.30979 0.30979 0 -0.905914 -0.407801 -0.905914 -0.407801 0.29721 0 0.400604 0 
1 1 0 0.314665 0.314665 0 -0.901481 -0.415325 -0.901481 -0.415325 0.311555 0 0.392245 0 
1 1 0 0.319504 0.319504 0 -0.896908 -0.422788 -0.896908 -0.422788 0.331629 0 0.378323 0 
1 1 0 0.324308 0.324308 93.9548 -0.892192 -0.430185 -0.892192 -0.430185 0.35814 0.0239862 0.35814 -0.0239862 
1 1 0 0.329076 0.329076 54.7804 -0.887332 -0.437511 -0.887332 -0.437511 0.361395 0.0416339 0.361395 -0.0416339 
1 1 0 0.333808 0.333808 42.6568 -0.882325 -0.444761 -0.882325 -0.444761 0.364748 0.054118 0.364748 -0.054118 
1 1 0 0.338502 0.338502 36.2286 -0.877168 -0.45193 -0.877168 -0.45193 0.368204 0.0645062 0.368204 -0.0645062 
1 1 0 0.343158 0.343158 32.1111 -0.871859 -0.459013 -0.871859 -0.459013 0.371768 0.0736867 0.371768 -0.0736867 
1 1 0 0.347774 0.347774 29.1987 -0.866395 -0.466004 -0.866395 -0.466004 0.375445 0.0820615 0.375445 -0.0820615 
1 1 0 0.352349 0.352349 27.0088 -0.860775 -0.472898 -0.860775 -0.472898 0.379242 0.0898515 0.379242 -0.0898515 
1 1 0 0.356883 0.356883 25.2929 -0.854997 -0.479687 -0.854997 -0.479687 0.383164 0.097192 0.383164 -0.097192 
1 1 0 0.361373 0.361373 23.9081 -0.849058 -0.486366 -0.849058 -0.486366 0.387217 0.104172 0.387217 -0.104172 
1 1 0 0.365818 0.365818 22.766 -0.842958 -0.492929 -0.842958 -0.492929 0.391407 0.110854 0.391407 -0.110854 
1 1 0 0.370217 0.370217 21.8083 -0.836695 -0.499369 -0.836695 -0.499369 0.395741 0.11728 0.395741 -0.11728 
1 1 0 0.374567 0.374567 20.9949 -0.830267 -0.505678 -0.830267 -0.505678 0.400224 0.123484 0.400224 -0.123484 
1 1 0 0.378867 0.378867 20.2976 -0.823675 -0.511851 -0.823675 -0.511851 0.404862 0.129489 0.404862 -0.129489 
1 1 0 0.383115 0.383115 19.6952 -0.816918 -0.51788 -0.816918 -0.51788 0.409662 0.135313 0.409662 -0.135313 
1 1 0 0.387308 0.387308 19.1721 -0.809996 -0.523758 -0.809996 -0.523758 0.414629 0.140968 0.414629 -0.140968 
1 1 0 0.391444 0.391444 18.7163 -0.802909 -0.529478 -0.802909 -0.529478 0.419769 0.146464 0.419769 -0.146464 
1 1 0 0.395522 0.395522 18.3183 -0.795658 -0.535033 -0.795658 -0.535033 0.425089 0.151806 0.425089 -0.151806 
1 1 0 0.399539 0.399539 17.9707 -0.788244 -0.540414 -0.788244 -0.540414 0.430594 0.157001 0.430594 -0.157001 
1 1 0 0.40349 0.40349 17.6677 -0.780671 -0.545614 -0.780671 -0.545614 0.436287 0.162047 0.436287 -0.162047 
1 1 0 0.407376 0.407376 17.4044 -0.772939 -0.550626 -0.772939 -0.550626 0.442175 0.166947 0.442175 -0.166947 
1 1 0 0.411193 0.411193 17.1767 -0.765051 -0.555444 -0.765051 -0.555444 0.448262 0.1717 0.448262 -0.1717 
1 1 0 0.414939 0.414939 16.9816 -0.75701 -0.56006 -0.75701 -0.56006 0.454554 0.176305 0.454554 -0.176305 
1 1 0 0.418611 0.418611 16.8163 -0.74882 -0.564469 -0.74882 -0.564469 0.461053 0.180758 0.461053 -0.180758 
1 1 0 0.422207 0.422207 16.6786 -0.740485 -0.568663 -0.740485 -0.568663 0.467764 0.185055 0.467764 -0.185055 
1 1 0 0.425725 0.425725 16.5667 -0.732009 -0.572636 -0.732009 -0.572636 0.474689 0.189193 0.474689 -0.189193 
1 1 0 0.429162 0.429162 16.4792 -0.723398 -0.576382 -0.723398 -0.576382 0.481831 0.193165 0.481831 -0.193165 
1 1 0 0.432516 0.432516 16.4148 -0.714657 -0.579897 -0.714657 -0.579897 0.489192 0.196966 0.489192 -0.196966 
1 1 0 0.435785 0.435785 16.3724 -0.705793 -0.583174 -0.705793 -0.583174 0.496773 0.20059 0.496773 -0.20059 
1 1 0 0.438967 0.438967 16.3513 -0.696812 -0.586209 -0.696812 -0.586209 0.504574 0.20403 0.504574 -0.20403 
1 1 0 0.44206 0.44206 16.3509 -0.68772 -0.588999 -0.68772 -0.588999 0.512595 0.20728 0.512595 -0.20728 
1 1 0 0.445062 0.445062 16.3707 -0.678526 -0.591539 -0.678526 -0.591539 0.520837 0.210331 0.520837 -0.210331 
1 1 0 0.447973 0.447973 16.4104 -0.669237 -0.593827 -0.669237 -0.593827 0.529298 0.213177 0.529298 -0.213177 
1 1 0 0.45079 0.45079 16.4697 -0.65986 -0.59586 -0.65986 -0.59586 0.537976 0.21581 0.537976 -0.21581 
1 1 0 0.453513 0.453513 16.5487 -0.650403 -0.597636 -0.650403 -0.597636 0.546868 0.218222 0.546868 -0.218222 
1 1 0 0.456141 0.456141 16.6475 -0.640875 -0.599155 -0.640875 -0.599155 0.555972 0.220405 0.555972 -0.220405 
1 1 0 0.458674 0.458674 16.7661 -0.631283 -0.600414 -0.631283 -0.600414 0.565285 0.222351 0.565285 -0.222351 
1 1 0 0.46111 0.46111 16.9051 -0.621636 -0.601414 -0.621636 -0.601414 0.574802 0.224052 0.574802 -0.224052 
1 1 0 0.463451 0.463451 17.0648 -0.611942 -0.602156 -0.611942 -0.602156 0.584518 0.225501 0.584518 -0.225501 
1 1 0 0.465695 0.465695 17.2458 -0.602209 -0.602639 -0.602209 -0.602639 0.594429 0.226689 0.594429 -0.226689 
1 1 0 0.467843 0.467843 17.4491 -0.592445 -0.602866 -0.592445 -0.602866 0.60453 0.227607 0.60453 -0.227607 
1 1 0 0.469896 0.469896 17.6754 -0.582658 -0.602838 -0.582658 -0.602838 0.614814 0.228248 0.614814 -0.228248 
1 1 0 0.471854 0.471854 17.9261 -0.572856 -0.602557 -0.572856 -0.602557 0.625277 0.228602 0.625277 -0.228602 
1 1 0 0.473718 0.473718 18.2024 -0.563046 -0.602026 -0.563046 -0.602026 0.63591 0.228662 0.63591 -0.228662 
1 1 0 0.47549 0.47549 18.5059 -0.553235 -0.601248 -0.553235 -0.601248 0.646708 0.228417 0.646708 -0.228417 
1 1 0 0.477169 0.477169 18.8387 -0.54343 -0.600226 -0.54343 -0.600226 0.657665 0.22786 0.657665 -0.22786 
1 1 0 0.478759 0.478759 19.203 -0.533638 -0.598964 -0.533638 -0.598964 0.668773 0.22698 0.668773 -0.22698 
1 1 0 0.48026 0.48026 19.6014 -0.523865 -0.597465 -0.523865 -0.597465 0.680025 0.225766 0.680025 -0.225766 
1 1 0 0.481673 0.481673 20.0372 -0.514118 -0.595734 -0.514118 -0.595734 0.691414 0.224208 0.691414 -0.224208 
1 1 0 0.483001 0.483001 20.514 -0.504403 -0.593774 -0.504403 -0.593774 0.702932 0.222294 0.702932 -0.222294 
1 1 0 0.484245 0.484245 21.0364 -0.494723 -0.591591 -0.494723 -0.591591 0.714574 0.220011 0.714574 -0.220011 
1 1 0 0.485407 0.485407 21.6098 -0.485086 -0.589188 -0.485086 -0.589188 0.726331 0.217345 0.726331 -0.217345 
1 1 0 0.486489 0.486489 22.2406 -0.475496 -0.586571 -0.475496 -0.586571 0.738196 0.214279 0.738196 -0.214279 
1 1 0 0.487493 0.487493 22.9367 -0.465956 -0.583744 -0.465956 -0.583744 0.750163 0.210796 0.750163 -0.210796 
1 1 0 0.488421 0.488421 23.7079 -0.456472 -0.580711 -0.456472 -0.580711 0.762223 0.206874 0.762223 -0.206874 
1 1 0 0.489275 0.489275 24.5664 -0.447048 -0.577479 -0.447048 -0.577479 0.77437 0.20249 0.77437 -0.20249 
1 1 0 0.490058 0.490058 25.5275 -0.437686 -0.574051 -0.437686 -0.574051 0.786598 0.197615 0.786598 -0.197615 
1 1 0 0.490771 0.490771 26.6109 -0.428391 -0.570433 -0.428391 -0.570433 0.798898 0.192215 0.798898 -0.192215 
1 1 0 0.491416 0.491416 27.8424 -0.419166 -0.566629 -0.419166 -0.566629 0.811266 0.186251 0.811266 -0.186251 
1 1 0 0.491996 0.491996 29.2563 -0.410012 -0.562644 -0.410012 -0.562644 0.823693 0.17967 0.823693 -0.17967 
1 1 0 0.492514 0.492514 30.8999 -0.400934 -0.558483 -0.400934 -0.558483 0.836174 0.172411 0.836174 -0.172411 
1 1 0 0.49297 0.49297 32.8399 -0.391932 -0.554151 -0.391932 -0.554151 0.848702 0.164391 0.848702 -0.164391 
1 1 0 0.493368 0.493368 35.1747 -0.38301 -0.549653 -0.38301 -0.549653 0.861271 0.155504 0.861271 -0.155504 
1 1 0 0.493709 0.493709 38.0564 -0.374169 -0.544992 -0.374169 -0.544992 0.873876 0.145604 0.873876 -0.145604 
1 1 0 0.493996 0.493996 41.7352 -0.365411 -0.540174 -0.365411 -0.540174 0.88651 0.134481 0.88651 -0.134481 
1 1 0 0.494231 0.494231 46.6605 -0.356737 -0.535203 -0.356737 -0.535203 0.899168 0.121817 0.899168 -0.121817 
1 1 0 0.494415 0.494415 53.7471 -0.348148 -0.530083 -0.348148 -0.530083 0.911846 0.107086 0.911846 -0.107086 
1 1 0 0.494552 0.494552 65.2533 -0.339645 -0.524818 -0.339645 -0.524818 0.924537 0.0892991 0.924537 -0.0892991 
1 1 0 0.494643 0.494643 89.276 -0.33123 -0.519414 -0.33123 -0.519414 0.937236 0.0660712 0.937236 -0.0660712 
1 1 0 0.49469 0.49469 234.915 -0.322904 -0.513873 -0.322904 -0.513873 0.949938 0.0254136 0.949938 -0.0254136 
2 1 0 0.494698 0.494698 234.915 -0.317626 -0.510261 -0.317626 -0.510261 1.00034 0 0.915774 0 
2 1 0 0.494678 0.494678 234.915 -0.309447 -0.504507 -0.309447 -0.504507 1.0461 0 0.895412 0 
2 1 0 0.49462 0.49462 234.915 -0.301357 -0.498627 -0.301357 -0.498627 1.08173 0 0.885153 0 
2 1 0 0.494525 0.494525 234.915 -0.293358 -0.492625 -0.293358 -0.492625 1.1133 0 0.878922 0 
2 1 0 0.494396 0.494396 234.915 -0.285449 -0.486505 -0.285449 -0.486505 1.14252 0 0.875015 0 
2 1 0 0.494235 0.494235 234.915 -0.27763 -0.480271 -0.27763 -0.480271 1.17014 0 0.872666 0 
2 1 0 0.494044 0.494044 234.915 -0.269902 -0.473925 -0.269902 -0.473925 1.19656 0 0.871456 0 
2 1 0 0.493824 0.493824 234.915 -0.262265 -0.467472 -0.262265 -0.467472 1.22205 0 0.871124 0 
2 1 0 0.493578 0.493578 234.915 -0.254718 -0.460914 -0.254718 -0.460914 1.24676 0 0.871501 0 
2 1 0 0.493308 0.493308 234.915 -0.247261 -0.454255 -0.247261 -0.454255 1.27081 0 0.872465 0 
2 1 0 0.493016 0.493016 234.915 -0.239894 -0.447498 -0.239894 -0.447498 1.29428 0 0.873929 0 
2 1 0 0.492703 0.492703 234.915 -0.232616 -0.440646 -0.232616 -0.440646 1.31723 0 0.875829 0 
2 1 0 0.492372 0.492372 234.915 -0.225427 -0.433702 -0.225427 -0.433702 1.33971 0 0.878113 0 
2 1 0 0.492024 0.492024 234.915 -0.218327 -0.426668 -0.218327 -0.426668 1.36174 0 0.880742 0 
2 1 0 0.491663 0.491663 234.915 -0.211314 -0.419547 -0.211314 -0.419547 1.38335 0 0.883686 0 
2 1 0 0.491289 0.491289 234.915 -0.204389 -0.412341 -0.204389 -0.412341 1.40457 0 0.886921 0 
2 1 0 0.490906 0.490906 234.915 -0.19755 -0.405054 -0.19755 -0.405054 1.4254 0 0.890427 0 
2 1 0 0.490514 0.490514 234.915 -0.190797 -0.397688 -0.190797 -0.397688 1.44586 0 0.89419 0 
2 1 0 0.490117 0.490117 234.915 -0.18413 -0.390245 -0.18413 -0.390245 1.46594 0 0.898198 0 
2 1 0 0.489717 0.489717 234.915 -0.177547 -0.382727 -0.177547 -0.382727 1.48567 0 0.902442 0 
2 1 0 0.489315 0.489315 234.915 -0.171049 -0.375136 -0.171049 -0.375136 1.50504 0 0.906917 0 
2 1 0 0.488916 0.488916 234.915 -0.164633 -0.367475 -0.164633 -0.367475 1.52404 0 0.911618 0 
2 1 0 0.48852 0.48852 234.915 -0.1583 -0.359745 -0.1583 -0.359745 1.54269 0 0.916545 0 
2 1 0 0.488131 0.488131 234.915 -0.152048 -0.351949 -0.152048 -0.351949 1.56096 0 0.921698 0 
2 1 0 0.487753 0.487753 234.915 -0.145878 -0.344089 -0.145878 -0.344089 1.57886 0 0.92708 0 
2 1 0 0.487387 0.487387 234.915 -0.139787 -0.336165 -0.139787 -0.336165 1.59638 0 0.932695 0 
2 1 0 0.487037 0.487037 234.915 -0.133776 -0.32818 -0.133776 -0.32818 1.61351 0 0.938551 0 
2 1 0 0.486707 0.486707 234.915 -0.127844 -0.320136 -0.127844 -0.320136 1.63023 0 0.944658 0 
2 1 0 0.486401 0.486401 234.915 -0.12199 -0.312034 -0.12199 -0.312034 1.64654 0 0.951026 0 
2 1 0 0.486122 0.486122 234.915 -0.116213 -0.303876 -0.116213 -0.303876 1.66241 0 0.95767 0 
2 1 0 0.485876 0.485876 234.915 -0.110513 -0.295662 -0.110513 -0.295662 1.67782 0 0.96461 0 
2 1 0 0.485666 0.485666 234.915 -0.104889 -0.287396 -0.104889 -0.287396 1.69275 0 0.971864 0 
2 1 0 0.4855 0.4855 234.915 -0.0993411 -0.279077 -0.0993411 -0.279077 1.70717 0 0.979461 0 
2 1 0 0.485382 0.485382 234.915 -0.0938683 -0.270707 -0.0938683 -0.270707 1.72105 0 0.987429 0 
2 1 0 0.48532 0.48532 234.915 -0.0884706 -0.262289 -0.0884706 -0.262289 1.73435 0 0.995806 0 
2 1 0 0.485313 0.485313 234.915 -0.0858969 -0.258216 -0.0858969 -0.258216 1.74053 0 1 0 
2 1 0 0.485348 0.485348 234.915 -0.0806103 -0.249728 -0.0806103 -0.249728 1.75287 0 1.00906 0 
2 1 0 0.48546 0.48546 234.915 -0.0753984 -0.241193 -0.0753984 -0.241193 1.76449 0 1.01866 0 
2 1 0 0.485659 0.485659 234.915 -0.0702615 -0.232615 -0.0702615 -0.232615 1.77533 0 1.02886 0 
2 1 0 0.485958 0.485958 234.915 -0.0652004 -0.223994 -0.0652004 -0.223994 1.78528 0 1.03974 0 
2 1 0 0.486371 0.486371 234.915 -0.0602159 -0.215334 -0.0602159 -0.215334 1.79425 0 1.05141 0 
2 1 0 0.486913 0.486913 234.915 -0.0553094 -0.206636 -0.0553094 -0.206636 1.80209 0 1.06399 0 
2 1 0 0.487603 0.487603 234.915 -0.0504826 -0.197903 -0.0504826 -0.197903 1.80865 0 1.07764 0 
2 1 0 0.488465 0.488465 234.915 -0.0457393 -0.189142 -0.0457393 -0.189142 1.8137 0 1.09255 0 
2 1 0 0.489522 0.489522 234.915 -0.0410821 -0.180356 -0.0410821 -0.180356 1.81698 0 1.10898 0 
2 1 0 0.490807 0.490807 234.915 -0.0365161 -0.171553 -0.0365161 -0.171553 1.81813 0 1.12726 0 
2 1 0 0.492354 0.492354 234.915 -0.0320478 -0.162741 -0.0320478 -0.162741 1.81668 0 1.14784 0 
2 1 0 0.494206 0.494206 234.915 -0.0276858 -0.153935 -0.0276858 -0.153935 1.81197 0 1.17133 0 
2 1 0 0.49641 0.49641 234.915 -0.0234417 -0.145153 -0.0234417 -0.145153 1.80308 0 1.19861 0 
2 1 0 0.499023 0.499023 234.915 -0.0193304 -0.13642 -0.0193304 -0.13642 1.7886 0 1.23102 0 
2 1 0 0.502106 0.502106 234.915 -0.0153712 -0.12777 -0.0153712 -0.12777 1.7662 0 1.2708 0 
2 1 0 0.505722 0.505722 234.915 -0.0115885 -0.119249 -0.0115885 -0.119249 1.73137 0 1.32236 0 
2 1 0 0.509937 0.509937 234.915 -0.00801141 -0.110916 -0.00801141 -0.110916 1.67153 0 1.39812 0 
2 1 0 0.514804 0.514804 105.535 -0.00467284 -0.102843 -0.00467284 -0.102843 1.54232 0.0919335 1.54232 -0.0919335 
2 1 0 0.520355 0.520355 48.9909 -0.00160639 -0.0951106 -0.00160639 -0.0951106 1.54927 0.199793 1.54927 -0.199793 
2 1 0 0.526594 0.526594 35.8498 0.00115855 -0.0878011 0.00115855 -0.0878011 1.55558 0.275464 1.55558 -0.275464 
2 1 0 0.533489 0.533489 29.2128 0.00360255 -0.0809833 0.00360255 -0.0809833 1.56122 0.341068 1.56122 -0.341068 
2 1 0 0.540977 0.540977 25.0474 0.00572019 -0.0747027 0.00572019 -0.0747027 1.56615 0.401326 1.56615 -0.401326 
2 1 0 0.548975 0.548975 22.1415 0.00752095 -0.0689753 0.00752095 -0.0689753 1.57039 0.457997 1.57039 -0.457997 
2 1 0 0.557391 0.557391 19.9822 0.00902634 -0.063789 0.00902634 -0.063789 1.57397 0.5119 1.57397 -0.5119 
2 1 0 0.566142 0.566142 18.3079 0.0102654 -0.0591106 0.0102654 -0.0591106 1.57694 0.563497 1.57694 -0.563497 
2 1 0 0.575154 0.575154 16.9684 0.0112698 -0.0548952 0.0112698 -0.0548952 1.57936 0.6131 1.57936 -0.6131 
2 1 0 0.584369 0.584369 15.8702 0.0120709 -0.0510932 0.0120709 -0.0510932 1.5813 0.660957 1.5813 -0.660957 
2 1 0 0.593738 0.593738 14.9518 0.0126973 -0.0476556 0.0126973 -0.0476556 1.58282 0.70728 1.58282 -0.70728 
2 1 0 0.603228 0.603228 14.171 0.0131744 -0.0445371 0.0131744 -0.0445371 1.58396 0.752254 1.58396 -0.752254 
2 1 0 0.612809 0.612809 13.4979 0.0135239 -0.0416971 0.0135239 -0.0416971 1.58476 0.796044 1.58476 -0.796044 
2 1 0 0.622463 0.622463 12.9106 0.0137643 -0.0391 0.0137643 -0.0391 1.58527 0.838795 1.58527 -0.838795 
2 1 0 0.632174 0.632174 12.3928 0.0139113 -0.0367154 0.0139113 -0.0367154 1.58551 0.880638 1.58551 -0.880638 
2 1 0 0.641929 0.641929 11.9323 0.0139778 -0.0345169 0.0139778 -0.0345169 1.58551 0.921686 1.58551 -0.921686 
2 1 0 0.65172 0.65172 11.5193 0.013975 -0.0324821 0.013975 -0.0324821 1.58528 0.962041 1.58528 -0.962041 
2 1 0 0.661539 0.661539 11.1464 0.0139121 -0.0305917 0.0139121 -0.0305917 1.58484 1.00179 1.58484 -1.00179 
2 1 0 0.671382 0.671382 10.8077 0.013797 -0.0288293 0.013797 -0.0288293 1.58421 1.04102 1.58421 -1.04102 
2 1 0 0.681244 0.681244 10.4981 0.0136363 -0.0271808 0.0136363 -0.0271808 1.5834 1.07979 1.5834 -1.07979 
2 1 0 0.691122 0.691122 10.2139 0.0134356 -0.0256338 0.0134356 -0.0256338 1.5824 1.11817 1.5824 -1.11817 
2 1 0 0.701013 0.701013 9.95179 0.0131999 -0.024178 0.0131999 -0.024178 1.58124 1.15621 1.58124 -1.15621 
2 1 0 0.710915 0.710915 9.70903 0.0129334 -0.0228043 0.0129334 -0.0228043 1.57991 1.19396 1.57991 -1.19396 
2 1 0 0.720826 0.720826 9.48339 0.0126396 -0.0215047 0.0126396 -0.0215047 1.57843 1.23148 1.57843 -1.23148 
2 1 0 0.730745 0.730745 9.27294 0.0123217 -0.0202722 0.0123217 -0.0202722 1.57678 1.26879 1.57678 -1.26879 
2 1 0 0.740671 0.740671 9.07606 0.0119824 -0.0191008 0.0119824 -0.0191008 1.57498 1.30594 1.57498 -1.30594 
2 1 0 0.750602 0.750602 8.89135 0.0116241 -0.017985 0.0116241 -0.017985 1.57302 1.34295 1.57302 -1.34295 
2 1 0 0.760538 0.760538 8.7176 0.0112489 -0.0169201 0.0112489 -0.0169201 1.5709 1.37987 1.5709 -1.37987 
2 1 0 0.770479 0.770479 8.55377 0.0108587 -0.015902 0.0108587 -0.015902 1.56863 1.41671 1.56863 -1.41671 
2 1 0 0.780423 0.780423 8.39894 0.010455 -0.0149268 0.010455 -0.0149268 1.56621 1.4535 1.56621 -1.4535 
2 1 0 0.790371 0.790371 8.25232 0.0100394 -0.0139912 0.0100394 -0.0139912 1.56362 1.49027 1.56362 -1.49027 
2 1 0 0.800321 0.800321 8.1132 0.00961314 -0.0130923 0.00961314 -0.0130923 1.56088 1.52704 1.56088 -1.52704 
2 1 0 0.810274 0.810274 7.98097 0.00917735 -0.0122273 0.00917735 -0.0122273 1.55798 1.56383 1.55798 -1.56383 
2 1 0 0.820229 0.820229 7.85506 0.00873307 -0.0113938 0.00873307 -0.0113938 1.55492 1.60066 1.55492 -1.60066 
2 1 0 0.830187 0.830187 7.73498 0.00828124 -0.0105897 0.00828124 -0.0105897 1.5517 1.63754 1.5517 -1.63754 
2 1 0 0.840146 0.840146 7.6203 0.00782267 -0.00981291 0.00782267 -0.00981291 1.54831 1.67449 1.54831 -1.67449 
2 1 0 0.850107 0.850107 7.51062 0.00735814 -0.00906169 0.00735814 -0.00906169 1.54474 1.71153 1.54474 -1.71153 
2 1 0 0.86007 0.86007 7.40559 0.00688831 -0.0083344 0.00688831 -0.0083344 1.54101 1.74867 1.54101 -1.74867 
2 1 0 0.870033 0.870033 7.30487 0.0064138 -0.00762956 0.0064138 -0.00762956 1.53711 1.78593 1.53711 -1.78593 
2 1 0 0.879999 0.879999 7.20819 0.00593517 -0.00694579 0.00593517 -0.00694579 1.53302 1.82331 1.53302 -1.82331 
2 1 0 0.889965 0.889965 7.11527 0.00545293 -0.00628187 0.00545293 -0.00628187 1.52876 1.86084 1.52876 -1.86084 
2 1 0 0.899932 0.899932 7.02587 0.00496753 -0.00563664 0.00496753 -0.00563664 1.52431 1.89852 1.52431 -1.89852 
2 1 0 0.909901 0.909901 6.93979 0.0044794 -0.00500906 0.0044794 -0.00500906 1.51968 1.93636 1.51968 -1.93636 
2 1 0 0.91987 0.91987 6.8568 0.00398893 -0.00439817 0.00398893 -0.00439817 1.51485 1.97438 1.51485 -1.97438 
2 1 0 0.92984 0.92984 6.77674 0.00349646 -0.00380307 0.00349646 -0.00380307 1.50983 2.01258 1.50983 -2.01258 
2 1 0 0.939811 0.939811 6.69943 0.00300233 -0.00322293 0.00300233 -0.00322293 1.50462 2.05098 1.50462 -2.05098 
2 1 0 0.949783 0.949783 6.62471 0.00250682 -0.00265701 0.00250682 -0.00265701 1.4992 2.08958 1.4992 -2.08958 
2 1 0 0.959755 0.959755 6.55245 0.00201021 -0.00210458 0.00201021 -0.00210458 1.49357 2.1284 1.49357 -2.1284 
2 1 0 0.969728 0.969728 6.4825 0.00151275 -0.00156501 0.00151275 -0.00156501 1.48774 2.16743 1.48774 -2.16743 
2 1 0 0.979702 0.979702 6.41475 0.00101466 -0.00103767 0.00101466 -0.00103767 1.48169 2.2067 1.48169 -2.2067 
2 1 0 0.989676 0.989676 6.34908 0.000516167 -0.000521995 0.000516167 -0.000521995 1.47542 2.24621 1.47542 -2.24621 
2 1 0 0.999651 0.999651 6.28538 1.74588e-05 -1.74652e-05 1.74588e-05 -1.74652e-05 1.46893 2.28596 1.46893 -2.28596 
2 1 0 1.00963 1.00963 6.22356 -0.000481288 0.000477062 -0.000481288 0.000477062 1.45921 2.3212 1.45921 -2.3212 
