1 1 0 0 0 0 2.5 0 2.5 0 2.42559 0 0.412187 0 
1 1 0 0.000737418 0.000737418 0 2.49975 0.00184268 2.49975 0.00184268 1.33414e-05 0 0.367744 0 
1 1 0 0.00147536 0.00147536 0 2.49951 0.00368496 2.49951 0.00368496 1.36839e-05 0 0.367608 0 
1 1 0 0.00295283 0.00295283 0 2.49901 0.00736829 2.49901 0.00736829 1.43948e-05 0 0.367337 0 
1 1 0 0.0059141 0.0059141 0 2.49799 0.01473 2.49799 0.01473 1.59264e-05 0 0.366796 0 
1 1 0 0.00962755 0.00962755 0 2.49668 0.0239225 2.49668 0.0239225 1.80655e-05 0 0.36612 0 
1 1 0 0.0133542 0.0133542 0 2.49533 0.0331041 2.49533 0.0331041 2.04838e-05 0 0.365444 0 
1 1 0 0.017094 0.017094 0 2.49395 0.0422742 2.49395 0.0422742 2.32165e-05 0 0.364769 0 
1 1 0 0.0208469 0.0208469 0 2.49252 0.0514326 2.49252 0.0514326 2.63028e-05 0 0.364093 0 
1 1 0 0.024613 0.024613 0 2.49105 0.0605789 2.49105 0.0605789 2.97871e-05 0 0.363417 0 
1 1 0 0.0283922 0.0283922 0 2.48953 0.0697124 2.48953 0.0697124 3.37187e-05 0 0.36274 0 
1 1 0 0.0321845 0.0321845 0 2.48797 0.0788328 2.48797 0.0788328 3.8153e-05 0 0.362063 0 
1 1 0 0.0359899 0.0359899 0 2.48636 0.0879396 2.48636 0.0879396 4.31517e-05 0 0.361384 0 
1 1 0 0.0398083 0.0398083 0 2.4847 0.0970323 2.4847 0.0970323 4.87839e-05 0 0.360704 0 
1 1 0 0.0436397 0.0436397 0 2.483 0.10611 2.483 0.10611 5.51266e-05 0 0.360023 0 
1 1 0 0.0474841 0.0474841 0 2.48124 0.115173 2.48124 0.115173 6.22659e-05 0 0.359339 0 
1 1 0 0.0513413 0.0513413 0 2.47942 0.124219 2.47942 0.124219 7.02974e-05 0 0.358654 0 
1 1 0 0.0552113 0.0552113 0 2.47756 0.133249 2.47756 0.133249 7.9328e-05 0 0.357967 0 
1 1 0 0.059094 0.059094 0 2.47563 0.142262 2.47563 0.142262 8.94764e-05 0 0.357277 0 
1 1 0 0.0629893 0.0629893 0 2.47365 0.151257 2.47365 0.151257 0.000100875 0 0.356585 0 
1 1 0 0.0668971 0.0668971 0 2.47161 0.160233 2.47161 0.160233 0.000113669 0 0.355891 0 
1 1 0 0.0708173 0.0708173 0 2.46951 0.169189 2.46951 0.169189 0.000128023 0 0.355193 0 
1 1 0 0.0747496 0.0747496 0 2.46734 0.178125 2.46734 0.178125 0.000144116 0 0.354493 0 
1 1 0 0.078694 0.078694 0 2.46511 0.187039 2.46511 0.187039 0.000162149 0 0.353791 0 
1 1 0 0.0826502 0.0826502 0 2.46281 0.195931 2.46281 0.195931 0.000182342 0 0.353085 0 
1 1 0 0.086618 0.086618 0 2.46044 0.2048 2.46044 0.2048 0.000204941 0 0.352376 0 
1 1 0 0.0905972 0.0905972 0 2.458 0.213644 2.458 0.213644 0.000230215 0 0.351664 0 
1 1 0 0.0945875 0.0945875 0 2.45549 0.222463 2.45549 0.222463 0.000258461 0 0.35095 0 
1 1 0 0.0985887 0.0985887 0 2.4529 0.231255 2.4529 0.231255 0.000290008 0 0.350232 0 
1 1 0 0.1026 0.1026 0 2.45024 0.240019 2.45024 0.240019 0.000325217 0 0.349511 0 
1 1 0 0.106622 0.106622 0 2.44749 0.248753 2.44749 0.248753 0.000364484 0 0.348787 0 
1 1 0 0.110653 0.110653 0 2.44466 0.257457 2.44466 0.257457 0.000408244 0 0.348061 0 
1 1 0 0.114694 0.114694 0 2.44175 0.266129 2.44175 0.266129 0.000456973 0 0.347331 0 
1 1 0 0.118744 0.118744 0 2.43876 0.274768 2.43876 0.274768 0.000511193 0 0.346599 0 
1 1 0 0.122802 0.122802 0 2.43567 0.283372 2.43567 0.283372 0.000571473 0 0.345865 0 
1 1 0 0.126867 0.126867 0 2.43249 0.291938 2.43249 0.291938 0.000638434 0 0.345128 0 
1 1 0 0.13094 0.13094 0 2.42922 0.300467 2.42922 0.300467 0.000712752 0 0.344389 0 
1 1 0 0.135019 0.135019 0 2.42586 0.308955 2.42586 0.308955 0.00079516 0 0.343649 0 
1 1 0 0.139104 0.139104 0 2.4224 0.317402 2.4224 0.317402 0.000886456 0 0.342906 0 
1 1 0 0.143194 0.143194 0 2.41884 0.325805 2.41884 0.325805 0.000987501 0 0.342162 0 
1 1 0 0.147289 0.147289 0 2.41518 0.334161 2.41518 0.334161 0.00109923 0 0.341418 0 
1 1 0 0.151386 0.151386 0 2.41141 0.342471 2.41141 0.342471 0.00122263 0 0.340672 0 
1 1 0 0.155487 0.155487 0 2.40754 0.35073 2.40754 0.35073 0.0013588 0 0.339926 0 
1 1 0 0.159589 0.159589 0 2.40356 0.358937 2.40356 0.358937 0.00150889 0 0.33918 0 
1 1 0 0.163691 0.163691 0 2.39947 0.36709 2.39947 0.36709 0.00167414 0 0.338434 0 
1 1 0 0.167793 0.167793 0 2.39527 0.375187 2.39527 0.375187 0.00185587 0 0.337689 0 
1 1 0 0.171893 0.171893 0 2.39096 0.383225 2.39096 0.383225 0.00205549 0 0.336945 0 
1 1 0 0.17599 0.17599 0 2.38654 0.391203 2.38654 0.391203 0.00227449 0 0.336203 0 
1 1 0 0.180084 0.180084 0 2.38199 0.399116 2.38199 0.399116 0.00251445 0 0.335464 0 
1 1 0 0.184172 0.184172 0 2.37733 0.406965 2.37733 0.406965 0.00277705 0 0.334726 0 
1 1 0 0.188254 0.188254 0 2.37256 0.414745 2.37256 0.414745 0.00306404 0 0.333992 0 
1 1 0 0.192327 0.192327 0 2.36766 0.422455 2.36766 0.422455 0.00337726 0 0.333262 0 
1 1 0 0.196391 0.196391 0 2.36264 0.430092 2.36264 0.430092 0.00371864 0 0.332536 0 
1 1 0 0.200445 0.200445 0 2.3575 0.437654 2.3575 0.437654 0.00409019 0 0.331814 0 
1 1 0 0.204486 0.204486 0 2.35224 0.445138 2.35224 0.445138 0.00449399 0 0.331098 0 
1 1 0 0.208514 0.208514 0 2.34686 0.452543 2.34686 0.452543 0.0049322 0 0.330387 0 
1 1 0 0.212527 0.212527 0 2.34136 0.459866 2.34136 0.459866 0.00540703 0 0.329683 0 
1 1 0 0.216523 0.216523 0 2.33573 0.467106 2.33573 0.467106 0.00592078 0 0.328986 0 
1 1 0 0.220501 0.220501 0 2.32998 0.474259 2.32998 0.474259 0.00647577 0 0.328296 0 
1 1 0 0.224459 0.224459 0 2.32411 0.481324 2.32411 0.481324 0.0070744 0 0.327613 0 
1 1 0 0.228397 0.228397 0 2.31813 0.488299 2.31813 0.488299 0.00771907 0 0.326939 0 
1 1 0 0.232312 0.232312 0 2.31202 0.495183 2.31202 0.495183 0.00841224 0 0.326274 0 
1 1 0 0.236203 0.236203 0 2.30579 0.501974 2.30579 0.501974 0.00915636 0 0.325617 0 
1 1 0 0.240069 0.240069 0 2.29945 0.50867 2.29945 0.50867 0.0099539 0 0.32497 0 
1 1 0 0.243908 0.243908 0 2.29299 0.51527 2.29299 0.51527 0.0108073 0 0.324333 0 
1 1 0 0.24772 0.24772 0 2.28642 0.521773 2.28642 0.521773 0.0117191 0 0.323706 0 
1 1 0 0.251503 0.251503 0 2.27973 0.528178 2.27973 0.528178 0.0126917 0 0.323089 0 
1 1 0 0.255255 0.255255 0 2.27294 0.534484 2.27294 0.534484 0.0137275 0 0.322483 0 
1 1 0 0.258977 0.258977 0 2.26603 0.54069 2.26603 0.54069 0.0148289 0 0.321887 0 
1 1 0 0.262665 0.262665 0 2.25902 0.546796 2.25902 0.546796 0.0159982 0 0.321302 0 
1 1 0 0.266321 0.266321 0 2.25191 0.552801 2.25191 0.552801 0.0172376 0 0.320728 0 
1 1 0 0.269943 0.269943 0 2.2447 0.558706 2.2447 0.558706 0.0185494 0 0.320165 0 
1 1 0 0.273529 0.273529 0 2.23738 0.564509 2.23738 0.564509 0.0199358 0 0.319613 0 
1 1 0 0.27708 0.27708 0 2.22997 0.570212 2.22997 0.570212 0.0213987 0 0.319071 0 
1 1 0 0.280595 0.280595 0 2.22247 0.575814 2.22247 0.575814 0.0229402 0 0.31854 0 
1 1 0 0.284073 0.284073 0 2.21488 0.581316 2.21488 0.581316 0.0245621 0 0.318019 0 
1 1 0 0.287514 0.287514 0 2.2072 0.586718 2.2072 0.586718 0.0262664 0 0.317508 0 
1 1 0 0.290917 0.290917 0 2.19943 0.592021 2.19943 0.592021 0.0280548 0 0.317007 0 
1 1 0 0.294281 0.294281 0 2.19158 0.597225 2.19158 0.597225 0.0299289 0 0.316515 0 
1 1 0 0.297608 0.297608 0 2.18365 0.602332 2.18365 0.602332 0.0318904 0 0.316032 0 
1 1 0 0.300896 0.300896 0 2.17565 0.607343 2.17565 0.607343 0.0339408 0 0.315558 0 
1 1 0 0.304145 0.304145 0 2.16757 0.612258 2.16757 0.612258 0.0360815 0 0.31509 0 
1 1 0 0.307356 0.307356 0 2.15941 0.617079 2.15941 0.617079 0.0383139 0 0.31463 0 
1 1 0 0.310528 0.310528 0 2.15119 0.621807 2.15119 0.621807 0.0406394 0 0.314176 0 
1 1 0 0.313661 0.313661 0 2.1429 0.626442 2.1429 0.626442 0.0430592 0 0.313728 0 
1 1 0 0.316755 0.316755 0 2.13455 0.630988 2.13455 0.630988 0.0455745 0 0.313284 0 
1 1 0 0.319812 0.319812 0 2.12613 0.635444 2.12613 0.635444 0.0481866 0 0.312844 0 
1 1 0 0.32283 0.32283 0 2.11766 0.639812 2.11766 0.639812 0.0508966 0 0.312406 0 
1 1 0 0.32581 0.32581 0 2.10913 0.644095 2.10913 0.644095 0.0537057 0 0.31197 0 
1 1 0 0.328752 0.328752 0 2.10054 0.648292 2.10054 0.648292 0.056615 0 0.311533 0 
1 1 0 0.331657 0.331657 0 2.0919 0.652406 2.0919 0.652406 0.0596256 0 0.311096 0 
1 1 0 0.334525 0.334525 0 2.08321 0.656438 2.08321 0.656438 0.0627389 0 0.310655 0 
1 1 0 0.337356 0.337356 0 2.07447 0.66039 2.07447 0.66039 0.065956 0 0.310211 0 
1 1 0 0.34015 0.34015 0 2.06568 0.664263 2.06568 0.664263 0.0692782 0 0.30976 0 
1 1 0 0.342909 0.342909 0 2.05685 0.668059 2.05685 0.668059 0.072707 0 0.309302 0 
1 1 0 0.345633 0.345633 0 2.04798 0.671779 2.04798 0.671779 0.0762437 0 0.308833 0 
1 1 0 0.348321 0.348321 0 2.03906 0.675425 2.03906 0.675425 0.0798902 0 0.308352 0 
1 1 0 0.350975 0.350975 0 2.03011 0.678998 2.03011 0.678998 0.0836481 0 0.307856 0 
1 1 0 0.353594 0.353594 0 2.02111 0.6825 2.02111 0.6825 0.0875196 0 0.307343 0 
1 1 0 0.35618 0.35618 0 2.01208 0.685931 2.01208 0.685931 0.0915068 0 0.306809 0 
1 1 0 0.358732 0.358732 0 2.00302 0.689294 2.00302 0.689294 0.0956124 0 0.306252 0 
1 1 0 0.361252 0.361252 0 1.99392 0.69259 1.99392 0.69259 0.0998394 0 0.305666 0 
1 1 0 0.36374 0.36374 0 1.98479 0.695821 1.98479 0.695821 0.104191 0 0.305049 0 
1 1 0 0.366196 0.366196 0 1.97562 0.698987 1.97562 0.698987 0.108671 0 0.304395 0 
1 1 0 0.36862 0.36862 0 1.96643 0.702089 1.96643 0.702089 0.113285 0 0.303698 0 
1 1 0 0.371014 0.371014 0 1.95721 0.70513 1.95721 0.70513 0.118037 0 0.302953 0 
1 1 0 0.373377 0.373377 0 1.94796 0.708111 1.94796 0.708111 0.122934 0 0.302153 0 
1 1 0 0.375711 0.375711 0 1.93869 0.711032 1.93869 0.711032 0.127983 0 0.301287 0 
1 1 0 0.378015 0.378015 0 1.92939 0.713894 1.92939 0.713894 0.133194 0 0.300348 0 
1 1 0 0.380291 0.380291 0 1.92006 0.7167 1.92006 0.7167 0.138578 0 0.299322 0 
1 1 0 0.382537 0.382537 0 1.91071 0.71945 1.91071 0.71945 0.144147 0 0.298195 0 
1 1 0 0.384756 0.384756 0 1.90134 0.722145 1.90134 0.722145 0.14992 0 0.29695 0 
1 1 0 0.386948 0.386948 0 1.89195 0.724786 1.89195 0.724786 0.155917 0 0.295564 0 
1 1 0 0.389112 0.389112 0 1.88254 0.727374 1.88254 0.727374 0.162166 0 0.294008 0 
1 1 0 0.39125 0.39125 0 1.8731 0.729911 1.8731 0.729911 0.168704 0 0.292244 0 
1 1 0 0.393361 0.393361 0 1.86365 0.732396 1.86365 0.732396 0.175581 0 0.290221 0 
1 1 0 0.395447 0.395447 0 1.85418 0.734832 1.85418 0.734832 0.18287 0 0.287866 0 
1 1 0 0.397507 0.397507 0 1.84469 0.737218 1.84469 0.737218 0.190682 0 0.285068 0 
1 1 0 0.399542 0.399542 0 1.83518 0.739557 1.83518 0.739557 0.199198 0 0.281644 0 
1 1 0 0.401553 0.401553 0 1.82565 0.741848 1.82565 0.741848 0.208758 0 0.277251 0 
1 1 0 0.403539 0.403539 0 1.81611 0.744092 1.81611 0.744092 0.220171 0 0.271082 0 
1 1 0 0.405502 0.405502 0 1.80656 0.74629 1.80656 0.74629 0.237102 0 0.259471 0 
1 1 0 0.407441 0.407441 79.4597 1.79699 0.748444 1.79699 0.748444 0.250983 0.0198877 0.250983 -0.0198877 
1 1 0 0.409357 0.409357 52.9912 1.7874 0.750552 1.7874 0.750552 0.253717 0.0302251 0.253717 -0.0302251 
1 1 0 0.41125 0.41125 42.9425 1.7778 0.752617 1.7778 0.752617 0.256487 0.0377983 0.256487 -0.0377983 
1 1 0 0.413121 0.413121 37.3353 1.76819 0.754639 1.76819 0.754639 0.259293 0.0440533 0.259293 -0.0440533 
1 1 0 0.41497 0.41497 33.6724 1.75856 0.756619 1.75856 0.756619 0.262135 0.0494894 0.262135 -0.0494894 
1 1 0 0.416797 0.416797 31.0617 1.74892 0.758556 1.74892 0.758556 0.265012 0.0543502 0.265012 -0.0543502 
1 1 0 0.418602 0.418602 29.0948 1.73927 0.760452 1.73927 0.760452 0.267924 0.0587762 0.267924 -0.0587762 
1 1 0 0.420387 0.420387 27.5555 1.72961 0.762308 1.72961 0.762308 0.270871 0.062857 0.270871 -0.062857 
1 1 0 0.42215 0.42215 26.3169 1.71993 0.764123 1.71993 0.764123 0.273852 0.0666539 0.273852 -0.0666539 
1 1 0 0.423893 0.423893 25.2992 1.71025 0.765898 1.71025 0.765898 0.276868 0.0702111 0.276868 -0.0702111 
1 1 0 0.425616 0.425616 24.4495 1.70055 0.767634 1.70055 0.767634 0.279917 0.0735614 0.279917 -0.0735614 
1 1 0 0.427319 0.427319 23.731 1.69084 0.76933 1.69084 0.76933 0.282999 0.0767302 0.282999 -0.0767302 
1 1 0 0.429002 0.429002 23.1175 1.68113 0.770989 1.68113 0.770989 0.286115 0.0797374 0.286115 -0.0797374 
1 1 0 0.430665 0.430665 22.5894 1.6714 0.772609 1.6714 0.772609 0.289264 0.0825991 0.289264 -0.0825991 
1 1 0 0.43231 0.43231 22.1321 1.66166 0.774191 1.66166 0.774191 0.292445 0.0853284 0.292445 -0.0853284 
1 1 0 0.433935 0.433935 21.7342 1.65192 0.775736 1.65192 0.775736 0.295659 0.0879362 0.295659 -0.0879362 
1 1 0 0.435542 0.435542 21.3868 1.64216 0.777244 1.64216 0.777244 0.298905 0.0904315 0.298905 -0.0904315 
1 1 0 0.43713 0.43713 21.0829 1.6324 0.778715 1.6324 0.778715 0.302184 0.0928221 0.302184 -0.0928221 
1 1 0 0.438699 0.438699 20.8167 1.62263 0.780149 1.62263 0.780149 0.305494 0.0951144 0.305494 -0.0951144 
1 1 0 0.440251 0.440251 20.5836 1.61285 0.781547 1.61285 0.781547 0.308836 0.0973143 0.308836 -0.0973143 
1 1 0 0.441785 0.441785 20.3797 1.60306 0.782909 1.60306 0.782909 0.31221 0.0994266 0.31221 -0.0994266 
1 1 0 0.443301 0.443301 20.2018 1.59327 0.784235 1.59327 0.784235 0.315615 0.101455 0.315615 -0.101455 
1 1 0 0.444799 0.444799 20.0473 1.58347 0.785525 1.58347 0.785525 0.319052 0.103405 0.319052 -0.103405 
1 1 0 0.446281 0.446281 19.9139 1.57366 0.78678 1.57366 0.78678 0.32252 0.105278 0.32252 -0.105278 
1 1 0 0.447745 0.447745 19.7996 1.56384 0.788 1.56384 0.788 0.326019 0.107077 0.326019 -0.107077 
1 1 0 0.449192 0.449192 19.7029 1.55402 0.789184 1.55402 0.789184 0.329549 0.108806 0.329549 -0.108806 
1 1 0 0.450622 0.450622 19.6223 1.54418 0.790333 1.54418 0.790333 0.33311 0.110466 0.33311 -0.110466 
1 1 0 0.452036 0.452036 19.5566 1.53435 0.791448 1.53435 0.791448 0.336702 0.112059 0.336702 -0.112059 
1 1 0 0.453433 0.453433 19.5048 1.52451 0.792527 1.52451 0.792527 0.340325 0.113587 0.340325 -0.113587 
1 1 0 0.454813 0.454813 19.4661 1.51466 0.793571 1.51466 0.793571 0.343979 0.115052 0.343979 -0.115052 
1 1 0 0.456178 0.456178 19.4395 1.5048 0.794581 1.5048 0.794581 0.347664 0.116455 0.347664 -0.116455 
1 1 0 0.457526 0.457526 19.4245 1.49494 0.795556 1.49494 0.795556 0.35138 0.117797 0.35138 -0.117797 
1 1 0 0.458858 0.458858 19.4205 1.48507 0.796496 1.48507 0.796496 0.355126 0.119079 0.355126 -0.119079 
1 1 0 0.460175 0.460175 19.427 1.4752 0.797402 1.4752 0.797402 0.358904 0.120303 0.358904 -0.120303 
1 1 0 0.461475 0.461475 19.4435 1.46533 0.798273 1.46533 0.798273 0.362713 0.121469 0.362713 -0.121469 
1 1 0 0.46276 0.46276 19.4698 1.45544 0.799109 1.45544 0.799109 0.366552 0.122577 0.366552 -0.122577 
1 1 0 0.46403 0.46403 19.5055 1.44556 0.79991 1.44556 0.79991 0.370423 0.123628 0.370423 -0.123628 
1 1 0 0.465284 0.465284 19.5503 1.43567 0.800676 1.43567 0.800676 0.374325 0.124623 0.374325 -0.124623 
1 1 0 0.466523 0.466523 19.6041 1.42577 0.801407 1.42577 0.801407 0.378259 0.125563 0.378259 -0.125563 
1 1 0 0.467746 0.467746 19.6667 1.41587 0.802103 1.41587 0.802103 0.382224 0.126446 0.382224 -0.126446 
1 1 0 0.468954 0.468954 19.738 1.40596 0.802764 1.40596 0.802764 0.38622 0.127274 0.38622 -0.127274 
1 1 0 0.470147 0.470147 19.8178 1.39606 0.803389 1.39606 0.803389 0.390249 0.128047 0.390249 -0.128047 
1 1 0 0.471326 0.471326 19.9063 1.38614 0.803979 1.38614 0.803979 0.394309 0.128764 0.394309 -0.128764 
1 1 0 0.472489 0.472489 20.0034 1.37623 0.804533 1.37623 0.804533 0.398401 0.129425 0.398401 -0.129425 
1 1 0 0.473637 0.473637 20.109 1.36631 0.805052 1.36631 0.805052 0.402526 0.130031 0.402526 -0.130031 
1 1 0 0.47477 0.47477 20.2234 1.35638 0.805534 1.35638 0.805534 0.406683 0.130581 0.406683 -0.130581 
1 1 0 0.475889 0.475889 20.3465 1.34645 0.80598 1.34645 0.80598 0.410873 0.131074 0.410873 -0.131074 
1 1 0 0.476993 0.476993 20.4786 1.33652 0.80639 1.33652 0.80639 0.415095 0.131511 0.415095 -0.131511 
1 1 0 0.478082 0.478082 20.6198 1.32659 0.806762 1.32659 0.806762 0.419351 0.131891 0.419351 -0.131891 
1 1 0 0.479156 0.479156 20.7703 1.31665 0.807098 1.31665 0.807098 0.423641 0.132213 0.423641 -0.132213 
1 1 0 0.480216 0.480216 20.9304 1.30671 0.807397 1.30671 0.807397 0.427964 0.132476 0.427964 -0.132476 
1 1 0 0.481261 0.481261 21.1004 1.29677 0.807658 1.29677 0.807658 0.432321 0.13268 0.432321 -0.13268 
1 1 0 0.482292 0.482292 21.2806 1.28683 0.807882 1.28683 0.807882 0.436712 0.132824 0.436712 -0.132824 
1 1 0 0.483308 0.483308 21.4714 1.27688 0.808067 1.27688 0.808067 0.441138 0.132906 0.441138 -0.132906 
1 1 0 0.484309 0.484309 21.6732 1.26693 0.808214 1.26693 0.808214 0.445599 0.132926 0.445599 -0.132926 
1 1 0 0.485296 0.485296 21.8867 1.25698 0.808322 1.25698 0.808322 0.450095 0.132883 0.450095 -0.132883 
1 1 0 0.486268 0.486268 22.1122 1.24703 0.808391 1.24703 0.808391 0.454627 0.132775 0.454627 -0.132775 
1 1 0 0.487226 0.487226 22.3505 1.23708 0.808421 1.23708 0.808421 0.459195 0.132601 0.459195 -0.132601 
1 1 0 0.48817 0.48817 22.6022 1.22712 0.808411 1.22712 0.808411 0.4638 0.132359 0.4638 -0.132359 
1 1 0 0.489099 0.489099 22.8682 1.21716 0.808361 1.21716 0.808361 0.468441 0.132047 0.468441 -0.132047 
1 1 0 0.490013 0.490013 23.1492 1.20721 0.80827 1.20721 0.80827 0.473119 0.131664 0.473119 -0.131664 
1 1 0 0.490913 0.490913 23.4464 1.19725 0.808138 1.19725 0.808138 0.477835 0.131207 0.477835 -0.131207 
1 1 0 0.491798 0.491798 23.7608 1.18729 0.807964 1.18729 0.807964 0.48259 0.130674 0.48259 -0.130674 
1 1 0 0.492669 0.492669 24.0936 1.17733 0.807749 1.17733 0.807749 0.487382 0.130062 0.487382 -0.130062 
1 1 0 0.493525 0.493525 24.4463 1.16737 0.807491 1.16737 0.807491 0.492214 0.12937 0.492214 -0.12937 
1 1 0 0.494367 0.494367 24.8205 1.15741 0.807191 1.15741 0.807191 0.497086 0.128594 0.497086 -0.128594 
1 1 0 0.495193 0.495193 25.2179 1.14745 0.806847 1.14745 0.806847 0.501997 0.12773 0.501997 -0.12773 
1 1 0 0.496006 0.496006 25.6406 1.13749 0.806459 1.13749 0.806459 0.506949 0.126775 0.506949 -0.126775 
1 1 0 0.496803 0.496803 26.0909 1.12753 0.806028 1.12753 0.806028 0.511942 0.125725 0.511942 -0.125725 
1 1 0 0.497586 0.497586 26.5715 1.11757 0.805551 1.11757 0.805551 0.516977 0.124577 0.516977 -0.124577 
1 1 0 0.498354 0.498354 27.0855 1.10761 0.805029 1.10761 0.805029 0.522054 0.123324 0.522054 -0.123324 
1 1 0 0.499107 0.499107 27.6365 1.09766 0.804461 1.09766 0.804461 0.527174 0.121962 0.527174 -0.121962 
1 1 0 0.499845 0.499845 28.2286 1.0877 0.803847 1.0877 0.803847 0.532337 0.120485 0.532337 -0.120485 
1 1 0 0.500569 0.500569 28.8667 1.07775 0.803186 1.07775 0.803186 0.537544 0.118886 0.537544 -0.118886 
1 1 0 0.501277 0.501277 29.5565 1.0678 0.802477 1.0678 0.802477 0.542795 0.117159 0.542795 -0.117159 
1 1 0 0.501971 0.501971 30.305 1.05786 0.80172 1.05786 0.80172 0.548092 0.115294 0.548092 -0.115294 
1 1 0 0.502649 0.502649 31.1203 1.04791 0.800915 1.04791 0.800915 0.553435 0.113282 0.553435 -0.113282 
1 1 0 0.503312 0.503312 32.0124 1.03797 0.80006 1.03797 0.80006 0.558824 0.111113 0.558824 -0.111113 
1 1 0 0.50396 0.50396 32.9935 1.02803 0.799155 1.02803 0.799155 0.56426 0.108774 0.56426 -0.108774 
1 1 0 0.504592 0.504592 34.0789 1.0181 0.7982 1.0181 0.7982 0.569744 0.106251 0.569744 -0.106251 
1 1 0 0.50521 0.50521 35.2877 1.00817 0.797193 1.00817 0.797193 0.575277 0.103528 0.575277 -0.103528 
1 1 0 0.505811 0.505811 36.6443 0.998241 0.796135 0.998241 0.796135 0.580859 0.100584 0.580859 -0.100584 
1 1 0 0.506398 0.506398 38.1807 0.98832 0.795024 0.98832 0.795024 0.586491 0.0973964 0.586491 -0.0973964 
1 1 0 0.506968 0.506968 39.9394 0.978405 0.79386 0.978405 0.79386 0.592174 0.093936 0.592174 -0.093936 
1 1 0 0.507523 0.507523 41.9784 0.968495 0.792642 0.968495 0.792642 0.597909 0.0901672 0.597909 -0.0901672 
1 1 0 0.508063 0.508063 44.3799 0.95859 0.791369 0.95859 0.791369 0.603695 0.0860452 0.603695 -0.0860452 
1 1 0 0.508586 0.508586 47.264 0.948693 0.790041 0.948693 0.790041 0.609535 0.0815113 0.609535 -0.0815113 
1 1 0 0.509093 0.509093 50.815 0.938802 0.788658 0.938802 0.788658 0.615429 0.0764869 0.615429 -0.0764869 
1 1 0 0.509585 0.509585 55.3344 0.928918 0.787217 0.928918 0.787217 0.621378 0.0708619 0.621378 -0.0708619 
1 1 0 0.51006 0.51006 61.3565 0.919042 0.78572 0.919042 0.78572 0.627382 0.0644722 0.627382 -0.0644722 
1 1 0 0.510519 0.510519 69.9476 0.909174 0.784164 0.909174 0.784164 0.633442 0.0570538 0.633442 -0.0570538 
1 1 0 0.510962 0.510962 83.661 0.899315 0.782549 0.899315 0.782549 0.63956 0.0481233 0.63956 -0.0481233 
1 1 0 0.511389 0.511389 111.043 0.889465 0.780875 0.889465 0.780875 0.645736 0.036577 0.645736 -0.036577 
1 1 0 0.511799 0.511799 228.989 0.879625 0.779141 0.879625 0.779141 0.65197 0.0178938 0.65197 -0.0178938 
1 1 0 0.512192 0.512192 228.989 0.869795 0.777345 0.869795 0.777345 0.685436 0 0.631095 0 
1 1 0 0.512569 0.512569 228.989 0.859976 0.775488 0.859976 0.775488 0.707498 0 0.621743 0 
1 1 0 0.512928 0.512928 228.989 0.850169 0.773568 0.850169 0.773568 0.725642 0 0.616434 0 
1 1 0 0.513271 0.513271 228.989 0.840373 0.771585 0.840373 0.771585 0.742083 0 0.612952 0 
1 1 0 0.513597 0.513597 228.989 0.83059 0.769538 0.83059 0.769538 0.757553 0 0.61057 0 
1 1 0 0.513906 0.513906 228.989 0.82082 0.767426 0.82082 0.767426 0.772399 0 0.60894 0 
1 1 0 0.514197 0.514197 228.989 0.811064 0.765249 0.811064 0.765249 0.78682 0 0.607867 0 
1 1 0 0.514472 0.514472 228.989 0.801323 0.763005 0.801323 0.763005 0.80094 0 0.607227 0 
1 1 0 0.514728 0.514728 228.989 0.791597 0.760694 0.791597 0.760694 0.814846 0 0.606936 0 
1 1 0 0.514968 0.514968 228.989 0.781886 0.758315 0.781886 0.758315 0.828599 0 0.606936 0 
1 1 0 0.515189 0.515189 228.989 0.772193 0.755868 0.772193 0.755868 0.842245 0 0.607182 0 
1 1 0 0.515393 0.515393 228.989 0.762517 0.753351 0.762517 0.753351 0.855819 0 0.607641 0 
1 1 0 0.515579 0.515579 228.989 0.752859 0.750764 0.752859 0.750764 0.869349 0 0.608287 0 
1 1 0 0.515747 0.515747 228.989 0.743219 0.748106 0.743219 0.748106 0.882858 0 0.609099 0 
1 1 0 0.515897 0.515897 228.989 0.7336 0.745377 0.7336 0.745377 0.896365 0 0.61006 0 
1 1 0 0.516028 0.516028 228.989 0.724001 0.742575 0.724001 0.742575 0.909887 0 0.611157 0 
1 1 0 0.516142 0.516142 228.989 0.714423 0.7397 0.714423 0.7397 0.923437 0 0.612377 0 
1 1 0 0.516237 0.516237 228.989 0.704868 0.736751 0.704868 0.736751 0.937026 0 0.613711 0 
1 1 0 0.516313 0.516313 228.989 0.695336 0.733728 0.695336 0.733728 0.950666 0 0.61515 0 
1 1 0 0.516371 0.516371 228.989 0.685828 0.73063 0.685828 0.73063 0.964364 0 0.616689 0 
1 1 0 0.51641 0.51641 228.989 0.676345 0.727456 0.676345 0.727456 0.978131 0 0.618319 0 
1 1 0 0.51643 0.51643 228.989 0.666888 0.724205 0.666888 0.724205 0.991973 0 0.620037 0 
1 1 0 0.516433 0.516433 228.989 0.661446 0.722295 0.661446 0.722295 0.999992 0 0.621066 0 
2 1 0 0.516424 0.516424 228.989 0.652032 0.718922 0.652032 0.718922 1.01397 0 0.622912 0 
2 1 0 0.516395 0.516395 228.989 0.642646 0.715471 0.642646 0.715471 1.02803 0 0.624834 0 
2 1 0 0.516348 0.516348 228.989 0.63329 0.711941 0.63329 0.711941 1.04219 0 0.626829 0 
2 1 0 0.516281 0.516281 228.989 0.623964 0.708332 0.623964 0.708332 1.05646 0 0.628894 0 
2 1 0 0.516195 0.516195 228.989 0.614669 0.704642 0.614669 0.704642 1.07083 0 0.631026 0 
2 1 0 0.51609 0.51609 228.989 0.605407 0.700872 0.605407 0.700872 1.08532 0 0.633223 0 
2 1 0 0.515965 0.515965 228.989 0.596179 0.697021 0.596179 0.697021 1.09992 0 0.635482 0 
2 1 0 0.51582 0.51582 228.989 0.586985 0.693089 0.586985 0.693089 1.11464 0 0.637802 0 
2 1 0 0.515657 0.515657 228.989 0.577828 0.689074 0.577828 0.689074 1.12949 0 0.640181 0 
2 1 0 0.515473 0.515473 228.989 0.568707 0.684977 0.568707 0.684977 1.14446 0 0.642616 0 
2 1 0 0.51527 0.51527 228.989 0.559624 0.680796 0.559624 0.680796 1.15957 0 0.645107 0 
2 1 0 0.515047 0.515047 228.989 0.550581 0.676532 0.550581 0.676532 1.17481 0 0.647652 0 
2 1 0 0.514805 0.514805 228.989 0.541578 0.672185 0.541578 0.672185 1.19019 0 0.65025 0 
2 1 0 0.514543 0.514543 228.989 0.532617 0.667753 0.532617 0.667753 1.20571 0 0.6529 0 
2 1 0 0.514261 0.514261 228.989 0.523699 0.663238 0.523699 0.663238 1.22138 0 0.6556 0 
2 1 0 0.513959 0.513959 228.989 0.514825 0.658637 0.514825 0.658637 1.2372 0 0.65835 0 
2 1 0 0.513637 0.513637 228.989 0.505995 0.653952 0.505995 0.653952 1.25316 0 0.661148 0 
2 1 0 0.513296 0.513296 228.989 0.497213 0.649181 0.497213 0.649181 1.26929 0 0.663993 0 
2 1 0 0.512935 0.512935 228.989 0.488478 0.644325 0.488478 0.644325 1.28556 0 0.666886 0 
2 1 0 0.512554 0.512554 228.989 0.479791 0.639384 0.479791 0.639384 1.302 0 0.669824 0 
2 1 0 0.512153 0.512153 228.989 0.471155 0.634358 0.471155 0.634358 1.3186 0 0.672806 0 
2 1 0 0.511733 0.511733 228.989 0.46257 0.629246 0.46257 0.629246 1.33537 0 0.675833 0 
2 1 0 0.511293 0.511293 228.989 0.454038 0.624048 0.454038 0.624048 1.3523 0 0.678904 0 
2 1 0 0.510833 0.510833 228.989 0.445559 0.618766 0.445559 0.618766 1.3694 0 0.682017 0 
2 1 0 0.510354 0.510354 228.989 0.437135 0.613397 0.437135 0.613397 1.38667 0 0.685172 0 
2 1 0 0.509856 0.509856 228.989 0.428767 0.607944 0.428767 0.607944 1.40412 0 0.688368 0 
2 1 0 0.509337 0.509337 228.989 0.420456 0.602406 0.420456 0.602406 1.42175 0 0.691605 0 
2 1 0 0.5088 0.5088 228.989 0.412204 0.596783 0.412204 0.596783 1.43955 0 0.694881 0 
2 1 0 0.508243 0.508243 228.989 0.404011 0.591075 0.404011 0.591075 1.45754 0 0.698197 0 
2 1 0 0.507668 0.507668 228.989 0.395878 0.585283 0.395878 0.585283 1.47571 0 0.701551 0 
2 1 0 0.507073 0.507073 228.989 0.387808 0.579407 0.387808 0.579407 1.49407 0 0.704943 0 
2 1 0 0.506459 0.506459 228.989 0.3798 0.573448 0.3798 0.573448 1.51261 0 0.708372 0 
2 1 0 0.505827 0.505827 228.989 0.371856 0.567406 0.371856 0.567406 1.53134 0 0.711837 0 
2 1 0 0.505176 0.505176 228.989 0.363978 0.561281 0.363978 0.561281 1.55027 0 0.715339 0 
2 1 0 0.504506 0.504506 228.989 0.356165 0.555075 0.356165 0.555075 1.56938 0 0.718875 0 
2 1 0 0.503819 0.503819 228.989 0.348419 0.548787 0.348419 0.548787 1.5887 0 0.722446 0 
2 1 0 0.503113 0.503113 228.989 0.340741 0.542418 0.340741 0.542418 1.6082 0 0.72605 0 
2 1 0 0.502389 0.502389 228.989 0.333132 0.535969 0.333132 0.535969 1.62791 0 0.729687 0 
2 1 0 0.501648 0.501648 228.989 0.325593 0.52944 0.325593 0.52944 1.64782 0 0.733357 0 
2 1 0 0.500889 0.500889 228.989 0.318124 0.522833 0.318124 0.522833 1.66793 0 0.737059 0 
2 1 0 0.500113 0.500113 228.989 0.310727 0.516148 0.310727 0.516148 1.68824 0 0.740791 0 
2 1 0 0.49932 0.49932 228.989 0.303402 0.509386 0.303402 0.509386 1.70876 0 0.744554 0 
2 1 0 0.49851 0.49851 228.989 0.29615 0.502548 0.29615 0.502548 1.72948 0 0.748346 0 
2 1 0 0.497683 0.497683 228.989 0.288971 0.495634 0.288971 0.495634 1.75042 0 0.752167 0 
2 1 0 0.49684 0.49684 228.989 0.281867 0.488646 0.281867 0.488646 1.77156 0 0.756016 0 
2 1 0 0.495981 0.495981 228.989 0.274838 0.481584 0.274838 0.481584 1.79291 0 0.759893 0 
2 1 0 0.495106 0.495106 228.989 0.267885 0.47445 0.267885 0.47445 1.81447 0 0.763796 0 
2 1 0 0.494216 0.494216 228.989 0.261008 0.467244 0.261008 0.467244 1.83625 0 0.767725 0 
2 1 0 0.49331 0.49331 228.989 0.254207 0.459968 0.254207 0.459968 1.85824 0 0.771679 0 
2 1 0 0.49239 0.49239 228.989 0.247483 0.452623 0.247483 0.452623 1.88044 0 0.775657 0 
2 1 0 0.491454 0.491454 228.989 0.240837 0.445209 0.240837 0.445209 1.90287 0 0.779659 0 
2 1 0 0.490505 0.490505 228.989 0.234269 0.437728 0.234269 0.437728 1.92551 0 0.783684 0 
2 1 0 0.489541 0.489541 228.989 0.227778 0.430181 0.227778 0.430181 1.94837 0 0.787731 0 
2 1 0 0.488563 0.488563 228.989 0.221366 0.422569 0.221366 0.422569 1.97144 0 0.791799 0 
2 1 0 0.487572 0.487572 228.989 0.215033 0.414893 0.215033 0.414893 1.99474 0 0.795888 0 
2 1 0 0.486568 0.486568 228.989 0.208778 0.407155 0.208778 0.407155 2.01827 0 0.799997 0 
2 1 0 0.485551 0.485551 228.989 0.202602 0.399355 0.202602 0.399355 2.04201 0 0.804125 0 
2 1 0 0.484522 0.484522 228.989 0.196505 0.391496 0.196505 0.391496 2.06598 0 0.808271 0 
2 1 0 0.48348 0.48348 228.989 0.190488 0.383577 0.190488 0.383577 2.09017 0 0.812435 0 
2 1 0 0.482427 0.482427 228.989 0.184549 0.3756 0.184549 0.3756 2.11459 0 0.816615 0 
2 1 0 0.481362 0.481362 228.989 0.178689 0.367566 0.178689 0.367566 2.13923 0 0.820812 0 
2 1 0 0.480285 0.480285 228.989 0.172907 0.359478 0.172907 0.359478 2.16411 0 0.825024 0 
2 1 0 0.479198 0.479198 228.989 0.167205 0.351335 0.167205 0.351335 2.18921 0 0.82925 0 
2 1 0 0.4781 0.4781 228.989 0.161581 0.343139 0.161581 0.343139 2.21453 0 0.83349 0 
2 1 0 0.476993 0.476993 228.989 0.156035 0.334891 0.156035 0.334891 2.24009 0 0.837744 0 
2 1 0 0.475875 0.475875 228.989 0.150567 0.326593 0.150567 0.326593 2.26588 0 0.842009 0 
2 1 0 0.474748 0.474748 228.989 0.145176 0.318245 0.145176 0.318245 2.2919 0 0.846287 0 
2 1 0 0.473611 0.473611 228.989 0.139863 0.30985 0.139863 0.30985 2.31816 0 0.850575 0 
2 1 0 0.472466 0.472466 228.989 0.134627 0.301407 0.134627 0.301407 2.34464 0 0.854874 0 
2 1 0 0.471312 0.471312 228.989 0.129468 0.292918 0.129468 0.292918 2.37136 0 0.859182 0 
2 1 0 0.470149 0.470149 228.989 0.124384 0.284385 0.124384 0.284385 2.39831 0 0.863499 0 
2 1 0 0.468979 0.468979 228.989 0.119377 0.275808 0.119377 0.275808 2.4255 0 0.867824 0 
2 1 0 0.467802 0.467802 228.989 0.114444 0.267189 0.114444 0.267189 2.45293 0 0.872157 0 
2 1 0 0.466617 0.466617 228.989 0.109586 0.258529 0.109586 0.258529 2.48059 0 0.876496 0 
2 1 0 0.465425 0.465425 228.989 0.104802 0.249828 0.104802 0.249828 2.50848 0 0.880842 0 
2 1 0 0.464226 0.464226 228.989 0.100091 0.241089 0.100091 0.241089 2.53662 0 0.885193 0 
2 1 0 0.463021 0.463021 228.989 0.0954532 0.232311 0.0954532 0.232311 2.565 0 0.88955 0 
2 1 0 0.46181 0.46181 228.989 0.0908875 0.223497 0.0908875 0.223497 2.59361 0 0.893911 0 
2 1 0 0.460594 0.460594 228.989 0.0863934 0.214646 0.0863934 0.214646 2.62246 0 0.898275 0 
2 1 0 0.459371 0.459371 228.989 0.0819701 0.205761 0.0819701 0.205761 2.65156 0 0.902643 0 
2 1 0 0.458144 0.458144 228.989 0.077617 0.196842 0.077617 0.196842 2.68089 0 0.907013 0 
2 1 0 0.456912 0.456912 228.989 0.0733333 0.18789 0.0733333 0.18789 2.71047 0 0.911385 0 
2 1 0 0.455675 0.455675 228.989 0.0691184 0.178906 0.0691184 0.178906 2.74029 0 0.915759 0 
2 1 0 0.454434 0.454434 228.989 0.0649714 0.169891 0.0649714 0.169891 2.77036 0 0.920134 0 
2 1 0 0.453189 0.453189 228.989 0.0608917 0.160846 0.0608917 0.160846 2.80067 0 0.924509 0 
2 1 0 0.45194 0.45194 228.989 0.0568784 0.151772 0.0568784 0.151772 2.83122 0 0.928884 0 
2 1 0 0.450688 0.450688 228.989 0.0529308 0.14267 0.0529308 0.14267 2.86202 0 0.933259 0 
2 1 0 0.449432 0.449432 228.989 0.0490481 0.13354 0.0490481 0.13354 2.89307 0 0.937632 0 
2 1 0 0.448174 0.448174 228.989 0.0452295 0.124384 0.0452295 0.124384 2.92436 0 0.942004 0 
2 1 0 0.446912 0.446912 228.989 0.0414742 0.115202 0.0414742 0.115202 2.9559 0 0.946374 0 
2 1 0 0.445649 0.445649 228.989 0.0377814 0.105994 0.0377814 0.105994 2.98769 0 0.950742 0 
2 1 0 0.444383 0.444383 228.989 0.0341503 0.0967632 0.0341503 0.0967632 3.01972 0 0.955106 0 
2 1 0 0.443114 0.443114 228.989 0.03058 0.0875085 0.03058 0.0875085 3.05201 0 0.959467 0 
2 1 0 0.441844 0.441844 228.989 0.0270697 0.0782311 0.0270697 0.0782311 3.08455 0 0.963825 0 
2 1 0 0.440573 0.440573 228.989 0.0236186 0.0689318 0.0236186 0.0689318 3.11734 0 0.968178 0 
2 1 0 0.4393 0.4393 228.989 0.0202259 0.0596112 0.0202259 0.0596112 3.15038 0 0.972527 0 
2 1 0 0.438026 0.438026 228.989 0.0168908 0.0502701 0.0168908 0.0502701 3.18367 0 0.976871 0 
2 1 0 0.436751 0.436751 228.989 0.0136124 0.040909 0.0136124 0.040909 3.21722 0 0.98121 0 
2 1 0 0.435475 0.435475 228.989 0.0103899 0.0315286 0.0103899 0.0315286 3.25102 0 0.985543 0 
2 1 0 0.434199 0.434199 228.989 0.00722243 0.0221296 0.00722243 0.0221296 3.28507 0 0.98987 0 
2 1 0 0.432922 0.432922 228.989 0.00410924 0.0127125 0.00410924 0.0127125 3.31938 0 0.99419 0 
2 1 0 0.431645 0.431645 228.989 0.00104947 0.00327796 0.00104947 0.00327796 3.35395 0 0.998504 0 
2 1 0 0.431212 0.431212 228.989 2.30377e-05 7.21912e-05 2.30377e-05 7.21912e-05 3.36574 0 0.999966 0 
2 1 0 0.431222 0.431222 228.989 -3.98797e-06 -1.24977e-05 -3.98797e-06 -1.24977e-05 3.36565 0 1.00006 0 
2 1 0 0.432461 0.432461 228.989 -0.0030445 -0.00944698 -0.0030445 -0.00944698 3.32752 0 0.995749 0 
2 1 0 0.433718 0.433718 228.989 -0.00614262 -0.0188719 -0.00614262 -0.0188719 3.28938 0 0.991495 0 
2 1 0 0.434974 0.434974 228.989 -0.00929652 -0.0282782 -0.00929652 -0.0282782 3.25156 0 0.987238 0 
2 1 0 0.436229 0.436229 228.989 -0.0125072 -0.0376654 -0.0125072 -0.0376654 3.21405 0 0.982976 0 
2 1 0 0.437483 0.437483 228.989 -0.0157755 -0.047033 -0.0157755 -0.047033 3.17686 0 0.97871 0 
2 1 0 0.438734 0.438734 228.989 -0.0191024 -0.0563802 -0.0191024 -0.0563802 3.13999 0 0.974442 0 
2 1 0 0.439983 0.439983 228.989 -0.0224887 -0.0657062 -0.0224887 -0.0657062 3.10343 0 0.970171 0 
2 1 0 0.441231 0.441231 228.989 -0.0259353 -0.0750105 -0.0259353 -0.0750105 3.06718 0 0.965897 0 
2 1 0 0.442475 0.442475 228.989 -0.0294432 -0.0842922 -0.0294432 -0.0842922 3.03124 0 0.961622 0 
2 1 0 0.443717 0.443717 228.989 -0.0330131 -0.0935505 -0.0330131 -0.0935505 2.99562 0 0.957345 0 
2 1 0 0.444956 0.444956 228.989 -0.0366462 -0.102785 -0.0366462 -0.102785 2.9603 0 0.953068 0 
2 1 0 0.446192 0.446192 228.989 -0.0403431 -0.111994 -0.0403431 -0.111994 2.92529 0 0.94879 0 
2 1 0 0.447424 0.447424 228.989 -0.0441048 -0.121177 -0.0441048 -0.121177 2.89058 0 0.944512 0 
2 1 0 0.448653 0.448653 228.989 -0.0479322 -0.130334 -0.0479322 -0.130334 2.85618 0 0.940235 0 
2 1 0 0.449877 0.449877 228.989 -0.0518261 -0.139464 -0.0518261 -0.139464 2.82209 0 0.935959 0 
2 1 0 0.451097 0.451097 228.989 -0.0557875 -0.148564 -0.0557875 -0.148564 2.78829 0 0.931685 0 
2 1 0 0.452312 0.452312 228.989 -0.0598172 -0.157636 -0.0598172 -0.157636 2.7548 0 0.927413 0 
2 1 0 0.453523 0.453523 228.989 -0.063916 -0.166677 -0.063916 -0.166677 2.72161 0 0.923145 0 
2 1 0 0.454728 0.454728 228.989 -0.0680847 -0.175687 -0.0680847 -0.175687 2.68871 0 0.918879 0 
2 1 0 0.455927 0.455927 228.989 -0.0723243 -0.184664 -0.0723243 -0.184664 2.65611 0 0.914618 0 
2 1 0 0.457121 0.457121 228.989 -0.0766355 -0.193608 -0.0766355 -0.193608 2.62381 0 0.910362 0 
2 1 0 0.458308 0.458308 228.989 -0.081019 -0.202518 -0.081019 -0.202518 2.5918 0 0.906111 0 
2 1 0 0.459489 0.459489 228.989 -0.0854758 -0.211392 -0.0854758 -0.211392 2.56008 0 0.901866 0 
2 1 0 0.460663 0.460663 228.989 -0.0900065 -0.220229 -0.0900065 -0.220229 2.52865 0 0.897628 0 
2 1 0 0.46183 0.46183 228.989 -0.0946119 -0.229029 -0.0946119 -0.229029 2.49752 0 0.893397 0 
2 1 0 0.462989 0.462989 228.989 -0.0992927 -0.23779 -0.0992927 -0.23779 2.46667 0 0.889175 0 
2 1 0 0.464141 0.464141 228.989 -0.10405 -0.246511 -0.10405 -0.246511 2.43611 0 0.884962 0 
2 1 0 0.465284 0.465284 228.989 -0.108883 -0.25519 -0.108883 -0.25519 2.40583 0 0.880758 0 
2 1 0 0.466418 0.466418 228.989 -0.113794 -0.263828 -0.113794 -0.263828 2.37584 0 0.876564 0 
2 1 0 0.467544 0.467544 228.989 -0.118783 -0.272421 -0.118783 -0.272421 2.34614 0 0.872382 0 
2 1 0 0.46866 0.46866 228.989 -0.123851 -0.28097 -0.123851 -0.28097 2.31671 0 0.868212 0 
2 1 0 0.469767 0.469767 228.989 -0.128998 -0.289473 -0.128998 -0.289473 2.28756 0 0.864055 0 
2 1 0 0.470863 0.470863 228.989 -0.134224 -0.297928 -0.134224 -0.297928 2.2587 0 0.859911 0 
2 1 0 0.47195 0.47195 228.989 -0.139531 -0.306334 -0.139531 -0.306334 2.23011 0 0.855782 0 
2 1 0 0.473025 0.473025 228.989 -0.144918 -0.314691 -0.144918 -0.314691 2.20179 0 0.851668 0 
2 1 0 0.474089 0.474089 228.989 -0.150386 -0.322996 -0.150386 -0.322996 2.17375 0 0.847571 0 
2 1 0 0.475142 0.475142 228.989 -0.155936 -0.331248 -0.155936 -0.331248 2.14598 0 0.843491 0 
2 1 0 0.476182 0.476182 228.989 -0.161567 -0.339447 -0.161567 -0.339447 2.11848 0 0.839428 0 
2 1 0 0.477211 0.477211 228.989 -0.16728 -0.34759 -0.16728 -0.34759 2.09125 0 0.835385 0 
2 1 0 0.478227 0.478227 228.989 -0.173076 -0.355677 -0.173076 -0.355677 2.06429 0 0.831361 0 
2 1 0 0.479229 0.479229 228.989 -0.178954 -0.363705 -0.178954 -0.363705 2.0376 0 0.827359 0 
2 1 0 0.480219 0.480219 228.989 -0.184914 -0.371674 -0.184914 -0.371674 2.01116 0 0.823378 0 
2 1 0 0.481194 0.481194 228.989 -0.190957 -0.379582 -0.190957 -0.379582 1.985 0 0.81942 0 
2 1 0 0.482156 0.482156 228.989 -0.197083 -0.387429 -0.197083 -0.387429 1.95909 0 0.815485 0 
2 1 0 0.483102 0.483102 228.989 -0.203291 -0.395211 -0.203291 -0.395211 1.93344 0 0.811576 0 
2 1 0 0.484034 0.484034 228.989 -0.209582 -0.402929 -0.209582 -0.402929 1.90805 0 0.807692 0 
2 1 0 0.484951 0.484951 228.989 -0.215956 -0.410581 -0.215956 -0.410581 1.88291 0 0.803836 0 
2 1 0 0.485852 0.485852 228.989 -0.222412 -0.418165 -0.222412 -0.418165 1.85803 0 0.800007 0 
2 1 0 0.486737 0.486737 228.989 -0.22895 -0.425681 -0.22895 -0.425681 1.8334 0 0.796207 0 
2 1 0 0.487605 0.487605 228.989 -0.23557 -0.433126 -0.23557 -0.433126 1.80901 0 0.792438 0 
2 1 0 0.488457 0.488457 228.989 -0.242271 -0.4405 -0.242271 -0.4405 1.78488 0 0.788699 0 
2 1 0 0.489292 0.489292 228.989 -0.249054 -0.447801 -0.249054 -0.447801 1.76099 0 0.784993 0 
2 1 0 0.490109 0.490109 228.989 -0.255918 -0.455029 -0.255918 -0.455029 1.73734 0 0.781321 0 
2 1 0 0.490909 0.490909 228.989 -0.262861 -0.462181 -0.262861 -0.462181 1.71394 0 0.777683 0 
2 1 0 0.49169 0.49169 228.989 -0.269885 -0.469257 -0.269885 -0.469257 1.69077 0 0.774081 0 
2 1 0 0.492453 0.492453 228.989 -0.276988 -0.476256 -0.276988 -0.476256 1.66784 0 0.770516 0 
2 1 0 0.493198 0.493198 228.989 -0.284169 -0.483175 -0.284169 -0.483175 1.64514 0 0.76699 0 
2 1 0 0.493923 0.493923 228.989 -0.291429 -0.490016 -0.291429 -0.490016 1.62268 0 0.763503 0 
2 1 0 0.49463 0.49463 228.989 -0.298765 -0.496775 -0.298765 -0.496775 1.60044 0 0.760058 0 
2 1 0 0.495316 0.495316 228.989 -0.306178 -0.503452 -0.306178 -0.503452 1.57843 0 0.756654 0 
2 1 0 0.495983 0.495983 228.989 -0.313667 -0.510047 -0.313667 -0.510047 1.55664 0 0.753294 0 
2 1 0 0.49663 0.49663 228.989 -0.32123 -0.516558 -0.32123 -0.516558 1.53507 0 0.74998 0 
2 1 0 0.497256 0.497256 228.989 -0.328867 -0.522984 -0.328867 -0.522984 1.51372 0 0.746712 0 
2 1 0 0.497861 0.497861 228.989 -0.336577 -0.529325 -0.336577 -0.529325 1.49259 0 0.743492 0 
2 1 0 0.498446 0.498446 228.989 -0.344359 -0.535579 -0.344359 -0.535579 1.47166 0 0.740322 0 
2 1 0 0.49901 0.49901 228.989 -0.352212 -0.541746 -0.352212 -0.541746 1.45094 0 0.737203 0 
2 1 0 0.499552 0.499552 228.989 -0.360134 -0.547825 -0.360134 -0.547825 1.43043 0 0.734138 0 
2 1 0 0.500073 0.500073 228.989 -0.368126 -0.553815 -0.368126 -0.553815 1.41012 0 0.731127 0 
2 1 0 0.500572 0.500572 228.989 -0.376184 -0.559716 -0.376184 -0.559716 1.39 0 0.728174 0 
2 1 0 0.50105 0.50105 228.989 -0.384309 -0.565527 -0.384309 -0.565527 1.37008 0 0.725279 0 
2 1 0 0.501505 0.501505 228.989 -0.3925 -0.571247 -0.3925 -0.571247 1.35034 0 0.722446 0 
2 1 0 0.501938 0.501938 228.989 -0.400754 -0.576877 -0.400754 -0.576877 1.33079 0 0.719676 0 
2 1 0 0.502349 0.502349 228.989 -0.409071 -0.582415 -0.409071 -0.582415 1.31142 0 0.716972 0 
2 1 0 0.502737 0.502737 228.989 -0.41745 -0.587861 -0.41745 -0.587861 1.29223 0 0.714337 0 
2 1 0 0.503102 0.503102 228.989 -0.425888 -0.593215 -0.425888 -0.593215 1.27321 0 0.711773 0 
2 1 0 0.503445 0.503445 228.989 -0.434386 -0.598477 -0.434386 -0.598477 1.25435 0 0.709285 0 
2 1 0 0.503764 0.503764 228.989 -0.442941 -0.603646 -0.442941 -0.603646 1.23565 0 0.706874 0 
2 1 0 0.504061 0.504061 228.989 -0.451553 -0.608722 -0.451553 -0.608722 1.2171 0 0.704546 0 
2 1 0 0.504335 0.504335 228.989 -0.46022 -0.613704 -0.46022 -0.613704 1.1987 0 0.702304 0 
2 1 0 0.504585 0.504585 228.989 -0.46894 -0.618594 -0.46894 -0.618594 1.18044 0 0.700153 0 
2 1 0 0.504813 0.504813 228.989 -0.477712 -0.62339 -0.477712 -0.62339 1.16231 0 0.698098 0 
2 1 0 0.505017 0.505017 228.989 -0.486536 -0.628093 -0.486536 -0.628093 1.14431 0 0.696145 0 
2 1 0 0.505197 0.505197 228.989 -0.495409 -0.632702 -0.495409 -0.632702 1.12642 0 0.694301 0 
2 1 0 0.505355 0.505355 228.989 -0.50433 -0.637218 -0.50433 -0.637218 1.10863 0 0.692574 0 
2 1 0 0.505488 0.505488 228.989 -0.513299 -0.641641 -0.513299 -0.641641 1.09094 0 0.690972 0 
2 1 0 0.505599 0.505599 228.989 -0.522313 -0.645971 -0.522313 -0.645971 1.07333 0 0.689506 0 
2 1 0 0.505685 0.505685 228.989 -0.531371 -0.650208 -0.531371 -0.650208 1.05578 0 0.688187 0 
2 1 0 0.505749 0.505749 228.989 -0.540472 -0.654353 -0.540472 -0.654353 1.03828 0 0.68703 0 
2 1 0 0.505789 0.505789 228.989 -0.549615 -0.658405 -0.549615 -0.658405 1.02082 0 0.686051 0 
2 1 0 0.505805 0.505805 228.989 -0.558798 -0.662365 -0.558798 -0.662365 1.00336 0 0.68527 0 
1 1 0 0.505805 0.505805 228.989 -0.560567 -0.663116 -0.560567 -0.663116 0.999999 0 0.685145 0 
1 1 0 0.505794 0.505794 228.989 -0.569796 -0.666967 -0.569796 -0.666967 0.982512 0 0.684635 0 
1 1 0 0.505758 0.505758 228.989 -0.579063 -0.670726 -0.579063 -0.670726 0.964962 0 0.684386 0 
1 1 0 0.5057 0.5057 228.989 -0.588366 -0.674395 -0.588366 -0.674395 0.947307 0 0.684441 0 
1 1 0 0.505617 0.505617 228.989 -0.597704 -0.677973 -0.597704 -0.677973 0.929488 0 0.684853 0 
1 1 0 0.505512 0.505512 228.989 -0.607076 -0.681461 -0.607076 -0.681461 0.91143 0 0.685698 0 
1 1 0 0.505383 0.505383 228.989 -0.61648 -0.68486 -0.61648 -0.68486 0.893025 0 0.687079 0 
1 1 0 0.50523 0.50523 228.989 -0.625916 -0.68817 -0.625916 -0.68817 0.874116 0 0.689151 0 
1 1 0 0.505054 0.505054 228.989 -0.635382 -0.691391 -0.635382 -0.691391 0.854457 0 0.692157 0 
1 1 0 0.504855 0.504855 228.989 -0.644877 -0.694524 -0.644877 -0.694524 0.833611 0 0.696533 0 
1 1 0 0.504633 0.504633 228.989 -0.654399 -0.69757 -0.654399 -0.69757 0.810662 0 0.70319 0 
1 1 0 0.504387 0.504387 228.989 -0.663949 -0.700529 -0.663949 -0.700529 0.782826 0 0.714911 0 
1 1 0 0.504118 0.504118 206.591 -0.673524 -0.703402 -0.673524 -0.703402 0.740898 0.0225404 0.740898 -0.0225404 
1 1 0 0.503826 0.503826 100.68 -0.683124 -0.706189 -0.683124 -0.706189 0.733013 0.045805 0.733013 -0.045805 
1 1 0 0.503511 0.503511 75.9177 -0.692747 -0.708891 -0.692747 -0.708891 0.725213 0.0601583 0.725213 -0.0601583 
1 1 0 0.503173 0.503173 63.5032 -0.702393 -0.711509 -0.702393 -0.711509 0.717496 0.0712237 0.717496 -0.0712237 
1 1 0 0.502812 0.502812 55.7231 -0.71206 -0.714043 -0.71206 -0.714043 0.709861 0.080383 0.709861 -0.080383 
1 1 0 0.502428 0.502428 50.269 -0.721748 -0.716495 -0.721748 -0.716495 0.702307 0.0882422 0.702307 -0.0882422 
1 1 0 0.502022 0.502022 46.1762 -0.731455 -0.718864 -0.731455 -0.718864 0.694832 0.0951336 0.694832 -0.0951336 
1 1 0 0.501592 0.501592 42.9606 -0.741181 -0.721151 -0.741181 -0.721151 0.687436 0.101264 0.687436 -0.101264 
1 1 0 0.501139 0.501139 40.3495 -0.750924 -0.723357 -0.750924 -0.723357 0.680117 0.106771 0.680117 -0.106771 
1 1 0 0.500664 0.500664 38.1758 -0.760684 -0.725483 -0.760684 -0.725483 0.672874 0.111756 0.672874 -0.111756 
1 1 0 0.500166 0.500166 36.3305 -0.77046 -0.72753 -0.77046 -0.72753 0.665705 0.116292 0.665705 -0.116292 
1 1 0 0.499646 0.499646 34.7395 -0.780251 -0.729497 -0.780251 -0.729497 0.65861 0.120436 0.65861 -0.120436 
1 1 0 0.499103 0.499103 33.35 -0.790057 -0.731386 -0.790057 -0.731386 0.651588 0.124233 0.651588 -0.124233 
1 1 0 0.498537 0.498537 32.1235 -0.799875 -0.733198 -0.799875 -0.733198 0.644637 0.12772 0.644637 -0.12772 
1 1 0 0.497949 0.497949 31.0311 -0.809706 -0.734933 -0.809706 -0.734933 0.637756 0.130927 0.637756 -0.130927 
1 1 0 0.497338 0.497338 30.0506 -0.819549 -0.736592 -0.819549 -0.736592 0.630944 0.133879 0.630944 -0.133879 
1 1 0 0.496705 0.496705 29.1647 -0.829403 -0.738175 -0.829403 -0.738175 0.6242 0.136596 0.6242 -0.136596 
1 1 0 0.49605 0.49605 28.3596 -0.839267 -0.739683 -0.839267 -0.739683 0.617524 0.139098 0.617524 -0.139098 
1 1 0 0.495372 0.495372 27.6243 -0.849141 -0.741117 -0.849141 -0.741117 0.610913 0.1414 0.610913 -0.1414 
1 1 0 0.494672 0.494672 26.9496 -0.859024 -0.742477 -0.859024 -0.742477 0.604367 0.143515 0.604367 -0.143515 
1 1 0 0.493949 0.493949 26.3282 -0.868914 -0.743765 -0.868914 -0.743765 0.597885 0.145456 0.597885 -0.145456 
1 1 0 0.493204 0.493204 25.7539 -0.878812 -0.744981 -0.878812 -0.744981 0.591466 0.147233 0.591466 -0.147233 
1 1 0 0.492437 0.492437 25.2214 -0.888717 -0.746124 -0.888717 -0.746124 0.58511 0.148855 0.58511 -0.148855 
1 1 0 0.491648 0.491648 24.7263 -0.898629 -0.747197 -0.898629 -0.747197 0.578814 0.150332 0.578814 -0.150332 
1 1 0 0.490836 0.490836 24.2649 -0.908545 -0.7482 -0.908545 -0.7482 0.572578 0.151669 0.572578 -0.151669 
1 1 0 0.490003 0.490003 23.834 -0.918467 -0.749133 -0.918467 -0.749133 0.566402 0.152874 0.566402 -0.152874 
1 1 0 0.489146 0.489146 23.4307 -0.928393 -0.749996 -0.928393 -0.749996 0.560284 0.153954 0.560284 -0.153954 
1 1 0 0.488268 0.488268 23.0527 -0.938323 -0.750791 -0.938323 -0.750791 0.554223 0.154913 0.554223 -0.154913 
1 1 0 0.487367 0.487367 22.6978 -0.948256 -0.751518 -0.948256 -0.751518 0.548219 0.155756 0.548219 -0.155756 
1 1 0 0.486444 0.486444 22.3643 -0.958192 -0.752178 -0.958192 -0.752178 0.542271 0.156489 0.542271 -0.156489 
1 1 0 0.485499 0.485499 22.0505 -0.96813 -0.75277 -0.96813 -0.75277 0.536378 0.157114 0.536378 -0.157114 
1 1 0 0.484531 0.484531 21.755 -0.978069 -0.753296 -0.978069 -0.753296 0.530539 0.157636 0.530539 -0.157636 
1 1 0 0.483541 0.483541 21.4765 -0.988009 -0.753757 -0.988009 -0.753757 0.524753 0.158058 0.524753 -0.158058 
1 1 0 0.482528 0.482528 21.214 -0.99795 -0.754151 -0.99795 -0.754151 0.51902 0.158383 0.51902 -0.158383 
1 1 0 0.481493 0.481493 20.9664 -1.00789 -0.754481 -1.00789 -0.754481 0.51334 0.158614 0.51334 -0.158614 
1 1 0 0.480436 0.480436 20.7329 -1.01783 -0.754746 -1.01783 -0.754746 0.50771 0.158754 0.50771 -0.158754 
1 1 0 0.479356 0.479356 20.5128 -1.02777 -0.754947 -1.02777 -0.754947 0.502131 0.158804 0.502131 -0.158804 
1 1 0 0.478253 0.478253 20.3053 -1.03771 -0.755085 -1.03771 -0.755085 0.496603 0.158767 0.496603 -0.158767 
1 1 0 0.477128 0.477128 20.1098 -1.04765 -0.755159 -1.04765 -0.755159 0.491123 0.158645 0.491123 -0.158645 
1 1 0 0.475979 0.475979 19.9259 -1.05758 -0.75517 -1.05758 -0.75517 0.485693 0.158439 0.485693 -0.158439 
1 1 0 0.474808 0.474808 19.753 -1.06751 -0.755118 -1.06751 -0.755118 0.48031 0.158151 0.48031 -0.158151 
1 1 0 0.473614 0.473614 19.5908 -1.07744 -0.755004 -1.07744 -0.755004 0.474975 0.157782 0.474975 -0.157782 
1 1 0 0.472397 0.472397 19.439 -1.08736 -0.754829 -1.08736 -0.754829 0.469688 0.157333 0.469688 -0.157333 
1 1 0 0.471156 0.471156 19.2971 -1.09728 -0.754591 -1.09728 -0.754591 0.464447 0.156806 0.464447 -0.156806 
1 1 0 0.469893 0.469893 19.165 -1.1072 -0.754292 -1.1072 -0.754292 0.459252 0.156201 0.459252 -0.156201 
1 1 0 0.468605 0.468605 19.0425 -1.11711 -0.753932 -1.11711 -0.753932 0.454102 0.155519 0.454102 -0.155519 
1 1 0 0.467295 0.467295 18.9295 -1.12702 -0.753511 -1.12702 -0.753511 0.448998 0.15476 0.448998 -0.15476 
1 1 0 0.46596 0.46596 18.8257 -1.13691 -0.75303 -1.13691 -0.75303 0.443939 0.153925 0.443939 -0.153925 
1 1 0 0.464602 0.464602 18.7312 -1.14681 -0.752487 -1.14681 -0.752487 0.438924 0.153015 0.438924 -0.153015 
1 1 0 0.46322 0.46322 18.646 -1.15669 -0.751884 -1.15669 -0.751884 0.433953 0.152028 0.433953 -0.152028 
1 1 0 0.461813 0.461813 18.5701 -1.16657 -0.751221 -1.16657 -0.751221 0.429026 0.150966 0.429026 -0.150966 
1 1 0 0.460383 0.460383 18.5035 -1.17644 -0.750497 -1.17644 -0.750497 0.424142 0.149828 0.424142 -0.149828 
1 1 0 0.458927 0.458927 18.4463 -1.18631 -0.749714 -1.18631 -0.749714 0.419301 0.148615 0.419301 -0.148615 
1 1 0 0.457447 0.457447 18.3989 -1.19616 -0.74887 -1.19616 -0.74887 0.414503 0.147324 0.414503 -0.147324 
1 1 0 0.455942 0.455942 18.3613 -1.206 -0.747966 -1.206 -0.747966 0.409748 0.145957 0.409748 -0.145957 
1 1 0 0.454412 0.454412 18.3339 -1.21584 -0.747001 -1.21584 -0.747001 0.405035 0.144511 0.405035 -0.144511 
1 1 0 0.452857 0.452857 18.3171 -1.22566 -0.745977 -1.22566 -0.745977 0.400364 0.142987 0.400364 -0.142987 
1 1 0 0.451276 0.451276 18.3112 -1.23548 -0.744892 -1.23548 -0.744892 0.395735 0.141383 0.395735 -0.141383 
1 1 0 0.449669 0.449669 18.3169 -1.24528 -0.743746 -1.24528 -0.743746 0.391149 0.139697 0.391149 -0.139697 
1 1 0 0.448036 0.448036 18.3346 -1.25507 -0.74254 -1.25507 -0.74254 0.386604 0.137929 0.386604 -0.137929 
1 1 0 0.446376 0.446376 18.3652 -1.26485 -0.741273 -1.26485 -0.741273 0.382101 0.136077 0.382101 -0.136077 
1 1 0 0.44469 0.44469 18.4095 -1.27462 -0.739946 -1.27462 -0.739946 0.377639 0.134138 0.377639 -0.134138 
1 1 0 0.442977 0.442977 18.4685 -1.28438 -0.738557 -1.28438 -0.738557 0.373219 0.13211 0.373219 -0.13211 
1 1 0 0.441237 0.441237 18.5433 -1.29412 -0.737106 -1.29412 -0.737106 0.368841 0.129991 0.368841 -0.129991 
1 1 0 0.439469 0.439469 18.6354 -1.30384 -0.735594 -1.30384 -0.735594 0.364505 0.127777 0.364505 -0.127777 
1 1 0 0.437674 0.437674 18.7462 -1.31355 -0.73402 -1.31355 -0.73402 0.36021 0.125466 0.36021 -0.125466 
1 1 0 0.43585 0.43585 18.8778 -1.32325 -0.732383 -1.32325 -0.732383 0.355957 0.123053 0.355957 -0.123053 
1 1 0 0.433998 0.433998 19.0324 -1.33293 -0.730683 -1.33293 -0.730683 0.351747 0.120534 0.351747 -0.120534 
1 1 0 0.432117 0.432117 19.2126 -1.34259 -0.72892 -1.34259 -0.72892 0.347578 0.117904 0.347578 -0.117904 
1 1 0 0.430207 0.430207 19.4218 -1.35223 -0.727093 -1.35223 -0.727093 0.343452 0.115157 0.343452 -0.115157 
1 1 0 0.428267 0.428267 19.6638 -1.36186 -0.725201 -1.36186 -0.725201 0.339368 0.112286 0.339368 -0.112286 
1 1 0 0.426297 0.426297 19.9435 -1.37147 -0.723245 -1.37147 -0.723245 0.335328 0.109285 0.335328 -0.109285 
1 1 0 0.424296 0.424296 20.2668 -1.38105 -0.721223 -1.38105 -0.721223 0.33133 0.106143 0.33133 -0.106143 
1 1 0 0.422265 0.422265 20.6412 -1.39062 -0.719135 -1.39062 -0.719135 0.327376 0.10285 0.327376 -0.10285 
1 1 0 0.420203 0.420203 21.0761 -1.40017 -0.716981 -1.40017 -0.716981 0.323465 0.0993933 0.323465 -0.0993933 
1 1 0 0.418109 0.418109 21.5838 -1.40969 -0.714759 -1.40969 -0.714759 0.319599 0.0957578 0.319599 -0.0957578 
1 1 0 0.415983 0.415983 22.1804 -1.41919 -0.712468 -1.41919 -0.712468 0.315777 0.0919246 0.315777 -0.0919246 
1 1 0 0.413824 0.413824 22.8875 -1.42866 -0.710109 -1.42866 -0.710109 0.312001 0.0878707 0.312001 -0.0878707 
1 1 0 0.411633 0.411633 23.735 -1.43811 -0.70768 -1.43811 -0.70768 0.308269 0.0835669 0.308269 -0.0835669 
1 1 0 0.409408 0.409408 24.7659 -1.44754 -0.70518 -1.44754 -0.70518 0.304584 0.0789757 0.304584 -0.0789757 
1 1 0 0.407149 0.407149 26.0436 -1.45693 -0.702608 -1.45693 -0.702608 0.300945 0.0740471 0.300945 -0.0740471 
1 1 0 0.404855 0.404855 27.6678 -1.4663 -0.699964 -1.4663 -0.699964 0.297353 0.0687124 0.297353 -0.0687124 
1 1 0 0.402527 0.402527 29.8047 -1.47564 -0.697247 -1.47564 -0.697247 0.293809 0.0628727 0.293809 -0.0628727 
1 1 0 0.400163 0.400163 32.7584 -1.48495 -0.694455 -1.48495 -0.694455 0.290313 0.0563762 0.290313 -0.0563762 
1 1 0 0.397763 0.397763 37.1631 -1.49422 -0.691588 -1.49422 -0.691588 0.286866 0.0489681 0.286866 -0.0489681 
1 1 0 0.395327 0.395327 44.6514 -1.50346 -0.688644 -1.50346 -0.688644 0.283469 0.040154 0.283469 -0.040154 
1 1 0 0.392854 0.392854 61.5913 -1.51267 -0.685622 -1.51267 -0.685622 0.280121 0.0286759 0.280121 -0.0286759 
1 1 0 0.390343 0.390343 326.635 -1.52184 -0.682522 -1.52184 -0.682522 0.276825 0.00532568 0.276825 -0.00532568 
1 1 0 0.387794 0.387794 326.635 -1.53097 -0.679341 -1.53097 -0.679341 0.245852 0 0.301308 0 
1 1 0 0.385207 0.385207 326.635 -1.54007 -0.67608 -1.54007 -0.67608 0.230781 0 0.309994 0 
1 1 0 0.382581 0.382581 326.635 -1.54912 -0.672736 -1.54912 -0.672736 0.218561 0 0.315936 0 
1 1 0 0.379915 0.379915 326.635 -1.55813 -0.669308 -1.55813 -0.669308 0.207828 0 0.320498 0 
1 1 0 0.377209 0.377209 326.635 -1.56709 -0.665796 -1.56709 -0.665796 0.198067 0 0.324199 0 
1 1 0 0.374463 0.374463 326.635 -1.57601 -0.662197 -1.57601 -0.662197 0.189014 0 0.327302 0 
1 1 0 0.371675 0.371675 326.635 -1.58488 -0.658511 -1.58488 -0.658511 0.180515 0 0.329964 0 
1 1 0 0.368847 0.368847 326.635 -1.59369 -0.654737 -1.59369 -0.654737 0.172472 0 0.332285 0 
1 1 0 0.365976 0.365976 326.635 -1.60246 -0.650872 -1.60246 -0.650872 0.164816 0 0.334334 0 
1 1 0 0.363063 0.363063 326.635 -1.61117 -0.646916 -1.61117 -0.646916 0.157499 0 0.336163 0 
1 1 0 0.360107 0.360107 326.635 -1.61982 -0.642868 -1.61982 -0.642868 0.150484 0 0.337808 0 
1 1 0 0.357107 0.357107 326.635 -1.62842 -0.638725 -1.62842 -0.638725 0.143745 0 0.3393 0 
1 1 0 0.354065 0.354065 326.635 -1.63695 -0.634488 -1.63695 -0.634488 0.137259 0 0.340661 0 
1 1 0 0.350978 0.350978 326.635 -1.64542 -0.630154 -1.64542 -0.630154 0.131009 0 0.341909 0 
1 1 0 0.347848 0.347848 326.635 -1.65382 -0.625723 -1.65382 -0.625723 0.124981 0 0.34306 0 
1 1 0 0.344673 0.344673 326.635 -1.66215 -0.621194 -1.66215 -0.621194 0.119165 0 0.344127 0 
1 1 0 0.341454 0.341454 326.635 -1.67041 -0.616565 -1.67041 -0.616565 0.113551 0 0.345121 0 
1 1 0 0.33819 0.33819 326.635 -1.6786 -0.611835 -1.6786 -0.611835 0.10813 0 0.346049 0 
1 1 0 0.334881 0.334881 326.635 -1.68671 -0.607004 -1.68671 -0.607004 0.102898 0 0.34692 0 
1 1 0 0.331528 0.331528 326.635 -1.69473 -0.60207 -1.69473 -0.60207 0.0978466 0 0.347741 0 
1 1 0 0.32813 0.32813 326.635 -1.70268 -0.597034 -1.70268 -0.597034 0.0929728 0 0.348517 0 
1 1 0 0.324687 0.324687 326.635 -1.71053 -0.591893 -1.71053 -0.591893 0.0882716 0 0.349253 0 
1 1 0 0.3212 0.3212 326.635 -1.7183 -0.586649 -1.7183 -0.586649 0.0837394 0 0.349953 0 
1 1 0 0.317669 0.317669 326.635 -1.72598 -0.5813 -1.72598 -0.5813 0.0793726 0 0.350621 0 
1 1 0 0.314094 0.314094 326.635 -1.73356 -0.575845 -1.73356 -0.575845 0.075168 0 0.351261 0 
1 1 0 0.310475 0.310475 326.635 -1.74105 -0.570286 -1.74105 -0.570286 0.0711227 0 0.351875 0 
1 1 0 0.306814 0.306814 326.635 -1.74843 -0.564622 -1.74843 -0.564622 0.0672337 0 0.352465 0 
1 1 0 0.30311 0.30311 326.635 -1.75571 -0.558853 -1.75571 -0.558853 0.0634985 0 0.353035 0 
1 1 0 0.299365 0.299365 326.635 -1.76289 -0.552979 -1.76289 -0.552979 0.0599141 0 0.353586 0 
1 1 0 0.295579 0.295579 326.635 -1.76996 -0.547001 -1.76996 -0.547001 0.056478 0 0.354119 0 
1 1 0 0.291752 0.291752 326.635 -1.77691 -0.540919 -1.77691 -0.540919 0.0531873 0 0.354637 0 
1 1 0 0.287886 0.287886 326.635 -1.78376 -0.534735 -1.78376 -0.534735 0.0500393 0 0.35514 0 
1 1 0 0.283982 0.283982 326.635 -1.79049 -0.528449 -1.79049 -0.528449 0.0470312 0 0.355629 0 
1 1 0 0.280041 0.280041 326.635 -1.7971 -0.522063 -1.7971 -0.522063 0.04416 0 0.356106 0 
1 1 0 0.276063 0.276063 326.635 -1.80359 -0.515577 -1.80359 -0.515577 0.0414226 0 0.356571 0 
1 1 0 0.27205 0.27205 326.635 -1.80996 -0.508994 -1.80996 -0.508994 0.038816 0 0.357025 0 
1 1 0 0.268004 0.268004 326.635 -1.81621 -0.502314 -1.81621 -0.502314 0.0363369 0 0.357469 0 
1 1 0 0.263925 0.263925 326.635 -1.82233 -0.49554 -1.82233 -0.49554 0.033982 0 0.357903 0 
1 1 0 0.259814 0.259814 326.635 -1.82833 -0.488673 -1.82833 -0.488673 0.0317478 0 0.358326 0 
1 1 0 0.255674 0.255674 326.635 -1.8342 -0.481716 -1.8342 -0.481716 0.0296308 0 0.358741 0 
1 1 0 0.251505 0.251505 326.635 -1.83995 -0.474671 -1.83995 -0.474671 0.0276274 0 0.359146 0 
1 1 0 0.247309 0.247309 326.635 -1.84556 -0.46754 -1.84556 -0.46754 0.0257338 0 0.359543 0 
1 1 0 0.243087 0.243087 326.635 -1.85105 -0.460325 -1.85105 -0.460325 0.0239464 0 0.35993 0 
1 1 0 0.23884 0.23884 326.635 -1.85642 -0.453028 -1.85642 -0.453028 0.0222612 0 0.360309 0 
1 1 0 0.234571 0.234571 326.635 -1.86165 -0.445653 -1.86165 -0.445653 0.0206745 0 0.360679 0 
1 1 0 0.23028 0.23028 326.635 -1.86676 -0.438202 -1.86676 -0.438202 0.0191823 0 0.361039 0 
1 1 0 0.225968 0.225968 326.635 -1.87174 -0.430676 -1.87174 -0.430676 0.0177808 0 0.361391 0 
1 1 0 0.221638 0.221638 326.635 -1.87659 -0.42308 -1.87659 -0.42308 0.016466 0 0.361734 0 
1 1 0 0.21729 0.21729 326.635 -1.88132 -0.415415 -1.88132 -0.415415 0.0152341 0 0.362068 0 
1 1 0 0.212926 0.212926 326.635 -1.88593 -0.407685 -1.88593 -0.407685 0.0140812 0 0.362392 0 
1 1 0 0.208547 0.208547 326.635 -1.89041 -0.399891 -1.89041 -0.399891 0.0130035 0 0.362707 0 
1 1 0 0.204154 0.204154 326.635 -1.89477 -0.392036 -1.89477 -0.392036 0.0119974 0 0.363013 0 
1 1 0 0.199749 0.199749 326.635 -1.89901 -0.384123 -1.89901 -0.384123 0.011059 0 0.363309 0 
1 1 0 0.195331 0.195331 326.635 -1.90314 -0.376154 -1.90314 -0.376154 0.010185 0 0.363595 0 
1 1 0 0.190904 0.190904 326.635 -1.90715 -0.368133 -1.90715 -0.368133 0.00937165 0 0.363872 0 
1 1 0 0.186467 0.186467 326.635 -1.91104 -0.36006 -1.91104 -0.36006 0.0086157 0 0.364139 0 
1 1 0 0.182021 0.182021 326.635 -1.91482 -0.351939 -1.91482 -0.351939 0.00791382 0 0.364396 0 
1 1 0 0.177568 0.177568 326.635 -1.91849 -0.343772 -1.91849 -0.343772 0.00726284 0 0.364643 0 
1 1 0 0.173107 0.173107 326.635 -1.92206 -0.335561 -1.92206 -0.335561 0.0066597 0 0.36488 0 
1 1 0 0.168641 0.168641 326.635 -1.92552 -0.327309 -1.92552 -0.327309 0.00610145 0 0.365107 0 
1 1 0 0.16417 0.16417 326.635 -1.92887 -0.319016 -1.92887 -0.319016 0.00558527 0 0.365324 0 
1 1 0 0.159695 0.159695 326.635 -1.93213 -0.310686 -1.93213 -0.310686 0.00510848 0 0.365531 0 
1 1 0 0.155215 0.155215 326.635 -1.93528 -0.30232 -1.93528 -0.30232 0.00466849 0 0.365728 0 
1 1 0 0.150732 0.150732 326.635 -1.93834 -0.29392 -1.93834 -0.29392 0.00426286 0 0.365915 0 
1 1 0 0.146247 0.146247 326.635 -1.9413 -0.285488 -1.9413 -0.285488 0.00388925 0 0.366092 0 
1 1 0 0.141759 0.141759 326.635 -1.94418 -0.277026 -1.94418 -0.277026 0.00354548 0 0.366259 0 
1 1 0 0.13727 0.13727 326.635 -1.94696 -0.268534 -1.94696 -0.268534 0.00322944 0 0.366417 0 
1 1 0 0.132779 0.132779 326.635 -1.94966 -0.260016 -1.94966 -0.260016 0.00293917 0 0.366565 0 
1 1 0 0.128287 0.128287 326.635 -1.95227 -0.251471 -1.95227 -0.251471 0.00267281 0 0.366703 0 
1 1 0 0.123795 0.123795 326.635 -1.9548 -0.242902 -1.9548 -0.242902 0.0024286 0 0.366833 0 
1 1 0 0.119303 0.119303 326.635 -1.95725 -0.234311 -1.95725 -0.234311 0.00220492 0 0.366953 0 
1 1 0 0.114811 0.114811 326.635 -1.95963 -0.225697 -1.95963 -0.225697 0.00200021 0 0.367065 0 
1 1 0 0.110319 0.110319 326.635 -1.96192 -0.217062 -1.96192 -0.217062 0.00181303 0 0.367167 0 
1 1 0 0.105828 0.105828 326.635 -1.96415 -0.208408 -1.96415 -0.208408 0.00164203 0 0.367262 0 
1 1 0 0.101337 0.101337 326.635 -1.9663 -0.199736 -1.9663 -0.199736 0.00148594 0 0.367348 0 
1 1 0 0.0968475 0.0968475 326.635 -1.96838 -0.191047 -1.96838 -0.191047 0.0013436 0 0.367427 0 
1 1 0 0.092359 0.092359 326.635 -1.9704 -0.182341 -1.9704 -0.182341 0.0012139 0 0.367497 0 
1 1 0 0.0878718 0.0878718 326.635 -1.97235 -0.173619 -1.97235 -0.173619 0.00109582 0 0.367561 0 
1 1 0 0.0833859 0.0833859 326.635 -1.97424 -0.164883 -1.97424 -0.164883 0.000988408 0 0.367618 0 
1 1 0 0.0789015 0.0789015 326.635 -1.97606 -0.156133 -1.97606 -0.156133 0.000890792 0 0.367668 0 
1 1 0 0.0744187 0.0744187 326.635 -1.97783 -0.147371 -1.97783 -0.147371 0.000802152 0 0.367711 0 
1 1 0 0.0699376 0.0699376 326.635 -1.97954 -0.138595 -1.97954 -0.138595 0.000721731 0 0.367749 0 
1 1 0 0.0654581 0.0654581 326.635 -1.98119 -0.129809 -1.98119 -0.129809 0.000648832 0 0.367781 0 
1 1 0 0.0609805 0.0609805 326.635 -1.98279 -0.121011 -1.98279 -0.121011 0.000582807 0 0.367808 0 
1 1 0 0.0565046 0.0565046 326.635 -1.98434 -0.112203 -1.98434 -0.112203 0.000523059 0 0.367831 0 
1 1 0 0.0520306 0.0520306 326.635 -1.98583 -0.103386 -1.98583 -0.103386 0.00046904 0 0.367848 0 
1 1 0 0.0475585 0.0475585 326.635 -1.98728 -0.0945591 -1.98728 -0.0945591 0.000420241 0 0.367862 0 
1 1 0 0.0430883 0.0430883 326.635 -1.98868 -0.0857237 -1.98868 -0.0857237 0.000376198 0 0.367873 0 
1 1 0 0.03862 0.03862 326.635 -1.99003 -0.0768801 -1.99003 -0.0768801 0.000336481 0 0.36788 0 
1 1 0 0.0341536 0.0341536 326.635 -1.99134 -0.0680288 -1.99134 -0.0680288 0.000300698 0 0.367884 0 
1 1 0 0.0296892 0.0296892 326.635 -1.9926 -0.0591702 -1.9926 -0.0591702 0.000268486 0 0.367887 0 
1 1 0 0.0252268 0.0252268 326.635 -1.99382 -0.0503047 -1.99382 -0.0503047 0.000239516 0 0.367887 0 
1 1 0 0.0207663 0.0207663 326.635 -1.995 -0.0414327 -1.995 -0.0414327 0.000213485 0 0.367887 0 
1 1 0 0.0163078 0.0163078 326.635 -1.99614 -0.0325545 -1.99614 -0.0325545 0.000190114 0 0.367885 0 
1 1 0 0.0118512 0.0118512 326.635 -1.99724 -0.0236705 -1.99724 -0.0236705 0.000169152 0 0.367883 0 
1 1 0 0.00739668 0.00739668 326.635 -1.99831 -0.014781 -1.99831 -0.014781 0.000150367 0 0.367881 0 
1 1 0 0.00294411 0.00294411 326.635 -1.99934 -0.00588629 -1.99934 -0.00588629 0.000133549 0 0.36788 0 
1 1 0 -0.00150645 -0.00150645 326.635 -2.00033 0.00301341 -2.00033 0.00301341 0.000118504 0 0.36788 0 
2 2 0 0.43114 0.43114 326.635 -3.98797e-06 -1.24977e-05 -3.98797e-06 -1.24977e-05 0.000118504 0 0.36788 0 
1 2 0 0.432146 0.432146 326.635 1.13909e-11 2.39533e-11 1.13909e-11 2.39533e-11 0.000118504 0 0.36788 0 
2 2 0 0.433146 0.433146 326.635 8.82557e-09 2.78156e-08 8.82557e-09 2.78156e-08 3.33198 0 1.00661 0 
2 2 0 0.435146 0.435146 326.635 1.31869e-12 4.13991e-12 1.31869e-12 4.13991e-12 3.29734 0 1.01352 0 
2 2 0 0.439146 0.439146 326.635 2.29259e-14 6.733e-14 2.29259e-14 6.733e-14 3.22911 0 1.02771 0 
2 2 0 0.447146 0.447146 326.635 2.35706e-18 6.55391e-18 2.35706e-18 6.55391e-18 3.0965 0 1.05766 0 
2 2 0 0.457146 0.457146 326.635 1.62601e-20 4.18453e-20 1.62601e-20 4.18453e-20 2.93682 0 1.09854 0 
2 2 0 0.467146 0.467146 326.635 9.72703e-25 2.3154e-24 9.72703e-25 2.3154e-24 2.78213 0 1.14419 0 
2 2 0 0.477146 0.477146 326.635 5.2954e-27 1.16011e-26 5.2954e-27 1.16011e-26 2.63009 0 1.19614 0 
2 2 0 0.487146 0.487146 326.635 2.56408e-31 5.15193e-31 2.56408e-31 5.15193e-31 2.47745 0 1.25692 0 
2 2 0 0.497146 0.497146 326.635 1.18493e-33 2.17077e-33 1.18493e-33 2.17077e-33 2.31872 0 1.33134 0 
2 2 0 0.507146 0.507146 326.635 4.88024e-38 8.10001e-38 4.88024e-38 8.10001e-38 2.14156 0 1.43116 0 
2 2 0 0.517146 0.517146 326.635 1.97559e-40 2.94106e-40 1.97559e-40 2.94106e-40 1.88571 0 1.6161 0 
2 2 0 0.527146 0.527146 38.139 7.07944e-45 9.33806e-45 7.07944e-45 9.33806e-45 1.71841 0.285688 1.71841 -0.285688 
2 2 0 0.537146 0.537146 25.9172 2.53884e-47 2.90678e-47 2.53884e-47 2.90678e-47 1.68866 0.417602 1.68866 -0.417602 
2 2 0 0.547146 0.547146 21.055 7.95638e-52 7.6801e-52 7.95638e-52 7.6801e-52 1.66145 0.511068 1.66145 -0.511068 
2 2 0 0.557146 0.557146 18.285 2.51087e-54 1.92926e-54 2.51087e-54 1.92926e-54 1.63658 0.585605 1.63658 -0.585605 
2 2 0 0.567146 0.567146 16.447 6.76601e-59 3.69747e-59 6.76601e-59 3.69747e-59 1.6139 0.648405 1.6139 -0.648405 
2 2 0 0.577146 0.577146 15.1177 1.80276e-61 4.72881e-62 1.80276e-61 4.72881e-62 1.59323 0.703136 1.59323 -0.703136 
2 2 0 0.587146 0.587146 14.101 3.85546e-66 -5.64087e-67 3.85546e-66 -5.64087e-67 1.57444 0.751989 1.57444 -0.751989 
2 2 0 0.597146 0.597146 13.292 7.04648e-69 -7.12289e-69 7.04648e-69 -7.12289e-69 1.5574 0.79641 1.5574 -0.79641 
2 2 0 0.607146 0.607146 12.6292 5.27058e-74 -3.05114e-73 5.27058e-74 -3.05114e-73 1.54198 0.837415 1.54198 -0.837415 
2 2 0 0.617146 0.617146 12.0734 -2.86503e-76 -1.1214e-75 -2.86503e-76 -1.1214e-75 1.52807 0.875753 1.52807 -0.875753 
2 2 0 0.627146 0.627146 11.5988 -1.78806e-80 -3.05976e-80 -1.78806e-80 -3.05976e-80 1.51556 0.911997 1.51556 -0.911997 
2 2 0 0.637146 0.637146 11.1873 -7.81872e-83 -7.88537e-83 -7.81872e-83 -7.88537e-83 1.50437 0.946598 1.50437 -0.946598 
2 2 0 0.647146 0.647146 10.8258 -2.39263e-87 -1.43235e-87 -2.39263e-87 -1.43235e-87 1.49439 0.979915 1.49439 -0.979915 
2 2 0 0.657146 0.657146 10.5047 -7.15374e-90 -1.52915e-90 -7.15374e-90 -1.52915e-90 1.48555 1.01224 1.48555 -1.01224 
2 2 0 0.667146 0.667146 10.2169 -1.5986e-94 3.37897e-95 -1.5986e-94 3.37897e-95 1.47777 1.04383 1.47777 -1.04383 
2 2 0 0.677146 0.677146 9.95667 -3.18891e-97 3.17211e-97 -3.18891e-97 3.17211e-97 1.47097 1.07488 1.47097 -1.07488 
2 2 0 0.687146 0.687146 9.71961 -3.21558e-102 1.19902e-101 -3.21558e-102 1.19902e-101 1.46509 1.10557 1.46509 -1.10557 
2 2 0 0.697146 0.697146 9.50224 8.15321e-105 4.1666e-104 8.15321e-105 4.1666e-104 1.46005 1.13604 1.46005 -1.13604 
2 2 0 0.707146 0.707146 9.3017 5.9254e-109 1.02096e-108 5.9254e-109 1.02096e-108 1.45581 1.16643 1.45581 -1.16643 
2 2 0 0.717146 0.717146 9.11571 2.73939e-111 2.35641e-111 2.73939e-111 2.35641e-111 1.4523 1.19685 1.4523 -1.19685 
2 2 0 0.727146 0.727146 8.94234 8.07824e-116 3.336e-116 8.07824e-116 3.336e-116 1.44946 1.22741 1.44946 -1.22741 
2 2 0 0.737146 0.737146 8.78003 2.39093e-118 -5.37665e-120 2.39093e-118 -5.37665e-120 1.44725 1.25817 1.44725 -1.25817 
2 2 0 0.747146 0.747146 8.62744 4.9908e-123 -2.49968e-123 4.9908e-123 -2.49968e-123 1.44561 1.28923 1.44561 -1.28923 
2 2 0 0.757146 0.757146 8.48346 9.00638e-126 -1.40501e-125 9.00638e-126 -1.40501e-125 1.4445 1.32066 1.4445 -1.32066 
2 2 0 0.767146 0.767146 8.34713 5.65524e-131 -4.36073e-130 5.65524e-131 -4.36073e-130 1.44387 1.3525 1.44387 -1.3525 
2 2 0 0.777146 0.777146 8.21765 -4.32283e-133 -1.36369e-132 -4.32283e-133 -1.36369e-132 1.44367 1.38483 1.44367 -1.38483 
2 2 0 0.787146 0.787146 8.09431 -2.20627e-137 -2.91559e-137 -2.20627e-137 -2.91559e-137 1.44386 1.41768 1.44386 -1.41768 
2 2 0 0.797146 0.797146 7.97653 -9.44703e-140 -5.61927e-140 -9.44703e-140 -5.61927e-140 1.44441 1.4511 1.44441 -1.4511 
2 2 0 0.807146 0.807146 7.86378 -2.54562e-144 -4.71354e-145 -2.54562e-144 -4.71354e-145 1.44525 1.48513 1.44525 -1.48513 
2 2 0 0.817146 0.817146 7.7556 -7.17447e-147 2.00366e-147 -7.17447e-147 2.00366e-147 1.44637 1.5198 1.44637 -1.5198 
2 2 0 0.827146 0.827146 7.6516 -1.36456e-151 1.12411e-151 -1.36456e-151 1.12411e-151 1.44771 1.55514 1.44771 -1.55514 
2 2 0 0.837146 0.837146 7.55145 -2.06716e-154 5.05371e-154 -2.06716e-154 5.05371e-154 1.44925 1.59119 1.44925 -1.59119 
2 2 0 0.847146 0.847146 7.45482 -5.19009e-162 1.3599e-158 -5.19009e-162 1.3599e-158 1.45093 1.62797 1.45093 -1.62797 
2 2 0 0.857146 0.857146 7.36146 1.80286e-161 3.90068e-161 1.80286e-161 3.90068e-161 1.45272 1.66548 1.45272 -1.66548 
2 2 0 0.867146 0.867146 7.27113 7.25742e-166 7.39679e-166 7.25742e-166 7.39679e-166 1.45459 1.70376 1.45459 -1.70376 
2 2 0 0.877146 0.877146 7.18362 2.91636e-168 1.14447e-168 2.91636e-168 1.14447e-168 1.4565 1.74282 1.4565 -1.74282 
2 2 0 0.887146 0.887146 7.09874 7.265e-173 1.24767e-174 7.265e-173 1.24767e-174 1.45841 1.78267 1.45841 -1.78267 
2 2 0 0.897146 0.897146 7.01632 1.97086e-175 -9.33404e-176 1.97086e-175 -9.33404e-176 1.46028 1.82331 1.46028 -1.82331 
2 2 0 0.907146 0.907146 6.93621 3.48623e-180 -3.72397e-180 3.48623e-180 -3.72397e-180 1.46208 1.86476 1.46208 -1.86476 
2 2 0 0.917146 0.917146 6.85829 4.49374e-183 -1.52002e-182 4.49374e-183 -1.52002e-182 1.46376 1.90701 1.46376 -1.90701 
2 2 0 0.927146 0.927146 6.78243 -2.54541e-188 -3.73231e-187 -2.54541e-188 -3.73231e-187 1.46531 1.95007 1.46531 -1.95007 
2 2 0 0.937146 0.937146 6.70852 -5.69086e-190 -1.01922e-189 -5.69086e-190 -1.01922e-189 1.46666 1.99393 1.46666 -1.99393 
2 2 0 0.947146 0.947146 6.63646 -2.02656e-194 -1.78498e-194 -2.02656e-194 -1.78498e-194 1.4678 2.03858 1.4678 -2.03858 
2 2 0 0.957146 0.957146 6.56618 -7.99107e-197 -2.30391e-197 -7.99107e-197 -2.30391e-197 1.46868 2.08403 1.46868 -2.08403 
2 2 0 0.967146 0.967146 6.49757 -1.89331e-201 1.16915e-202 -1.89331e-201 1.16915e-202 1.46927 2.13025 1.46927 -2.13025 
2 2 0 0.977146 0.977146 6.43058 -5.11351e-204 2.87687e-204 -5.11351e-204 2.87687e-204 1.46953 2.17723 1.46953 -2.17723 
2 2 0 0.987146 0.987146 6.36514 -8.79424e-209 1.00365e-208 -8.79424e-209 1.00365e-208 1.46942 2.22495 1.46942 -2.22495 
2 2 0 0.997146 0.997146 6.30117 -1.11261e-211 4.00073e-211 -1.11261e-211 4.00073e-211 1.46892 2.2734 1.46892 -2.2734 
2 2 0 1.00715 1.00715 6.23864 5.59169e-217 9.33115e-216 5.59169e-217 9.33115e-216 1.46798 2.32254 1.46798 -2.32254 
2 2 0 0.43114 0.43114 6.23864 -3.98797e-06 -1.24977e-05 -3.98797e-06 -1.24977e-05 1.46798 2.32254 1.46798 -2.32254 
2 2 0 0.43013 0.43013 6.23864 -6.67204e-14 -2.10997e-13 -6.67204e-14 -2.10997e-13 1.46798 2.32254 1.46798 -2.32254 
2 2 0 0.42913 0.42913 6.23864 2.09372e-08 6.5768e-08 2.09372e-08 6.5768e-08 3.40266 0 0.993067 0 
2 2 0 0.42713 0.42713 6.23864 4.35711e-12 1.36931e-11 4.35711e-12 1.36931e-11 3.43845 0 0.986483 0 
2 2 0 0.42313 0.42313 6.23864 -8.20727e-14 -2.75362e-13 -8.20727e-14 -2.75362e-13 3.51127 0 0.973618 0 
2 2 0 0.41513 0.41513 6.23864 -6.22875e-18 -2.21332e-17 -6.22875e-18 -2.21332e-17 3.66219 0 0.949015 0 
2 2 0 0.40513 0.40513 6.23864 4.32215e-20 1.65769e-19 4.32215e-20 1.65769e-19 3.86185 0 0.920146 0 
2 2 0 0.39513 0.39513 6.23864 1.8788e-24 7.77164e-24 1.8788e-24 7.77164e-24 4.07532 0 0.893108 0 
2 2 0 0.38513 0.38513 6.23864 -1.0021e-26 -4.45854e-26 -1.0021e-26 -4.45854e-26 4.30439 0 0.867673 0 
2 2 0 0.37513 0.37513 6.23864 -3.60324e-31 -1.722e-30 -3.60324e-31 -1.722e-30 4.55099 0 0.843653 0 
2 2 0 0.36513 0.36513 6.23864 1.59747e-33 8.1972e-33 1.59747e-33 8.1972e-33 4.81724 0 0.820896 0 
2 2 0 0.35513 0.35513 6.23864 4.97802e-38 2.74088e-37 4.97802e-38 2.74088e-37 5.10548 0 0.799271 0 
2 2 0 0.34513 0.34513 6.23864 -1.90568e-40 -1.12566e-39 -1.90568e-40 -1.12566e-39 5.41827 0 0.77867 0 
2 2 0 0.33513 0.33513 6.23864 -5.28074e-45 -3.34527e-44 -5.28074e-45 -3.34527e-44 5.75851 0 0.758999 0 
2 2 0 0.32513 0.32513 6.23864 1.78402e-47 1.21224e-46 1.78402e-47 1.21224e-46 6.12942 0 0.740178 0 
2 2 0 0.31513 0.31513 6.23864 4.46215e-52 3.25216e-51 4.46215e-52 3.25216e-51 6.5346 0 0.722136 0 
2 2 0 0.30513 0.30513 6.23864 -1.34844e-54 -1.05459e-53 -1.34844e-54 -1.05459e-53 6.97814 0 0.704812 0 
2 2 0 0.29513 0.29513 6.23864 -3.0723e-59 -2.57898e-58 -3.0723e-59 -2.57898e-58 7.46465 0 0.688152 0 
2 2 0 0.28513 0.28513 6.23864 8.377e-62 7.55264e-61 8.377e-62 7.55264e-61 7.99934 0 0.672107 0 
2 2 0 0.27513 0.27513 6.23864 1.74836e-66 1.6939e-65 1.74836e-66 1.6939e-65 8.58814 0 0.656635 0 
2 2 0 0.26513 0.26513 6.23864 -4.32465e-69 -4.50676e-68 -4.32465e-69 -4.50676e-68 9.23776 0 0.641698 0 
2 2 0 0.25513 0.25513 6.23864 -8.29332e-74 -9.30337e-73 -8.29332e-74 -9.30337e-73 9.95591 0 0.627261 0 
2 2 0 0.24513 0.24513 6.23864 1.86672e-76 2.25695e-75 1.86672e-76 2.25695e-75 10.7514 0 0.613295 0 
2 2 0 0.23513 0.23513 6.23864 3.29283e-81 4.29558e-80 3.29283e-81 4.29558e-80 11.6341 0 0.599769 0 
2 2 0 0.22513 0.22513 6.23864 -6.7522e-84 -9.51886e-83 -6.7522e-84 -9.51886e-83 12.6158 0 0.586661 0 
2 2 0 0.21513 0.21513 6.23864 -1.09492e-88 -1.67052e-87 -1.09492e-88 -1.67052e-87 13.7095 0 0.573945 0 
2 2 0 0.20513 0.20513 6.23864 2.04417e-91 3.38195e-90 2.04417e-91 3.38195e-90 14.9307 0 0.561602 0 
2 2 0 0.19513 0.19513 6.23864 3.04026e-96 5.46497e-95 3.04026e-96 5.46497e-95 16.2968 0 0.549612 0 
2 2 0 0.18513 0.18513 6.23864 -5.15534e-99 -1.00935e-97 -5.15534e-99 -1.00935e-97 17.8283 0 0.537957 0 
2 2 0 0.17513 0.17513 6.23864 -7.00364e-104 -1.49734e-102 -7.00364e-104 -1.49734e-102 19.5488 0 0.526621 0 
2 2 0 0.16513 0.16513 6.23864 1.07387e-106 2.51503e-105 1.07387e-106 2.51503e-105 21.4857 0 0.51559 0 
2 2 0 0.15513 0.15513 6.23864 1.32416e-111 3.40879e-110 1.32416e-111 3.40879e-110 23.6709 0 0.504849 0 
2 2 0 0.14513 0.14513 6.23864 -1.82305e-114 -5.17997e-113 -1.82305e-114 -5.17997e-113 26.1417 0 0.494386 0 
2 2 0 0.13513 0.13513 6.23864 -2.02152e-119 -6.36887e-118 -2.02152e-119 -6.36887e-118 28.9417 0 0.484189 0 
2 2 0 0.12513 0.12513 6.23864 2.47264e-122 8.68633e-121 2.47264e-122 8.68633e-121 32.1218 0 0.474246 0 
2 2 0 0.11513 0.11513 6.23864 2.43226e-127 9.5883e-126 2.43226e-127 9.5883e-126 35.7418 0 0.464548 0 
2 2 0 0.10513 0.10513 6.23864 -2.60107e-130 -1.15976e-128 -2.60107e-130 -1.15976e-128 39.8724 0 0.455085 0 
2 2 0 0.0951302 0.0951302 6.23864 -2.22338e-135 -1.13179e-133 -2.22338e-135 -1.13179e-133 44.5965 0 0.445849 0 
2 2 0 0.0851302 0.0851302 6.23864 2.0269e-138 1.19196e-136 2.0269e-138 1.19196e-136 50.0124 0 0.43683 0 
2 2 0 0.0751302 0.0751302 6.23864 1.45636e-143 1.00408e-141 1.45636e-143 1.00408e-141 56.2366 0 0.428021 0 
2 2 0 0.0651302 0.0651302 6.23864 -1.08388e-146 -8.9339e-145 -1.08388e-146 -8.9339e-145 63.4074 0 0.419415 0 
2 2 0 0.0551302 0.0551302 6.23864 -6.16447e-152 -6.23637e-150 -6.16447e-152 -6.23637e-150 71.6892 0 0.411005 0 
2 2 0 0.0451302 0.0451302 6.23864 3.43708e-155 4.43356e-153 3.43708e-155 4.43356e-153 81.2788 0 0.402784 0 
2 2 0 0.0351302 0.0351302 6.23864 1.35286e-160 2.36027e-158 1.35286e-160 2.36027e-158 92.411 0 0.394746 0 
2 2 0 0.0251302 0.0251302 6.23864 -4.47573e-164 -1.17323e-161 -4.47573e-164 -1.17323e-161 105.368 0 0.386885 0 
2 2 0 0.0151302 0.0151302 6.23864 -7.3655e-170 -3.68635e-167 -7.3655e-170 -3.68635e-167 120.488 0 0.379197 0 
2 2 0 0.00513019 0.00513019 6.23864 1.67111e-174 6.08125e-171 1.67111e-174 6.08125e-171 138.181 0 0.371675 0 
2 2 0 -0.00486981 -0.00486981 6.23864 2.41643e-179 -1.77847e-176 2.41643e-179 -1.77847e-176 158.94 0 0.364315 0 
