2 1 0 0 0 0 0 0 0 0 0.131867 0 0.3655 0 
2 1 0 0.001 0.001 0 0 0 0 0 2.70744 0 0.368615 0 
2 1 0 0.002 0.002 0 0 0 0 0 2.69667 0 0.369351 0 
2 1 0 0.004 0.004 0 0 0 0 0 2.67531 0 0.370822 0 
2 1 0 0.008 0.008 0 0 0 0 0 2.63335 0 0.373765 0 
2 1 0 0.013 0.013 0 0 0 0 0 2.58229 0 0.377444 0 
2 1 0 0.018 0.018 0 0 0 0 0 2.53273 0 0.381122 0 
2 1 0 0.023 0.023 0 0 0 0 0 2.48461 0 0.384799 0 
2 1 0 0.028 0.028 0 0 0 0 0 2.4379 0 0.388476 0 
2 1 0 0.033 0.033 0 0 0 0 0 2.39254 0 0.392152 0 
2 1 0 0.038 0.038 0 0 0 0 0 2.3485 0 0.395827 0 
2 1 0 0.043 0.043 0 0 0 0 0 2.30573 0 0.399501 0 
2 1 0 0.048 0.048 0 0 0 0 0 2.26419 0 0.403174 0 
2 1 0 0.053 0.053 0 0 0 0 0 2.22384 0 0.406846 0 
2 1 0 0.058 0.058 0 0 0 0 0 2.18465 0 0.410517 0 
2 1 0 0.063 0.063 0 0 0 0 0 2.14658 0 0.414187 0 
2 1 0 0.068 0.068 0 0 0 0 0 2.10959 0 0.417856 0 
2 1 0 0.073 0.073 0 0 0 0 0 2.07366 0 0.421523 0 
2 1 0 0.078 0.078 0 0 0 0 0 2.03875 0 0.42519 0 
2 1 0 0.083 0.083 0 0 0 0 0 2.00482 0 0.428856 0 
2 1 0 0.088 0.088 0 0 0 0 0 1.97186 0 0.432521 0 
2 1 0 0.093 0.093 0 0 0 0 0 1.93982 0 0.436185 0 
2 1 0 0.098 0.098 0 0 0 0 0 1.90869 0 0.439848 0 
2 1 0 0.103 0.103 0 0 0 0 0 1.87843 0 0.443511 0 
2 1 0 0.108 0.108 0 0 0 0 0 1.84902 0 0.447174 0 
2 1 0 0.113 0.113 0 0 0 0 0 1.82043 0 0.450836 0 
2 1 0 0.118 0.118 0 0 0 0 0 1.79265 0 0.454499 0 
2 1 0 0.123 0.123 0 0 0 0 0 1.76564 0 0.458161 0 
2 1 0 0.128 0.128 0 0 0 0 0 1.73939 0 0.461824 0 
2 1 0 0.133 0.133 0 0 0 0 0 1.71387 0 0.465488 0 
2 1 0 0.138 0.138 0 0 0 0 0 1.68906 0 0.469153 0 
2 1 0 0.143 0.143 0 0 0 0 0 1.66494 0 0.472819 0 
2 1 0 0.148 0.148 0 0 0 0 0 1.6415 0 0.476486 0 
2 1 0 0.153 0.153 0 0 0 0 0 1.6187 0 0.480156 0 
2 1 0 0.158 0.158 0 0 0 0 0 1.59655 0 0.483828 0 
2 1 0 0.163 0.163 0 0 0 0 0 1.57501 0 0.487502 0 
2 1 0 0.168 0.168 0 0 0 0 0 1.55407 0 0.49118 0 
2 1 0 0.173 0.173 0 0 0 0 0 1.53371 0 0.494861 0 
2 1 0 0.178 0.178 0 0 0 0 0 1.51393 0 0.498546 0 
2 1 0 0.183 0.183 0 0 0 0 0 1.49469 0 0.502235 0 
2 1 0 0.188 0.188 0 0 0 0 0 1.476 0 0.50593 0 
2 1 0 0.193 0.193 0 0 0 0 0 1.45783 0 0.50963 0 
2 1 0 0.198 0.198 0 0 0 0 0 1.44016 0 0.513336 0 
2 1 0 0.203 0.203 0 0 0 0 0 1.423 0 0.517049 0 
2 1 0 0.208 0.208 0 0 0 0 0 1.40632 0 0.520769 0 
2 1 0 0.213 0.213 0 0 0 0 0 1.39011 0 0.524497 0 
2 1 0 0.218 0.218 0 0 0 0 0 1.37435 0 0.528234 0 
2 1 0 0.223 0.223 0 0 0 0 0 1.35905 0 0.531981 0 
2 1 0 0.228 0.228 0 0 0 0 0 1.34418 0 0.535738 0 
2 1 0 0.233 0.233 0 0 0 0 0 1.32973 0 0.539506 0 
2 1 0 0.238 0.238 0 0 0 0 0 1.3157 0 0.543286 0 
2 1 0 0.243 0.243 0 0 0 0 0 1.30207 0 0.547079 0 
2 1 0 0.248 0.248 0 0 0 0 0 1.28884 0 0.550885 0 
2 1 0 0.253 0.253 0 0 0 0 0 1.27599 0 0.554707 0 
2 1 0 0.258 0.258 0 0 0 0 0 1.26351 0 0.558545 0 
2 1 0 0.263 0.263 0 0 0 0 0 1.2514 0 0.5624 0 
2 1 0 0.268 0.268 0 0 0 0 0 1.23964 0 0.566274 0 
2 1 0 0.273 0.273 0 0 0 0 0 1.22823 0 0.570167 0 
2 1 0 0.278 0.278 0 0 0 0 0 1.21716 0 0.574081 0 
2 1 0 0.283 0.283 0 0 0 0 0 1.20642 0 0.578018 0 
2 1 0 0.288 0.288 0 0 0 0 0 1.196 0 0.581979 0 
2 1 0 0.293 0.293 0 0 0 0 0 1.1859 0 0.585966 0 
2 1 0 0.298 0.298 0 0 0 0 0 1.1761 0 0.58998 0 
2 1 0 0.303 0.303 0 0 0 0 0 1.1666 0 0.594023 0 
2 1 0 0.308 0.308 0 0 0 0 0 1.15739 0 0.598098 0 
2 1 0 0.313 0.313 0 0 0 0 0 1.14846 0 0.602206 0 
2 1 0 0.318 0.318 0 0 0 0 0 1.13981 0 0.606349 0 
2 1 0 0.323 0.323 0 0 0 0 0 1.13143 0 0.610531 0 
2 1 0 0.328 0.328 0 0 0 0 0 1.12331 0 0.614753 0 
2 1 0 0.333 0.333 0 0 0 0 0 1.11544 0 0.619019 0 
2 1 0 0.338 0.338 0 0 0 0 0 1.10782 0 0.623331 0 
2 1 0 0.343 0.343 0 0 0 0 0 1.10044 0 0.627692 0 
2 1 0 0.348 0.348 0 0 0 0 0 1.09329 0 0.632107 0 
2 1 0 0.353 0.353 0 0 0 0 0 1.08637 0 0.636578 0 
2 1 0 0.358 0.358 0 0 0 0 0 1.07966 0 0.64111 0 
2 1 0 0.363 0.363 0 0 0 0 0 1.07316 0 0.645707 0 
2 1 0 0.368 0.368 0 0 0 0 0 1.06687 0 0.650374 0 
2 1 0 0.373 0.373 0 0 0 0 0 1.06077 0 0.655116 0 
2 1 0 0.378 0.378 0 0 0 0 0 1.05485 0 0.659939 0 
2 1 0 0.383 0.383 0 0 0 0 0 1.04911 0 0.664848 0 
2 1 0 0.388 0.388 0 0 0 0 0 1.04353 0 0.669852 0 
2 1 0 0.393 0.393 0 0 0 0 0 1.03811 0 0.674957 0 
2 1 0 0.398 0.398 0 0 0 0 0 1.03284 0 0.680171 0 
2 1 0 0.403 0.403 0 0 0 0 0 1.0277 0 0.685505 0 
2 1 0 0.408 0.408 0 0 0 0 0 1.02268 0 0.690968 0 
2 1 0 0.413 0.413 0 0 0 0 0 1.01777 0 0.696572 0 
2 1 0 0.418 0.418 0 0 0 0 0 1.01295 0 0.702331 0 
2 1 0 0.423 0.423 0 0 0 0 0 1.00821 0 0.708259 0 
2 1 0 0.428 0.428 0 0 0 0 0 1.00353 0 0.714374 0 
1 1 0 0.431818 0.431818 0 0 0 0 0 0.999978 0 0.719182 0 
1 1 0 0.436818 0.436818 0 0 0 0 0 0.995341 0 0.725679 0 
1 1 0 0.441818 0.441818 0 0 0 0 0 0.990693 0 0.732427 0 
1 1 0 0.446818 0.446818 0 0 0 0 0 0.986001 0 0.73946 0 
1 1 0 0.451818 0.451818 0 0 0 0 0 0.981223 0 0.746818 0 
1 1 0 0.456818 0.456818 0 0 0 0 0 0.976309 0 0.754549 0 
1 1 0 0.461818 0.461818 0 0 0 0 0 0.971194 0 0.762718 0 
1 1 0 0.466818 0.466818 0 0 0 0 0 0.965795 0 0.771408 0 
1 1 0 0.471818 0.471818 0 0 0 0 0 0.959995 0 0.780735 0 
1 1 0 0.476818 0.476818 0 0 0 0 0 0.953626 0 0.790865 0 
1 1 0 0.481818 0.481818 0 0 0 0 0 0.946428 0 0.80206 0 
1 1 0 0.486818 0.486818 0 0 0 0 0 0.937945 0 0.814773 0 
1 1 0 0.491818 0.491818 0 0 0 0 0 0.927231 0 0.829952 0 
1 1 0 0.496818 0.496818 0 0 0 0 0 0.911363 0 0.850518 0 
1 1 0 0.501818 0.501818 240.661 0 0 0 0 0.883407 0.0230692 0.883407 -0.0230692 
1 1 0 0.506818 0.506818 124.226 0 0 0 0 0.88599 0.0448503 0.88599 -0.0448503 
1 1 0 0.511818 0.511818 94.2965 0 0 0 0 0.888689 0.0593031 0.888689 -0.0593031 
1 1 0 0.516818 0.516818 78.9705 0 0 0 0 0.891506 0.0710816 0.891506 -0.0710816 
1 1 0 0.521818 0.521818 69.2446 0 0 0 0 0.894439 0.0813839 0.894439 -0.0813839 
1 1 0 0.526818 0.526818 62.3563 0 0 0 0 0.897489 0.0907407 0.897489 -0.0907407 
1 1 0 0.531818 0.531818 57.1368 0 0 0 0 0.900656 0.099444 0.900656 -0.099444 
1 1 0 0.536818 0.536818 52.9957 0 0 0 0 0.903939 0.107676 0.903939 -0.107676 
1 1 0 0.541818 0.541818 49.5986 0 0 0 0 0.907341 0.115561 0.907341 -0.115561 
1 1 0 0.546818 0.546818 46.7399 0 0 0 0 0.910859 0.123188 0.910859 -0.123188 
1 1 0 0.551818 0.551818 44.2857 0 0 0 0 0.914495 0.130625 0.914495 -0.130625 
1 1 0 0.556818 0.556818 42.1441 0 0 0 0 0.918248 0.137923 0.918248 -0.137923 
1 1 0 0.561818 0.561818 40.2502 0 0 0 0 0.922119 0.145126 0.922119 -0.145126 
1 1 0 0.566818 0.566818 38.5565 0 0 0 0 0.926108 0.152269 0.926108 -0.152269 
1 1 0 0.571818 0.571818 37.0271 0 0 0 0 0.930215 0.159382 0.930215 -0.159382 
1 1 0 0.576818 0.576818 35.6349 0 0 0 0 0.934441 0.166491 0.934441 -0.166491 
1 1 0 0.581818 0.581818 34.3584 0 0 0 0 0.938785 0.173617 0.938785 -0.173617 
1 1 0 0.586818 0.586818 33.1808 0 0 0 0 0.943248 0.180781 0.943248 -0.180781 
1 1 0 0.591818 0.591818 32.0884 0 0 0 0 0.947829 0.188002 0.947829 -0.188002 
1 1 0 0.596818 0.596818 31.0701 0 0 0 0 0.95253 0.195296 0.95253 -0.195296 
1 1 0 0.601818 0.601818 30.117 0 0 0 0 0.95735 0.202677 0.95735 -0.202677 
1 1 0 0.606818 0.606818 29.2213 0 0 0 0 0.962289 0.210161 0.962289 -0.210161 
1 1 0 0.611818 0.611818 28.3768 0 0 0 0 0.967348 0.217761 0.967348 -0.217761 
1 1 0 0.616818 0.616818 27.5781 0 0 0 0 0.972526 0.225488 0.972526 -0.225488 
1 1 0 0.618025 0.618025 27.3916 0 0 0 0 0.973794 0.227374 0.973794 -0.227374 
2 1 0 0.623025 0.623025 26.6435 0 0 0 0 0.979121 0.235278 0.979121 -0.235278 
2 1 0 0.628025 0.628025 25.9319 0 0 0 0 0.984567 0.243337 0.984567 -0.243337 
2 1 0 0.633025 0.633025 25.2535 0 0 0 0 0.990134 0.251562 0.990134 -0.251562 
2 1 0 0.638025 0.638025 24.6055 0 0 0 0 0.995819 0.259965 0.995819 -0.259965 
2 1 0 0.643025 0.643025 23.9855 0 0 0 0 1.00162 0.268555 1.00162 -0.268555 
2 1 0 0.648025 0.648025 23.3913 0 0 0 0 1.00755 0.277343 1.00755 -0.277343 
2 1 0 0.653025 0.653025 22.8209 0 0 0 0 1.01359 0.28634 1.01359 -0.28634 
2 1 0 0.658025 0.658025 22.2728 0 0 0 0 1.01976 0.295557 1.01976 -0.295557 
2 1 0 0.663025 0.663025 21.7453 0 0 0 0 1.02604 0.305003 1.02604 -0.305003 
2 1 0 0.668025 0.668025 21.2372 0 0 0 0 1.03244 0.31469 1.03244 -0.31469 
2 1 0 0.673025 0.673025 20.7473 0 0 0 0 1.03896 0.324627 1.03896 -0.324627 
2 1 0 0.678025 0.678025 20.2744 0 0 0 0 1.04559 0.334825 1.04559 -0.334825 
2 1 0 0.683025 0.683025 19.8176 0 0 0 0 1.05234 0.345294 1.05234 -0.345294 
2 1 0 0.688025 0.688025 19.376 0 0 0 0 1.05921 0.356046 1.05921 -0.356046 
2 1 0 0.693025 0.693025 18.9487 0 0 0 0 1.06619 0.36709 1.06619 -0.36709 
2 1 0 0.698025 0.698025 18.5351 0 0 0 0 1.07329 0.378439 1.07329 -0.378439 
2 1 0 0.703025 0.703025 18.1345 0 0 0 0 1.0805 0.390103 1.0805 -0.390103 
2 1 0 0.708025 0.708025 17.7462 0 0 0 0 1.08782 0.402094 1.08782 -0.402094 
2 1 0 0.713025 0.713025 17.3697 0 0 0 0 1.09525 0.414423 1.09525 -0.414423 
2 1 0 0.718025 0.718025 17.0043 0 0 0 0 1.10279 0.427102 1.10279 -0.427102 
2 1 0 0.723025 0.723025 16.6498 0 0 0 0 1.11043 0.440143 1.11043 -0.440143 
2 1 0 0.728025 0.728025 16.3055 0 0 0 0 1.11818 0.453558 1.11818 -0.453558 
2 1 0 0.733025 0.733025 15.971 0 0 0 0 1.12604 0.467361 1.12604 -0.467361 
2 1 0 0.738025 0.738025 15.646 0 0 0 0 1.13399 0.481563 1.13399 -0.481563 
2 1 0 0.743025 0.743025 15.33 0 0 0 0 1.14204 0.49618 1.14204 -0.49618 
2 1 0 0.748025 0.748025 15.0228 0 0 0 0 1.15019 0.511223 1.15019 -0.511223 
2 1 0 0.753025 0.753025 14.7239 0 0 0 0 1.15843 0.526707 1.15843 -0.526707 
2 1 0 0.758025 0.758025 14.4331 0 0 0 0 1.16676 0.542647 1.16676 -0.542647 
2 1 0 0.763025 0.763025 14.1501 0 0 0 0 1.17517 0.559056 1.17517 -0.559056 
2 1 0 0.768025 0.768025 13.8746 0 0 0 0 1.18367 0.575952 1.18367 -0.575952 
2 1 0 0.773025 0.773025 13.6063 0 0 0 0 1.19224 0.593348 1.19224 -0.593348 
2 1 0 0.778025 0.778025 13.345 0 0 0 0 1.20088 0.611261 1.20088 -0.611261 
2 1 0 0.783025 0.783025 13.0904 0 0 0 0 1.2096 0.629707 1.2096 -0.629707 
2 1 0 0.788025 0.788025 12.8423 0 0 0 0 1.21837 0.648704 1.21837 -0.648704 
2 1 0 0.793025 0.793025 12.6005 0 0 0 0 1.22721 0.668269 1.22721 -0.668269 
2 1 0 0.798025 0.798025 12.3648 0 0 0 0 1.23609 0.68842 1.23609 -0.68842 
2 1 0 0.803025 0.803025 12.135 0 0 0 0 1.24502 0.709175 1.24502 -0.709175 
2 1 0 0.808025 0.808025 11.9109 0 0 0 0 1.25399 0.730553 1.25399 -0.730553 
2 1 0 0.813025 0.813025 11.6923 0 0 0 0 1.26298 0.752574 1.26298 -0.752574 
2 1 0 0.818025 0.818025 11.4791 0 0 0 0 1.272 0.775258 1.272 -0.775258 
2 1 0 0.823025 0.823025 11.271 0 0 0 0 1.28104 0.798626 1.28104 -0.798626 
2 1 0 0.828025 0.828025 11.068 0 0 0 0 1.29007 0.822699 1.29007 -0.822699 
2 1 0 0.833025 0.833025 10.8698 0 0 0 0 1.2991 0.847499 1.2991 -0.847499 
2 1 0 0.838025 0.838025 10.6763 0 0 0 0 1.30812 0.873049 1.30812 -0.873049 
2 1 0 0.843025 0.843025 10.4874 0 0 0 0 1.3171 0.899371 1.3171 -0.899371 
2 1 0 0.848025 0.848025 10.303 0 0 0 0 1.32605 0.926491 1.32605 -0.926491 
2 1 0 0.853025 0.853025 10.1228 0 0 0 0 1.33494 0.954431 1.33494 -0.954431 
2 1 0 0.858025 0.858025 9.94684 0 0 0 0 1.34377 0.983219 1.34377 -0.983219 
2 1 0 0.863025 0.863025 9.77493 0 0 0 0 1.35252 1.01288 1.35252 -1.01288 
2 1 0 0.868025 0.868025 9.60697 0 0 0 0 1.36117 1.04344 1.36117 -1.04344 
2 1 0 0.873025 0.873025 9.44284 0 0 0 0 1.36971 1.07492 1.36971 -1.07492 
2 1 0 0.878025 0.878025 9.28242 0 0 0 0 1.37813 1.10737 1.37813 -1.10737 
2 1 0 0.883025 0.883025 9.12563 0 0 0 0 1.38639 1.14079 1.38639 -1.14079 
2 1 0 0.888025 0.888025 8.97234 0 0 0 0 1.39448 1.17523 1.39448 -1.17523 
2 1 0 0.893025 0.893025 8.82247 0 0 0 0 1.40239 1.21072 1.40239 -1.21072 
2 1 0 0.898025 0.898025 8.67592 0 0 0 0 1.41008 1.24728 1.41008 -1.24728 
2 1 0 0.903025 0.903025 8.5326 0 0 0 0 1.41754 1.28495 1.41754 -1.28495 
2 1 0 0.908025 0.908025 8.39242 0 0 0 0 1.42474 1.32376 1.42474 -1.32376 
2 1 0 0.913025 0.913025 8.2553 0 0 0 0 1.43166 1.36375 1.43166 -1.36375 
2 1 0 0.918025 0.918025 8.12114 0 0 0 0 1.43826 1.40495 1.43826 -1.40495 
2 1 0 0.923025 0.923025 7.98988 0 0 0 0 1.44451 1.44739 1.44451 -1.44739 
2 1 0 0.928025 0.928025 7.86143 0 0 0 0 1.4504 1.49112 1.4504 -1.49112 
2 1 0 0.933025 0.933025 7.73572 0 0 0 0 1.45587 1.53617 1.45587 -1.53617 
2 1 0 0.938025 0.938025 7.61267 0 0 0 0 1.46089 1.58258 1.46089 -1.58258 
2 1 0 0.943025 0.943025 7.49223 0 0 0 0 1.46544 1.63038 1.46544 -1.63038 
2 1 0 0.948025 0.948025 7.3743 0 0 0 0 1.46946 1.67963 1.46946 -1.67963 
2 1 0 0.953025 0.953025 7.25885 0 0 0 0 1.47293 1.73036 1.47293 -1.73036 
2 1 0 0.958025 0.958025 7.14578 0 0 0 0 1.47578 1.7826 1.47578 -1.7826 
2 1 0 0.963025 0.963025 7.03506 0 0 0 0 1.47798 1.83642 1.47798 -1.83642 
2 1 0 0.968025 0.968025 6.92661 0 0 0 0 1.47948 1.89184 1.47948 -1.89184 
2 1 0 0.973025 0.973025 6.82038 0 0 0 0 1.48022 1.94892 1.48022 -1.94892 
2 1 0 0.978025 0.978025 6.71631 0 0 0 0 1.48015 2.00769 1.48015 -2.00769 
2 1 0 0.983025 0.983025 6.61434 0 0 0 0 1.47921 2.06821 1.47921 -2.06821 
2 1 0 0.988025 0.988025 6.51443 0 0 0 0 1.47734 2.13053 1.47734 -2.13053 
2 1 0 0.993025 0.993025 6.41652 0 0 0 0 1.47448 2.19468 1.47448 -2.19468 
2 1 0 0.998025 0.998025 6.32057 0 0 0 0 1.47055 2.26073 1.47055 -2.26073 
2 1 0 1.00302 1.00302 6.22652 0 0 0 0 1.46549 2.32872 1.46549 -2.32872 
2 2 0 0.431818 0.431818 6.22652 0 0 0 0 1.46549 2.32872 1.46549 -2.32872 
2 2 0 0.431818 0.431818 6.22652 0.00048717 0.00011254 0.00048717 0.00011254 1.46549 2.32872 1.46549 -2.32872 
1 2 0 0.431707 0.431707 6.22652 0.000973104 0.000224663 0.000973104 0.000224663 0.999919 0 0.718983 0 
1 2 0 0.43162 0.43162 6.22652 0.00194391 0.000448266 0.00194391 0.000448266 0.999838 0 0.718815 0 
1 2 0 0.431445 0.431445 6.22652 0.00388579 0.000893945 0.00388579 0.000893945 0.999674 0 0.718478 0 
1 2 0 0.431093 0.431093 6.22652 0.00777065 0.00177917 0.00777065 0.00177917 0.999338 0 0.717802 0 
1 2 0 0.430645 0.430645 6.22652 0.0126288 0.00287414 0.0126288 0.00287414 0.998904 0 0.716954 0 
1 2 0 0.430191 0.430191 6.22652 0.0174891 0.00395616 0.0174891 0.00395616 0.998454 0 0.716102 0 
1 2 0 0.42973 0.42973 6.22652 0.0223517 0.00502511 0.0223517 0.00502511 0.997989 0 0.715246 0 
1 2 0 0.429261 0.429261 6.22652 0.0272164 0.00608091 0.0272164 0.00608091 0.997507 0 0.714386 0 
1 2 0 0.428785 0.428785 6.22652 0.0320833 0.00712345 0.0320833 0.00712345 0.99701 0 0.713523 0 
1 2 0 0.428302 0.428302 6.22652 0.0369524 0.00815266 0.0369524 0.00815266 0.996496 0 0.712656 0 
1 2 0 0.427811 0.427811 6.22652 0.0418235 0.00916843 0.0418235 0.00916843 0.995966 0 0.711786 0 
1 2 0 0.427314 0.427314 6.22652 0.0466968 0.0101707 0.0466968 0.0101707 0.995421 0 0.710912 0 
1 2 0 0.42681 0.42681 6.22652 0.051572 0.0111594 0.051572 0.0111594 0.994858 0 0.710035 0 
1 2 0 0.426298 0.426298 6.22652 0.0564493 0.0121344 0.0564493 0.0121344 0.99428 0 0.709155 0 
1 2 0 0.425779 0.425779 6.22652 0.0613285 0.0130957 0.0613285 0.0130957 0.993685 0 0.708271 0 
1 2 0 0.425253 0.425253 6.22652 0.0662097 0.0140432 0.0662097 0.0140432 0.993073 0 0.707384 0 
1 2 0 0.42472 0.42472 6.22652 0.0710927 0.0149769 0.0710927 0.0149769 0.992445 0 0.706494 0 
1 2 0 0.424179 0.424179 6.22652 0.0759776 0.0158966 0.0759776 0.0158966 0.9918 0 0.705601 0 
1 2 0 0.423632 0.423632 6.22652 0.0808644 0.0168024 0.0808644 0.0168024 0.991138 0 0.704706 0 
1 2 0 0.423077 0.423077 6.22652 0.0857528 0.0176942 0.0857528 0.0176942 0.99046 0 0.703807 0 
1 2 0 0.422515 0.422515 6.22652 0.090643 0.0185719 0.090643 0.0185719 0.989764 0 0.702905 0 
1 2 0 0.421946 0.421946 6.22652 0.0955349 0.0194356 0.0955349 0.0194356 0.989051 0 0.702001 0 
1 2 0 0.42137 0.42137 6.22652 0.100428 0.020285 0.100428 0.020285 0.98832 0 0.701094 0 
1 2 0 0.420786 0.420786 6.22652 0.105324 0.0211203 0.105324 0.0211203 0.987572 0 0.700184 0 
1 2 0 0.420196 0.420196 6.22652 0.11022 0.0219414 0.11022 0.0219414 0.986807 0 0.699272 0 
1 2 0 0.419598 0.419598 6.22652 0.115118 0.0227483 0.115118 0.0227483 0.986024 0 0.698357 0 
1 2 0 0.418992 0.418992 6.22652 0.120018 0.0235409 0.120018 0.0235409 0.985223 0 0.697439 0 
1 2 0 0.41838 0.41838 6.22652 0.124919 0.0243192 0.124919 0.0243192 0.984403 0 0.696519 0 
1 2 0 0.41776 0.41776 6.22652 0.129821 0.0250832 0.129821 0.0250832 0.983566 0 0.695597 0 
1 2 0 0.417133 0.417133 6.22652 0.134725 0.0258328 0.134725 0.0258328 0.982711 0 0.694672 0 
1 2 0 0.416498 0.416498 6.22652 0.139629 0.0265681 0.139629 0.0265681 0.981837 0 0.693744 0 
1 2 0 0.415857 0.415857 6.22652 0.144535 0.0272891 0.144535 0.0272891 0.980944 0 0.692815 0 
1 2 0 0.415207 0.415207 6.22652 0.149443 0.0279957 0.149443 0.0279957 0.980033 0 0.691883 0 
1 2 0 0.414551 0.414551 6.22652 0.154351 0.0286879 0.154351 0.0286879 0.979103 0 0.690948 0 
1 2 0 0.413887 0.413887 6.22652 0.15926 0.0293657 0.15926 0.0293657 0.978153 0 0.690012 0 
1 2 0 0.413216 0.413216 6.22652 0.16417 0.0300291 0.16417 0.0300291 0.977185 0 0.689073 0 
1 2 0 0.412537 0.412537 6.22652 0.169081 0.0306782 0.169081 0.0306782 0.976197 0 0.688132 0 
1 2 0 0.41185 0.41185 6.22652 0.173993 0.0313129 0.173993 0.0313129 0.975189 0 0.687189 0 
1 2 0 0.411156 0.411156 6.22652 0.178906 0.0319332 0.178906 0.0319332 0.974161 0 0.686243 0 
1 2 0 0.410455 0.410455 6.22652 0.183819 0.0325391 0.183819 0.0325391 0.973114 0 0.685296 0 
1 2 0 0.409746 0.409746 6.22652 0.188733 0.0331307 0.188733 0.0331307 0.972046 0 0.684346 0 
1 2 0 0.409029 0.409029 6.22652 0.193648 0.0337079 0.193648 0.0337079 0.970958 0 0.683394 0 
1 2 0 0.408305 0.408305 6.22652 0.198563 0.0342707 0.198563 0.0342707 0.969849 0 0.68244 0 
1 2 0 0.407573 0.407573 6.22652 0.203478 0.0348193 0.203478 0.0348193 0.96872 0 0.681484 0 
1 2 0 0.406833 0.406833 6.22652 0.208394 0.0353535 0.208394 0.0353535 0.967569 0 0.680526 0 
1 2 0 0.406086 0.406086 6.22652 0.213311 0.0358735 0.213311 0.0358735 0.966398 0 0.679566 0 
1 2 0 0.405331 0.405331 6.22652 0.218228 0.0363791 0.218228 0.0363791 0.965204 0 0.678604 0 
1 2 0 0.404568 0.404568 6.22652 0.223145 0.0368706 0.223145 0.0368706 0.96399 0 0.67764 0 
1 2 0 0.403797 0.403797 6.22652 0.228062 0.0373478 0.228062 0.0373478 0.962753 0 0.676673 0 
1 2 0 0.403018 0.403018 6.22652 0.232979 0.0378108 0.232979 0.0378108 0.961494 0 0.675705 0 
1 2 0 0.402231 0.402231 6.22652 0.237896 0.0382597 0.237896 0.0382597 0.960213 0 0.674735 0 
1 2 0 0.401436 0.401436 6.22652 0.242813 0.0386944 0.242813 0.0386944 0.958909 0 0.673762 0 
1 2 0 0.400633 0.400633 6.22652 0.247731 0.039115 0.247731 0.039115 0.957582 0 0.672788 0 
1 2 0 0.399822 0.399822 6.22652 0.252648 0.0395215 0.252648 0.0395215 0.956233 0 0.671812 0 
1 2 0 0.399003 0.399003 6.22652 0.257565 0.039914 0.257565 0.039914 0.95486 0 0.670833 0 
1 2 0 0.398176 0.398176 6.22652 0.262481 0.0402925 0.262481 0.0402925 0.953463 0 0.669853 0 
1 2 0 0.39734 0.39734 6.22652 0.267397 0.0406571 0.267397 0.0406571 0.952042 0 0.66887 0 
1 2 0 0.396497 0.396497 6.22652 0.272313 0.0410077 0.272313 0.0410077 0.950598 0 0.667885 0 
1 2 0 0.395644 0.395644 6.22652 0.277229 0.0413444 0.277229 0.0413444 0.949129 0 0.666899 0 
1 2 0 0.394784 0.394784 6.22652 0.282143 0.0416673 0.282143 0.0416673 0.947635 0 0.66591 0 
1 2 0 0.393915 0.393915 6.22652 0.287058 0.0419764 0.287058 0.0419764 0.946116 0 0.664919 0 
1 2 0 0.393037 0.393037 6.22652 0.291971 0.0422717 0.291971 0.0422717 0.944572 0 0.663926 0 
1 2 0 0.392151 0.392151 6.22652 0.296884 0.0425533 0.296884 0.0425533 0.943002 0 0.66293 0 
1 2 0 0.391256 0.391256 6.22652 0.301796 0.0428213 0.301796 0.0428213 0.941407 0 0.661933 0 
1 2 0 0.390352 0.390352 6.22652 0.306707 0.0430757 0.306707 0.0430757 0.939786 0 0.660933 0 
1 2 0 0.38944 0.38944 6.22652 0.311617 0.0433165 0.311617 0.0433165 0.938138 0 0.659932 0 
1 2 0 0.388519 0.388519 6.22652 0.316526 0.0435438 0.316526 0.0435438 0.936463 0 0.658928 0 
1 2 0 0.387588 0.387588 6.22652 0.321434 0.0437577 0.321434 0.0437577 0.934761 0 0.657921 0 
1 2 0 0.386649 0.386649 6.22652 0.326341 0.0439582 0.326341 0.0439582 0.933032 0 0.656913 0 
1 2 0 0.385701 0.385701 6.22652 0.331247 0.0441453 0.331247 0.0441453 0.931275 0 0.655902 0 
1 2 0 0.384743 0.384743 6.22652 0.336151 0.0443192 0.336151 0.0443192 0.92949 0 0.654889 0 
1 2 0 0.383777 0.383777 6.22652 0.341054 0.0444798 0.341054 0.0444798 0.927677 0 0.653873 0 
1 2 0 0.382801 0.382801 6.22652 0.345956 0.0446273 0.345956 0.0446273 0.925835 0 0.652855 0 
1 2 0 0.381816 0.381816 6.22652 0.350856 0.0447617 0.350856 0.0447617 0.923964 0 0.651834 0 
1 2 0 0.380821 0.380821 6.22652 0.355755 0.044883 0.355755 0.044883 0.922063 0 0.650811 0 
1 2 0 0.379816 0.379816 6.22652 0.360652 0.0449914 0.360652 0.0449914 0.920133 0 0.649786 0 
1 2 0 0.378802 0.378802 6.22652 0.365547 0.0450869 0.365547 0.0450869 0.918173 0 0.648757 0 
1 2 0 0.377779 0.377779 6.22652 0.37044 0.0451696 0.37044 0.0451696 0.916182 0 0.647727 0 
1 2 0 0.376745 0.376745 6.22652 0.375332 0.0452395 0.375332 0.0452395 0.91416 0 0.646693 0 
1 2 0 0.375702 0.375702 6.22652 0.380222 0.0452967 0.380222 0.0452967 0.912107 0 0.645657 0 
1 2 0 0.374648 0.374648 6.22652 0.385109 0.0453412 0.385109 0.0453412 0.910023 0 0.644618 0 
1 2 0 0.373585 0.373585 6.22652 0.389995 0.0453733 0.389995 0.0453733 0.907906 0 0.643576 0 
1 2 0 0.372511 0.372511 6.22652 0.394878 0.0453928 0.394878 0.0453928 0.905757 0 0.642531 0 
1 2 0 0.371427 0.371427 6.22652 0.399759 0.0454 0.399759 0.0454 0.903575 0 0.641483 0 
1 2 0 0.370333 0.370333 6.22652 0.404638 0.0453949 0.404638 0.0453949 0.90136 0 0.640433 0 
1 2 0 0.369228 0.369228 6.22652 0.409514 0.0453775 0.409514 0.0453775 0.899111 0 0.639379 0 
1 2 0 0.368113 0.368113 6.22652 0.414388 0.0453479 0.414388 0.0453479 0.896829 0 0.638322 0 
1 2 0 0.366986 0.366986 6.22652 0.41926 0.0453063 0.41926 0.0453063 0.894511 0 0.637262 0 
1 2 0 0.365849 0.365849 6.22652 0.424128 0.0452527 0.424128 0.0452527 0.892159 0 0.636199 0 
1 2 0 0.364701 0.364701 6.22652 0.428994 0.0451872 0.428994 0.0451872 0.889772 0 0.635132 0 
1 2 0 0.363542 0.363542 6.22652 0.433858 0.0451099 0.433858 0.0451099 0.887349 0 0.634062 0 
1 2 0 0.362372 0.362372 6.22652 0.438718 0.0450208 0.438718 0.0450208 0.88489 0 0.632988 0 
1 2 0 0.361191 0.361191 6.22652 0.443575 0.0449201 0.443575 0.0449201 0.882394 0 0.631911 0 
1 2 0 0.359998 0.359998 6.22652 0.44843 0.0448079 0.44843 0.0448079 0.879861 0 0.63083 0 
1 2 0 0.358793 0.358793 6.22652 0.453281 0.0446842 0.453281 0.0446842 0.87729 0 0.629745 0 
1 2 0 0.357577 0.357577 6.22652 0.458129 0.0445492 0.458129 0.0445492 0.874682 0 0.628657 0 
1 2 0 0.356349 0.356349 6.22652 0.462974 0.0444029 0.462974 0.0444029 0.872035 0 0.627565 0 
1 2 0 0.355109 0.355109 6.22652 0.467815 0.0442455 0.467815 0.0442455 0.869349 0 0.626469 0 
1 2 0 0.353857 0.353857 6.22652 0.472653 0.044077 0.472653 0.044077 0.866624 0 0.625368 0 
1 2 0 0.352593 0.352593 6.22652 0.477487 0.0438976 0.477487 0.0438976 0.863859 0 0.624264 0 
1 2 0 0.351316 0.351316 6.22652 0.482317 0.0437073 0.482317 0.0437073 0.861053 0 0.623155 0 
1 2 0 0.350027 0.350027 6.22652 0.487144 0.0435063 0.487144 0.0435063 0.858207 0 0.622042 0 
1 2 0 0.348725 0.348725 6.22652 0.491967 0.0432947 0.491967 0.0432947 0.855319 0 0.620924 0 
1 2 0 0.347411 0.347411 6.22652 0.496786 0.0430725 0.496786 0.0430725 0.852389 0 0.619802 0 
1 2 0 0.346083 0.346083 6.22652 0.501601 0.04284 0.501601 0.04284 0.849417 0 0.618675 0 
1 2 0 0.344743 0.344743 6.22652 0.506412 0.0425972 0.506412 0.0425972 0.846402 0 0.617544 0 
1 2 0 0.343389 0.343389 6.22652 0.511218 0.0423443 0.511218 0.0423443 0.843344 0 0.616407 0 
1 2 0 0.342021 0.342021 6.22652 0.516021 0.0420813 0.516021 0.0420813 0.840242 0 0.615265 0 
1 2 0 0.34064 0.34064 6.22652 0.520818 0.0418084 0.520818 0.0418084 0.837095 0 0.614119 0 
1 2 0 0.339245 0.339245 6.22652 0.525612 0.0415257 0.525612 0.0415257 0.833904 0 0.612967 0 
1 2 0 0.337836 0.337836 6.22652 0.5304 0.0412334 0.5304 0.0412334 0.830667 0 0.611809 0 
1 2 0 0.336413 0.336413 6.22652 0.535184 0.0409316 0.535184 0.0409316 0.827384 0 0.610646 0 
1 2 0 0.334976 0.334976 6.22652 0.539963 0.0406203 0.539963 0.0406203 0.824054 0 0.609478 0 
1 2 0 0.333524 0.333524 6.22652 0.544737 0.0402999 0.544737 0.0402999 0.820678 0 0.608303 0 
1 2 0 0.332057 0.332057 6.22652 0.549505 0.0399703 0.549505 0.0399703 0.817253 0 0.607123 0 
1 2 0 0.330576 0.330576 6.22652 0.554269 0.0396318 0.554269 0.0396318 0.813781 0 0.605936 0 
1 2 0 0.329079 0.329079 6.22652 0.559027 0.0392844 0.559027 0.0392844 0.81026 0 0.604744 0 
1 2 0 0.327568 0.327568 6.22652 0.56378 0.0389284 0.56378 0.0389284 0.806689 0 0.603545 0 
1 2 0 0.32604 0.32604 6.22652 0.568527 0.0385639 0.568527 0.0385639 0.803069 0 0.602339 0 
1 2 0 0.324497 0.324497 6.22652 0.573268 0.0381911 0.573268 0.0381911 0.799399 0 0.601127 0 
1 2 0 0.322938 0.322938 6.22652 0.578004 0.03781 0.578004 0.03781 0.795677 0 0.599907 0 
1 2 0 0.321363 0.321363 6.22652 0.582733 0.0374209 0.582733 0.0374209 0.791905 0 0.598681 0 
1 2 0 0.319772 0.319772 6.22652 0.587456 0.037024 0.587456 0.037024 0.78808 0 0.597448 0 
1 2 0 0.318164 0.318164 6.22652 0.592174 0.0366194 0.592174 0.0366194 0.784203 0 0.596207 0 
1 2 0 0.316539 0.316539 6.22652 0.596884 0.0362072 0.596884 0.0362072 0.780272 0 0.594959 0 
1 2 0 0.314897 0.314897 6.22652 0.601588 0.0357877 0.601588 0.0357877 0.776288 0 0.593703 0 
1 2 0 0.313238 0.313238 6.22652 0.606286 0.0353611 0.606286 0.0353611 0.77225 0 0.592439 0 
1 2 0 0.311561 0.311561 6.22652 0.610976 0.0349275 0.610976 0.0349275 0.768158 0 0.591167 0 
1 2 0 0.309867 0.309867 6.22652 0.61566 0.0344871 0.61566 0.0344871 0.76401 0 0.589887 0 
1 2 0 0.308155 0.308155 6.22652 0.620336 0.0340402 0.620336 0.0340402 0.759806 0 0.588598 0 
1 2 0 0.306424 0.306424 6.22652 0.625005 0.0335868 0.625005 0.0335868 0.755546 0 0.5873 0 
1 2 0 0.304675 0.304675 6.22652 0.629667 0.0331273 0.629667 0.0331273 0.75123 0 0.585994 0 
1 2 0 0.302908 0.302908 6.22652 0.634321 0.0326618 0.634321 0.0326618 0.746856 0 0.584679 0 
1 2 0 0.301121 0.301121 6.22652 0.638967 0.0321905 0.638967 0.0321905 0.742424 0 0.583354 0 
1 2 0 0.299315 0.299315 6.22652 0.643605 0.0317137 0.643605 0.0317137 0.737934 0 0.58202 0 
1 2 0 0.297489 0.297489 6.22652 0.648235 0.0312315 0.648235 0.0312315 0.733386 0 0.580676 0 
1 2 0 0.295644 0.295644 6.22652 0.652856 0.0307442 0.652856 0.0307442 0.728778 0 0.579322 0 
1 2 0 0.293778 0.293778 6.22652 0.657469 0.0302521 0.657469 0.0302521 0.72411 0 0.577958 0 
1 2 0 0.291892 0.291892 6.22652 0.662073 0.0297553 0.662073 0.0297553 0.719383 0 0.576583 0 
1 2 0 0.289985 0.289985 6.22652 0.666668 0.0292541 0.666668 0.0292541 0.714595 0 0.575198 0 
1 2 0 0.288058 0.288058 6.22652 0.671254 0.0287487 0.671254 0.0287487 0.709746 0 0.573802 0 
1 2 0 0.286109 0.286109 6.22652 0.67583 0.0282394 0.67583 0.0282394 0.704836 0 0.572394 0 
1 2 0 0.284138 0.284138 6.22652 0.680397 0.0277265 0.680397 0.0277265 0.699864 0 0.570976 0 
1 2 0 0.282146 0.282146 6.22652 0.684954 0.0272101 0.684954 0.0272101 0.69483 0 0.569546 0 
1 2 0 0.280132 0.280132 6.22652 0.6895 0.0266907 0.6895 0.0266907 0.689733 0 0.568104 0 
1 2 0 0.278095 0.278095 6.22652 0.694037 0.0261683 0.694037 0.0261683 0.684574 0 0.566649 0 
1 2 0 0.276035 0.276035 6.22652 0.698562 0.0256433 0.698562 0.0256433 0.679352 0 0.565183 0 
1 2 0 0.273952 0.273952 6.22652 0.703077 0.0251161 0.703077 0.0251161 0.674066 0 0.563704 0 
1 2 0 0.271846 0.271846 6.22652 0.707581 0.0245867 0.707581 0.0245867 0.668717 0 0.562212 0 
1 2 0 0.269716 0.269716 6.22652 0.712073 0.0240557 0.712073 0.0240557 0.663304 0 0.560707 0 
1 2 0 0.267562 0.267562 6.22652 0.716554 0.0235231 0.716554 0.0235231 0.657827 0 0.559189 0 
1 2 0 0.265383 0.265383 6.22652 0.721023 0.0229894 0.721023 0.0229894 0.652285 0 0.557658 0 
1 2 0 0.26318 0.26318 6.22652 0.725479 0.0224549 0.725479 0.0224549 0.64668 0 0.556113 0 
1 2 0 0.260951 0.260951 6.22652 0.729923 0.0219198 0.729923 0.0219198 0.641009 0 0.554554 0 
1 2 0 0.258698 0.258698 6.22652 0.734355 0.0213844 0.734355 0.0213844 0.635274 0 0.552982 0 
1 2 0 0.256418 0.256418 6.22652 0.738773 0.0208491 0.738773 0.0208491 0.629474 0 0.551395 0 
1 2 0 0.254113 0.254113 6.22652 0.743177 0.0203143 0.743177 0.0203143 0.623609 0 0.549795 0 
1 2 0 0.251781 0.251781 6.22652 0.747568 0.0197801 0.747568 0.0197801 0.617678 0 0.54818 0 
1 2 0 0.249422 0.249422 6.22652 0.751944 0.019247 0.751944 0.019247 0.611682 0 0.546552 0 
1 2 0 0.247036 0.247036 6.22652 0.756306 0.0187152 0.756306 0.0187152 0.60562 0 0.544911 0 
1 2 0 0.244623 0.244623 6.22652 0.760653 0.0181852 0.760653 0.0181852 0.599492 0 0.543257 0 
1 2 0 0.242182 0.242182 6.22652 0.764985 0.0176572 0.764985 0.0176572 0.593296 0 0.541591 0 
1 2 0 0.239713 0.239713 6.22652 0.769301 0.0171316 0.769301 0.0171316 0.587031 0 0.539914 0 
1 2 0 0.237216 0.237216 6.22652 0.773601 0.0166088 0.773601 0.0166088 0.580696 0 0.538229 0 
1 2 0 0.23469 0.23469 6.22652 0.777885 0.016089 0.777885 0.016089 0.574287 0 0.53654 0 
1 2 0 0.232135 0.232135 6.22652 0.782151 0.0155726 0.782151 0.0155726 0.567798 0 0.534853 0 
1 2 0 0.22955 0.22955 6.22652 0.786401 0.0150601 0.786401 0.0150601 0.561219 0 0.533177 0 
1 2 0 0.226936 0.226936 6.22652 0.790633 0.0145517 0.790633 0.0145517 0.554531 0 0.531534 0 
1 2 0 0.224291 0.224291 6.22652 0.794846 0.0140477 0.794846 0.0140477 0.547688 0 0.529968 0 
1 2 0 0.221617 0.221617 6.22652 0.799042 0.0135486 0.799042 0.0135486 0.540562 0 0.528611 0 
1 2 0 0.218912 0.218912 6.22652 0.803218 0.0130547 0.803218 0.0130547 0.532331 0 0.528283 0 
1 2 0 0.216176 0.216176 823.863 0.807374 0.0125663 0.807374 0.0125663 0.52599 0.00401154 0.52599 -0.00401154 
1 2 0 0.213408 0.213408 660.412 0.811511 0.0120838 0.811511 0.0120838 0.521637 0.00496302 0.521637 -0.00496302 
1 2 0 0.21061 0.21061 704.086 0.815627 0.0116075 0.815627 0.0116075 0.517248 0.00461598 0.517248 -0.00461598 
1 2 0 0.207779 0.207779 1323.9 0.819722 0.0111378 0.819722 0.0111378 0.512824 0.00243385 0.512824 -0.00243385 
1 2 0 0.204917 0.204917 1323.9 0.823795 0.0106749 0.823795 0.0106749 0.503706 0 0.513022 0 
1 2 0 0.202022 0.202022 1323.9 0.827847 0.0102194 0.827847 0.0102194 0.496016 0 0.511727 0 
1 2 0 0.199095 0.199095 1323.9 0.831876 0.00977138 0.831876 0.00977138 0.488656 0 0.510034 0 
1 2 0 0.196135 0.196135 1323.9 0.835882 0.00933128 0.835882 0.00933128 0.48139 0 0.508182 0 
1 2 0 0.193143 0.193143 1323.9 0.839864 0.00889938 0.839864 0.00889938 0.474153 0 0.506238 0 
1 2 0 0.190117 0.190117 1323.9 0.843823 0.008476 0.843823 0.008476 0.466918 0 0.504232 0 
1 2 0 0.187059 0.187059 1323.9 0.847756 0.00806142 0.847756 0.00806142 0.459673 0 0.502176 0 
1 2 0 0.183966 0.183966 1323.9 0.851665 0.00765595 0.851665 0.00765595 0.452412 0 0.500078 0 
1 2 0 0.180841 0.180841 1323.9 0.855548 0.00725985 0.855548 0.00725985 0.445135 0 0.497944 0 
1 2 0 0.177682 0.177682 1323.9 0.859404 0.0068734 0.859404 0.0068734 0.437839 0 0.495775 0 
1 2 0 0.174489 0.174489 1323.9 0.863234 0.00649683 0.863234 0.00649683 0.430526 0 0.493574 0 
1 2 0 0.171262 0.171262 1323.9 0.867036 0.0061304 0.867036 0.0061304 0.423197 0 0.491342 0 
1 2 0 0.168001 0.168001 1323.9 0.87081 0.00577432 0.87081 0.00577432 0.415854 0 0.489079 0 
1 2 0 0.164707 0.164707 1323.9 0.874556 0.0054288 0.874556 0.0054288 0.408499 0 0.486787 0 
1 2 0 0.161379 0.161379 1323.9 0.878272 0.00509403 0.878272 0.00509403 0.401135 0 0.484466 0 
1 2 0 0.158017 0.158017 1323.9 0.881959 0.00477019 0.881959 0.00477019 0.393765 0 0.482116 0 
1 2 0 0.154621 0.154621 1323.9 0.885616 0.00445742 0.885616 0.00445742 0.386392 0 0.479737 0 
1 2 0 0.151191 0.151191 1323.9 0.889242 0.00415586 0.889242 0.00415586 0.379019 0 0.477329 0 
1 2 0 0.147728 0.147728 1323.9 0.892837 0.00386563 0.892837 0.00386563 0.371649 0 0.474893 0 
1 2 0 0.144231 0.144231 1323.9 0.8964 0.00358682 0.8964 0.00358682 0.364286 0 0.472429 0 
1 2 0 0.1407 0.1407 1323.9 0.89993 0.00331949 0.89993 0.00331949 0.356934 0 0.469937 0 
1 2 0 0.137136 0.137136 1323.9 0.903429 0.00306369 0.903429 0.00306369 0.349595 0 0.467416 0 
1 2 0 0.133539 0.133539 1323.9 0.906893 0.00281946 0.906893 0.00281946 0.342273 0 0.464868 0 
1 2 0 0.12991 0.12991 1323.9 0.910325 0.00258678 0.910325 0.00258678 0.334973 0 0.462291 0 
1 2 0 0.126247 0.126247 1323.9 0.913722 0.00236564 0.913722 0.00236564 0.327698 0 0.459687 0 
1 2 0 0.122552 0.122552 1323.9 0.917084 0.00215598 0.917084 0.00215598 0.320452 0 0.457056 0 
1 2 0 0.118825 0.118825 1323.9 0.920411 0.00195773 0.920411 0.00195773 0.313238 0 0.454397 0 
1 2 0 0.115066 0.115066 1323.9 0.923704 0.00177079 0.923704 0.00177079 0.306061 0 0.45171 0 
1 2 0 0.111276 0.111276 1323.9 0.92696 0.00159505 0.92696 0.00159505 0.298925 0 0.448997 0 
1 2 0 0.107454 0.107454 1323.9 0.93018 0.00143033 0.93018 0.00143033 0.291832 0 0.446257 0 
1 2 0 0.103601 0.103601 1323.9 0.933364 0.00127649 0.933364 0.00127649 0.284788 0 0.44349 0 
1 2 0 0.0997184 0.0997184 1323.9 0.936511 0.0011333 0.936511 0.0011333 0.277796 0 0.440697 0 
1 2 0 0.0958052 0.0958052 1323.9 0.939621 0.00100055 0.939621 0.00100055 0.270859 0 0.437878 0 
1 2 0 0.0918625 0.0918625 1323.9 0.942694 0.000877986 0.942694 0.000877986 0.263982 0 0.435033 0 
1 2 0 0.0878904 0.0878904 1323.9 0.945729 0.00076534 0.945729 0.00076534 0.257167 0 0.432162 0 
1 2 0 0.0838897 0.0838897 1323.9 0.948726 0.000662313 0.948726 0.000662313 0.250419 0 0.429267 0 
1 2 0 0.0798606 0.0798606 1323.9 0.951686 0.000568586 0.951686 0.000568586 0.243741 0 0.426347 0 
1 2 0 0.0758036 0.0758036 1323.9 0.954608 0.000483821 0.954608 0.000483821 0.237135 0 0.423403 0 
1 2 0 0.0717193 0.0717193 1323.9 0.957491 0.000407655 0.957491 0.000407655 0.230607 0 0.420435 0 
1 2 0 0.0676082 0.0676082 1323.9 0.960337 0.000339709 0.960337 0.000339709 0.224158 0 0.417444 0 
1 2 0 0.0634707 0.0634707 1323.9 0.963144 0.000279581 0.963144 0.000279581 0.217792 0 0.41443 0 
1 2 0 0.0593073 0.0593073 1323.9 0.965913 0.000226856 0.965913 0.000226856 0.211511 0 0.411394 0 
1 2 0 0.0551187 0.0551187 1323.9 0.968643 0.000181098 0.968643 0.000181098 0.205318 0 0.408335 0 
1 2 0 0.0509052 0.0509052 1323.9 0.971335 0.000141859 0.971335 0.000141859 0.199217 0 0.405256 0 
1 2 0 0.0466676 0.0466676 1323.9 0.973989 0.000108673 0.973989 0.000108673 0.193209 0 0.402156 0 
1 2 0 0.0424062 0.0424062 1323.9 0.976605 8.10644e-05 0.976605 8.10644e-05 0.187296 0 0.399035 0 
1 2 0 0.0381216 0.0381216 1323.9 0.979182 5.8544e-05 0.979182 5.8544e-05 0.181482 0 0.395895 0 
1 2 0 0.0338144 0.0338144 1323.9 0.981722 4.06126e-05 0.981722 4.06126e-05 0.175767 0 0.392736 0 
1 2 0 0.0294851 0.0294851 1323.9 0.984224 2.67616e-05 0.984224 2.67616e-05 0.170154 0 0.389558 0 
1 2 0 0.0251343 0.0251343 1323.9 0.986688 1.64745e-05 0.986688 1.64745e-05 0.164645 0 0.386363 0 
1 2 0 0.0207625 0.0207625 1323.9 0.989115 9.22828e-06 0.989115 9.22828e-06 0.15924 0 0.38315 0 
1 2 0 0.0163702 0.0163702 1323.9 0.991504 4.49448e-06 0.991504 4.49448e-06 0.153942 0 0.379921 0 
1 2 0 0.0119579 0.0119579 1323.9 0.993857 1.74058e-06 0.993857 1.74058e-06 0.148751 0 0.376677 0 
1 2 0 0.00752629 0.00752629 1323.9 0.996172 4.31184e-07 0.996172 4.31184e-07 0.143669 0 0.373417 0 
1 2 0 0.00307578 0.00307578 1323.9 0.998451 2.92632e-08 0.998451 2.92632e-08 0.138696 0 0.370142 0 
1 2 0 -0.00139309 -0.00139309 1323.9 1.00069 -2.68295e-09 1.00069 -2.68295e-09 0.133833 0 0.366854 0 
2 2 0 0.431818 0.431818 1323.9 0 0 0 0 0.133833 0 0.366854 0 
1 2 0 0.431818 0.431818 1323.9 -0.00048717 -0.00011254 -0.00048717 -0.00011254 0.133833 0 0.366854 0 
1 2 0 0.431707 0.431707 1323.9 -0.000973104 -0.000224663 -0.000973104 -0.000224663 0.999919 0 0.718983 0 
1 2 0 0.43162 0.43162 1323.9 -0.00194391 -0.000448266 -0.00194391 -0.000448266 0.999838 0 0.718815 0 
1 2 0 0.431445 0.431445 1323.9 -0.00388579 -0.000893945 -0.00388579 -0.000893945 0.999674 0 0.718478 0 
1 2 0 0.431093 0.431093 1323.9 -0.00777065 -0.00177917 -0.00777065 -0.00177917 0.999338 0 0.717802 0 
1 2 0 0.430645 0.430645 1323.9 -0.0126288 -0.00287414 -0.0126288 -0.00287414 0.998904 0 0.716954 0 
1 2 0 0.430191 0.430191 1323.9 -0.0174891 -0.00395616 -0.0174891 -0.00395616 0.998454 0 0.716102 0 
1 2 0 0.42973 0.42973 1323.9 -0.0223517 -0.00502511 -0.0223517 -0.00502511 0.997989 0 0.715246 0 
1 2 0 0.429261 0.429261 1323.9 -0.0272164 -0.00608091 -0.0272164 -0.00608091 0.997507 0 0.714386 0 
1 2 0 0.428785 0.428785 1323.9 -0.0320833 -0.00712345 -0.0320833 -0.00712345 0.99701 0 0.713523 0 
1 2 0 0.428302 0.428302 1323.9 -0.0369524 -0.00815266 -0.0369524 -0.00815266 0.996496 0 0.712656 0 
1 2 0 0.427811 0.427811 1323.9 -0.0418235 -0.00916843 -0.0418235 -0.00916843 0.995966 0 0.711786 0 
1 2 0 0.427314 0.427314 1323.9 -0.0466968 -0.0101707 -0.0466968 -0.0101707 0.995421 0 0.710912 0 
1 2 0 0.42681 0.42681 1323.9 -0.051572 -0.0111594 -0.051572 -0.0111594 0.994858 0 0.710035 0 
1 2 0 0.426298 0.426298 1323.9 -0.0564493 -0.0121344 -0.0564493 -0.0121344 0.99428 0 0.709155 0 
1 2 0 0.425779 0.425779 1323.9 -0.0613285 -0.0130957 -0.0613285 -0.0130957 0.993685 0 0.708271 0 
1 2 0 0.425253 0.425253 1323.9 -0.0662097 -0.0140432 -0.0662097 -0.0140432 0.993073 0 0.707384 0 
1 2 0 0.42472 0.42472 1323.9 -0.0710927 -0.0149769 -0.0710927 -0.0149769 0.992445 0 0.706494 0 
1 2 0 0.424179 0.424179 1323.9 -0.0759776 -0.0158966 -0.0759776 -0.0158966 0.9918 0 0.705601 0 
1 2 0 0.423632 0.423632 1323.9 -0.0808644 -0.0168024 -0.0808644 -0.0168024 0.991138 0 0.704706 0 
1 2 0 0.423077 0.423077 1323.9 -0.0857528 -0.0176942 -0.0857528 -0.0176942 0.99046 0 0.703807 0 
1 2 0 0.422515 0.422515 1323.9 -0.090643 -0.0185719 -0.090643 -0.0185719 0.989764 0 0.702905 0 
1 2 0 0.421946 0.421946 1323.9 -0.0955349 -0.0194356 -0.0955349 -0.0194356 0.989051 0 0.702001 0 
1 2 0 0.42137 0.42137 1323.9 -0.100428 -0.020285 -0.100428 -0.020285 0.98832 0 0.701094 0 
1 2 0 0.420786 0.420786 1323.9 -0.105324 -0.0211203 -0.105324 -0.0211203 0.987572 0 0.700184 0 
1 2 0 0.420196 0.420196 1323.9 -0.11022 -0.0219414 -0.11022 -0.0219414 0.986807 0 0.699272 0 
1 2 0 0.419598 0.419598 1323.9 -0.115118 -0.0227483 -0.115118 -0.0227483 0.986024 0 0.698357 0 
1 2 0 0.418992 0.418992 1323.9 -0.120018 -0.0235409 -0.120018 -0.0235409 0.985223 0 0.697439 0 
1 2 0 0.41838 0.41838 1323.9 -0.124919 -0.0243192 -0.124919 -0.0243192 0.984403 0 0.696519 0 
1 2 0 0.41776 0.41776 1323.9 -0.129821 -0.0250832 -0.129821 -0.0250832 0.983566 0 0.695597 0 
1 2 0 0.417133 0.417133 1323.9 -0.134725 -0.0258328 -0.134725 -0.0258328 0.982711 0 0.694672 0 
1 2 0 0.416498 0.416498 1323.9 -0.139629 -0.0265681 -0.139629 -0.0265681 0.981837 0 0.693744 0 
1 2 0 0.415857 0.415857 1323.9 -0.144535 -0.0272891 -0.144535 -0.0272891 0.980944 0 0.692815 0 
1 2 0 0.415207 0.415207 1323.9 -0.149443 -0.0279957 -0.149443 -0.0279957 0.980033 0 0.691883 0 
1 2 0 0.414551 0.414551 1323.9 -0.154351 -0.0286879 -0.154351 -0.0286879 0.979103 0 0.690948 0 
1 2 0 0.413887 0.413887 1323.9 -0.15926 -0.0293657 -0.15926 -0.0293657 0.978153 0 0.690012 0 
1 2 0 0.413216 0.413216 1323.9 -0.16417 -0.0300291 -0.16417 -0.0300291 0.977185 0 0.689073 0 
1 2 0 0.412537 0.412537 1323.9 -0.169081 -0.0306782 -0.169081 -0.0306782 0.976197 0 0.688132 0 
1 2 0 0.41185 0.41185 1323.9 -0.173993 -0.0313129 -0.173993 -0.0313129 0.975189 0 0.687189 0 
1 2 0 0.411156 0.411156 1323.9 -0.178906 -0.0319332 -0.178906 -0.0319332 0.974161 0 0.686243 0 
1 2 0 0.410455 0.410455 1323.9 -0.183819 -0.0325391 -0.183819 -0.0325391 0.973114 0 0.685296 0 
1 2 0 0.409746 0.409746 1323.9 -0.188733 -0.0331307 -0.188733 -0.0331307 0.972046 0 0.684346 0 
1 2 0 0.409029 0.409029 1323.9 -0.193648 -0.0337079 -0.193648 -0.0337079 0.970958 0 0.683394 0 
1 2 0 0.408305 0.408305 1323.9 -0.198563 -0.0342707 -0.198563 -0.0342707 0.969849 0 0.68244 0 
1 2 0 0.407573 0.407573 1323.9 -0.203478 -0.0348193 -0.203478 -0.0348193 0.96872 0 0.681484 0 
1 2 0 0.406833 0.406833 1323.9 -0.208394 -0.0353535 -0.208394 -0.0353535 0.967569 0 0.680526 0 
1 2 0 0.406086 0.406086 1323.9 -0.213311 -0.0358735 -0.213311 -0.0358735 0.966398 0 0.679566 0 
1 2 0 0.405331 0.405331 1323.9 -0.218228 -0.0363791 -0.218228 -0.0363791 0.965204 0 0.678604 0 
1 2 0 0.404568 0.404568 1323.9 -0.223145 -0.0368706 -0.223145 -0.0368706 0.96399 0 0.67764 0 
1 2 0 0.403797 0.403797 1323.9 -0.228062 -0.0373478 -0.228062 -0.0373478 0.962753 0 0.676673 0 
1 2 0 0.403018 0.403018 1323.9 -0.232979 -0.0378108 -0.232979 -0.0378108 0.961494 0 0.675705 0 
1 2 0 0.402231 0.402231 1323.9 -0.237896 -0.0382597 -0.237896 -0.0382597 0.960213 0 0.674735 0 
1 2 0 0.401436 0.401436 1323.9 -0.242813 -0.0386944 -0.242813 -0.0386944 0.958909 0 0.673762 0 
1 2 0 0.400633 0.400633 1323.9 -0.247731 -0.039115 -0.247731 -0.039115 0.957582 0 0.672788 0 
1 2 0 0.399822 0.399822 1323.9 -0.252648 -0.0395215 -0.252648 -0.0395215 0.956233 0 0.671812 0 
1 2 0 0.399003 0.399003 1323.9 -0.257565 -0.039914 -0.257565 -0.039914 0.95486 0 0.670833 0 
1 2 0 0.398176 0.398176 1323.9 -0.262481 -0.0402925 -0.262481 -0.0402925 0.953463 0 0.669853 0 
1 2 0 0.39734 0.39734 1323.9 -0.267397 -0.0406571 -0.267397 -0.0406571 0.952042 0 0.66887 0 
1 2 0 0.396497 0.396497 1323.9 -0.272313 -0.0410077 -0.272313 -0.0410077 0.950598 0 0.667885 0 
1 2 0 0.395644 0.395644 1323.9 -0.277229 -0.0413444 -0.277229 -0.0413444 0.949129 0 0.666899 0 
1 2 0 0.394784 0.394784 1323.9 -0.282143 -0.0416673 -0.282143 -0.0416673 0.947635 0 0.66591 0 
1 2 0 0.393915 0.393915 1323.9 -0.287058 -0.0419764 -0.287058 -0.0419764 0.946116 0 0.664919 0 
1 2 0 0.393037 0.393037 1323.9 -0.291971 -0.0422717 -0.291971 -0.0422717 0.944572 0 0.663926 0 
1 2 0 0.392151 0.392151 1323.9 -0.296884 -0.0425533 -0.296884 -0.0425533 0.943002 0 0.66293 0 
1 2 0 0.391256 0.391256 1323.9 -0.301796 -0.0428213 -0.301796 -0.0428213 0.941407 0 0.661933 0 
1 2 0 0.390352 0.390352 1323.9 -0.306707 -0.0430757 -0.306707 -0.0430757 0.939786 0 0.660933 0 
1 2 0 0.38944 0.38944 1323.9 -0.311617 -0.0433165 -0.311617 -0.0433165 0.938138 0 0.659932 0 
1 2 0 0.388519 0.388519 1323.9 -0.316526 -0.0435438 -0.316526 -0.0435438 0.936463 0 0.658928 0 
1 2 0 0.387588 0.387588 1323.9 -0.321434 -0.0437577 -0.321434 -0.0437577 0.934761 0 0.657921 0 
1 2 0 0.386649 0.386649 1323.9 -0.326341 -0.0439582 -0.326341 -0.0439582 0.933032 0 0.656913 0 
1 2 0 0.385701 0.385701 1323.9 -0.331247 -0.0441453 -0.331247 -0.0441453 0.931275 0 0.655902 0 
1 2 0 0.384743 0.384743 1323.9 -0.336151 -0.0443192 -0.336151 -0.0443192 0.92949 0 0.654889 0 
1 2 0 0.383777 0.383777 1323.9 -0.341054 -0.0444798 -0.341054 -0.0444798 0.927677 0 0.653873 0 
1 2 0 0.382801 0.382801 1323.9 -0.345956 -0.0446273 -0.345956 -0.0446273 0.925835 0 0.652855 0 
1 2 0 0.381816 0.381816 1323.9 -0.350856 -0.0447617 -0.350856 -0.0447617 0.923964 0 0.651834 0 
1 2 0 0.380821 0.380821 1323.9 -0.355755 -0.044883 -0.355755 -0.044883 0.922063 0 0.650811 0 
1 2 0 0.379816 0.379816 1323.9 -0.360652 -0.0449914 -0.360652 -0.0449914 0.920133 0 0.649786 0 
1 2 0 0.378802 0.378802 1323.9 -0.365547 -0.0450869 -0.365547 -0.0450869 0.918173 0 0.648757 0 
1 2 0 0.377779 0.377779 1323.9 -0.37044 -0.0451696 -0.37044 -0.0451696 0.916182 0 0.647727 0 
1 2 0 0.376745 0.376745 1323.9 -0.375332 -0.0452395 -0.375332 -0.0452395 0.91416 0 0.646693 0 
1 2 0 0.375702 0.375702 1323.9 -0.380222 -0.0452967 -0.380222 -0.0452967 0.912107 0 0.645657 0 
1 2 0 0.374648 0.374648 1323.9 -0.385109 -0.0453412 -0.385109 -0.0453412 0.910023 0 0.644618 0 
1 2 0 0.373585 0.373585 1323.9 -0.389995 -0.0453733 -0.389995 -0.0453733 0.907906 0 0.643576 0 
1 2 0 0.372511 0.372511 1323.9 -0.394878 -0.0453928 -0.394878 -0.0453928 0.905757 0 0.642531 0 
1 2 0 0.371427 0.371427 1323.9 -0.399759 -0.0454 -0.399759 -0.0454 0.903575 0 0.641483 0 
1 2 0 0.370333 0.370333 1323.9 -0.404638 -0.0453949 -0.404638 -0.0453949 0.90136 0 0.640433 0 
1 2 0 0.369228 0.369228 1323.9 -0.409514 -0.0453775 -0.409514 -0.0453775 0.899111 0 0.639379 0 
1 2 0 0.368113 0.368113 1323.9 -0.414388 -0.0453479 -0.414388 -0.0453479 0.896829 0 0.638322 0 
1 2 0 0.366986 0.366986 1323.9 -0.41926 -0.0453063 -0.41926 -0.0453063 0.894511 0 0.637262 0 
1 2 0 0.365849 0.365849 1323.9 -0.424128 -0.0452527 -0.424128 -0.0452527 0.892159 0 0.636199 0 
1 2 0 0.364701 0.364701 1323.9 -0.428994 -0.0451872 -0.428994 -0.0451872 0.889772 0 0.635132 0 
1 2 0 0.363542 0.363542 1323.9 -0.433858 -0.0451099 -0.433858 -0.0451099 0.887349 0 0.634062 0 
1 2 0 0.362372 0.362372 1323.9 -0.438718 -0.0450208 -0.438718 -0.0450208 0.88489 0 0.632988 0 
1 2 0 0.361191 0.361191 1323.9 -0.443575 -0.0449201 -0.443575 -0.0449201 0.882394 0 0.631911 0 
1 2 0 0.359998 0.359998 1323.9 -0.44843 -0.0448079 -0.44843 -0.0448079 0.879861 0 0.63083 0 
1 2 0 0.358793 0.358793 1323.9 -0.453281 -0.0446842 -0.453281 -0.0446842 0.87729 0 0.629745 0 
1 2 0 0.357577 0.357577 1323.9 -0.458129 -0.0445492 -0.458129 -0.0445492 0.874682 0 0.628657 0 
1 2 0 0.356349 0.356349 1323.9 -0.462974 -0.0444029 -0.462974 -0.0444029 0.872035 0 0.627565 0 
1 2 0 0.355109 0.355109 1323.9 -0.467815 -0.0442455 -0.467815 -0.0442455 0.869349 0 0.626469 0 
1 2 0 0.353857 0.353857 1323.9 -0.472653 -0.044077 -0.472653 -0.044077 0.866624 0 0.625368 0 
1 2 0 0.352593 0.352593 1323.9 -0.477487 -0.0438976 -0.477487 -0.0438976 0.863859 0 0.624264 0 
1 2 0 0.351316 0.351316 1323.9 -0.482317 -0.0437073 -0.482317 -0.0437073 0.861053 0 0.623155 0 
1 2 0 0.350027 0.350027 1323.9 -0.487144 -0.0435063 -0.487144 -0.0435063 0.858207 0 0.622042 0 
1 2 0 0.348725 0.348725 1323.9 -0.491967 -0.0432947 -0.491967 -0.0432947 0.855319 0 0.620924 0 
1 2 0 0.347411 0.347411 1323.9 -0.496786 -0.0430725 -0.496786 -0.0430725 0.852389 0 0.619802 0 
1 2 0 0.346083 0.346083 1323.9 -0.501601 -0.04284 -0.501601 -0.04284 0.849417 0 0.618675 0 
1 2 0 0.344743 0.344743 1323.9 -0.506412 -0.0425972 -0.506412 -0.0425972 0.846402 0 0.617544 0 
1 2 0 0.343389 0.343389 1323.9 -0.511218 -0.0423443 -0.511218 -0.0423443 0.843344 0 0.616407 0 
1 2 0 0.342021 0.342021 1323.9 -0.516021 -0.0420813 -0.516021 -0.0420813 0.840242 0 0.615265 0 
1 2 0 0.34064 0.34064 1323.9 -0.520818 -0.0418084 -0.520818 -0.0418084 0.837095 0 0.614119 0 
1 2 0 0.339245 0.339245 1323.9 -0.525612 -0.0415257 -0.525612 -0.0415257 0.833904 0 0.612967 0 
1 2 0 0.337836 0.337836 1323.9 -0.5304 -0.0412334 -0.5304 -0.0412334 0.830667 0 0.611809 0 
1 2 0 0.336413 0.336413 1323.9 -0.535184 -0.0409316 -0.535184 -0.0409316 0.827384 0 0.610646 0 
1 2 0 0.334976 0.334976 1323.9 -0.539963 -0.0406203 -0.539963 -0.0406203 0.824054 0 0.609478 0 
1 2 0 0.333524 0.333524 1323.9 -0.544737 -0.0402999 -0.544737 -0.0402999 0.820678 0 0.608303 0 
1 2 0 0.332057 0.332057 1323.9 -0.549505 -0.0399703 -0.549505 -0.0399703 0.817253 0 0.607123 0 
1 2 0 0.330576 0.330576 1323.9 -0.554269 -0.0396318 -0.554269 -0.0396318 0.813781 0 0.605936 0 
1 2 0 0.329079 0.329079 1323.9 -0.559027 -0.0392844 -0.559027 -0.0392844 0.81026 0 0.604744 0 
1 2 0 0.327568 0.327568 1323.9 -0.56378 -0.0389284 -0.56378 -0.0389284 0.806689 0 0.603545 0 
1 2 0 0.32604 0.32604 1323.9 -0.568527 -0.0385639 -0.568527 -0.0385639 0.803069 0 0.602339 0 
1 2 0 0.324497 0.324497 1323.9 -0.573268 -0.0381911 -0.573268 -0.0381911 0.799399 0 0.601127 0 
1 2 0 0.322938 0.322938 1323.9 -0.578004 -0.03781 -0.578004 -0.03781 0.795677 0 0.599907 0 
1 2 0 0.321363 0.321363 1323.9 -0.582733 -0.0374209 -0.582733 -0.0374209 0.791905 0 0.598681 0 
1 2 0 0.319772 0.319772 1323.9 -0.587456 -0.037024 -0.587456 -0.037024 0.78808 0 0.597448 0 
1 2 0 0.318164 0.318164 1323.9 -0.592174 -0.0366194 -0.592174 -0.0366194 0.784203 0 0.596207 0 
1 2 0 0.316539 0.316539 1323.9 -0.596884 -0.0362072 -0.596884 -0.0362072 0.780272 0 0.594959 0 
1 2 0 0.314897 0.314897 1323.9 -0.601588 -0.0357877 -0.601588 -0.0357877 0.776288 0 0.593703 0 
1 2 0 0.313238 0.313238 1323.9 -0.606286 -0.0353611 -0.606286 -0.0353611 0.77225 0 0.592439 0 
1 2 0 0.311561 0.311561 1323.9 -0.610976 -0.0349275 -0.610976 -0.0349275 0.768158 0 0.591167 0 
1 2 0 0.309867 0.309867 1323.9 -0.61566 -0.0344871 -0.61566 -0.0344871 0.76401 0 0.589887 0 
1 2 0 0.308155 0.308155 1323.9 -0.620336 -0.0340402 -0.620336 -0.0340402 0.759806 0 0.588598 0 
1 2 0 0.306424 0.306424 1323.9 -0.625005 -0.0335868 -0.625005 -0.0335868 0.755546 0 0.5873 0 
1 2 0 0.304675 0.304675 1323.9 -0.629667 -0.0331273 -0.629667 -0.0331273 0.75123 0 0.585994 0 
1 2 0 0.302908 0.302908 1323.9 -0.634321 -0.0326618 -0.634321 -0.0326618 0.746856 0 0.584679 0 
1 2 0 0.301121 0.301121 1323.9 -0.638967 -0.0321905 -0.638967 -0.0321905 0.742424 0 0.583354 0 
1 2 0 0.299315 0.299315 1323.9 -0.643605 -0.0317137 -0.643605 -0.0317137 0.737934 0 0.58202 0 
1 2 0 0.297489 0.297489 1323.9 -0.648235 -0.0312315 -0.648235 -0.0312315 0.733386 0 0.580676 0 
1 2 0 0.295644 0.295644 1323.9 -0.652856 -0.0307442 -0.652856 -0.0307442 0.728778 0 0.579322 0 
1 2 0 0.293778 0.293778 1323.9 -0.657469 -0.0302521 -0.657469 -0.0302521 0.72411 0 0.577958 0 
1 2 0 0.291892 0.291892 1323.9 -0.662073 -0.0297553 -0.662073 -0.0297553 0.719383 0 0.576583 0 
1 2 0 0.289985 0.289985 1323.9 -0.666668 -0.0292541 -0.666668 -0.0292541 0.714595 0 0.575198 0 
1 2 0 0.288058 0.288058 1323.9 -0.671254 -0.0287487 -0.671254 -0.0287487 0.709746 0 0.573802 0 
1 2 0 0.286109 0.286109 1323.9 -0.67583 -0.0282394 -0.67583 -0.0282394 0.704836 0 0.572394 0 
1 2 0 0.284138 0.284138 1323.9 -0.680397 -0.0277265 -0.680397 -0.0277265 0.699864 0 0.570976 0 
1 2 0 0.282146 0.282146 1323.9 -0.684954 -0.0272101 -0.684954 -0.0272101 0.69483 0 0.569546 0 
1 2 0 0.280132 0.280132 1323.9 -0.6895 -0.0266907 -0.6895 -0.0266907 0.689733 0 0.568104 0 
1 2 0 0.278095 0.278095 1323.9 -0.694037 -0.0261683 -0.694037 -0.0261683 0.684574 0 0.566649 0 
1 2 0 0.276035 0.276035 1323.9 -0.698562 -0.0256433 -0.698562 -0.0256433 0.679352 0 0.565183 0 
1 2 0 0.273952 0.273952 1323.9 -0.703077 -0.0251161 -0.703077 -0.0251161 0.674066 0 0.563704 0 
1 2 0 0.271846 0.271846 1323.9 -0.707581 -0.0245867 -0.707581 -0.0245867 0.668717 0 0.562212 0 
1 2 0 0.269716 0.269716 1323.9 -0.712073 -0.0240557 -0.712073 -0.0240557 0.663304 0 0.560707 0 
1 2 0 0.267562 0.267562 1323.9 -0.716554 -0.0235231 -0.716554 -0.0235231 0.657827 0 0.559189 0 
1 2 0 0.265383 0.265383 1323.9 -0.721023 -0.0229894 -0.721023 -0.0229894 0.652285 0 0.557658 0 
1 2 0 0.26318 0.26318 1323.9 -0.725479 -0.0224549 -0.725479 -0.0224549 0.64668 0 0.556113 0 
1 2 0 0.260951 0.260951 1323.9 -0.729923 -0.0219198 -0.729923 -0.0219198 0.641009 0 0.554554 0 
1 2 0 0.258698 0.258698 1323.9 -0.734355 -0.0213844 -0.734355 -0.0213844 0.635274 0 0.552982 0 
1 2 0 0.256418 0.256418 1323.9 -0.738773 -0.0208491 -0.738773 -0.0208491 0.629474 0 0.551395 0 
1 2 0 0.254113 0.254113 1323.9 -0.743177 -0.0203143 -0.743177 -0.0203143 0.623609 0 0.549795 0 
1 2 0 0.251781 0.251781 1323.9 -0.747568 -0.0197801 -0.747568 -0.0197801 0.617678 0 0.54818 0 
1 2 0 0.249422 0.249422 1323.9 -0.751944 -0.019247 -0.751944 -0.019247 0.611682 0 0.546552 0 
1 2 0 0.247036 0.247036 1323.9 -0.756306 -0.0187152 -0.756306 -0.0187152 0.60562 0 0.544911 0 
1 2 0 0.244623 0.244623 1323.9 -0.760653 -0.0181852 -0.760653 -0.0181852 0.599492 0 0.543257 0 
1 2 0 0.242182 0.242182 1323.9 -0.764985 -0.0176572 -0.764985 -0.0176572 0.593296 0 0.541591 0 
1 2 0 0.239713 0.239713 1323.9 -0.769301 -0.0171316 -0.769301 -0.0171316 0.587031 0 0.539914 0 
1 2 0 0.237216 0.237216 1323.9 -0.773601 -0.0166088 -0.773601 -0.0166088 0.580696 0 0.538229 0 
1 2 0 0.23469 0.23469 1323.9 -0.777885 -0.016089 -0.777885 -0.016089 0.574287 0 0.53654 0 
1 2 0 0.232135 0.232135 1323.9 -0.782151 -0.0155726 -0.782151 -0.0155726 0.567798 0 0.534853 0 
1 2 0 0.22955 0.22955 1323.9 -0.786401 -0.0150601 -0.786401 -0.0150601 0.561219 0 0.533177 0 
1 2 0 0.226936 0.226936 1323.9 -0.790633 -0.0145517 -0.790633 -0.0145517 0.554531 0 0.531534 0 
1 2 0 0.224291 0.224291 1323.9 -0.794846 -0.0140477 -0.794846 -0.0140477 0.547688 0 0.529968 0 
1 2 0 0.221617 0.221617 1323.9 -0.799042 -0.0135486 -0.799042 -0.0135486 0.540562 0 0.528611 0 
1 2 0 0.218912 0.218912 1323.9 -0.803218 -0.0130547 -0.803218 -0.0130547 0.532331 0 0.528283 0 
1 2 0 0.216176 0.216176 823.863 -0.807374 -0.0125663 -0.807374 -0.0125663 0.52599 0.00401154 0.52599 -0.00401154 
1 2 0 0.213408 0.213408 660.412 -0.811511 -0.0120838 -0.811511 -0.0120838 0.521637 0.00496302 0.521637 -0.00496302 
1 2 0 0.21061 0.21061 704.086 -0.815627 -0.0116075 -0.815627 -0.0116075 0.517248 0.00461598 0.517248 -0.00461598 
1 2 0 0.207779 0.207779 1323.9 -0.819722 -0.0111378 -0.819722 -0.0111378 0.512824 0.00243385 0.512824 -0.00243385 
1 2 0 0.204917 0.204917 1323.9 -0.823795 -0.0106749 -0.823795 -0.0106749 0.503706 0 0.513022 0 
1 2 0 0.202022 0.202022 1323.9 -0.827847 -0.0102194 -0.827847 -0.0102194 0.496016 0 0.511727 0 
1 2 0 0.199095 0.199095 1323.9 -0.831876 -0.00977138 -0.831876 -0.00977138 0.488656 0 0.510034 0 
1 2 0 0.196135 0.196135 1323.9 -0.835882 -0.00933128 -0.835882 -0.00933128 0.48139 0 0.508182 0 
1 2 0 0.193143 0.193143 1323.9 -0.839864 -0.00889938 -0.839864 -0.00889938 0.474153 0 0.506238 0 
1 2 0 0.190117 0.190117 1323.9 -0.843823 -0.008476 -0.843823 -0.008476 0.466918 0 0.504232 0 
1 2 0 0.187059 0.187059 1323.9 -0.847756 -0.00806142 -0.847756 -0.00806142 0.459673 0 0.502176 0 
1 2 0 0.183966 0.183966 1323.9 -0.851665 -0.00765595 -0.851665 -0.00765595 0.452412 0 0.500078 0 
1 2 0 0.180841 0.180841 1323.9 -0.855548 -0.00725985 -0.855548 -0.00725985 0.445135 0 0.497944 0 
1 2 0 0.177682 0.177682 1323.9 -0.859404 -0.0068734 -0.859404 -0.0068734 0.437839 0 0.495775 0 
1 2 0 0.174489 0.174489 1323.9 -0.863234 -0.00649683 -0.863234 -0.00649683 0.430526 0 0.493574 0 
1 2 0 0.171262 0.171262 1323.9 -0.867036 -0.0061304 -0.867036 -0.0061304 0.423197 0 0.491342 0 
1 2 0 0.168001 0.168001 1323.9 -0.87081 -0.00577432 -0.87081 -0.00577432 0.415854 0 0.489079 0 
1 2 0 0.164707 0.164707 1323.9 -0.874556 -0.0054288 -0.874556 -0.0054288 0.408499 0 0.486787 0 
1 2 0 0.161379 0.161379 1323.9 -0.878272 -0.00509403 -0.878272 -0.00509403 0.401135 0 0.484466 0 
1 2 0 0.158017 0.158017 1323.9 -0.881959 -0.00477019 -0.881959 -0.00477019 0.393765 0 0.482116 0 
1 2 0 0.154621 0.154621 1323.9 -0.885616 -0.00445742 -0.885616 -0.00445742 0.386392 0 0.479737 0 
1 2 0 0.151191 0.151191 1323.9 -0.889242 -0.00415586 -0.889242 -0.00415586 0.379019 0 0.477329 0 
1 2 0 0.147728 0.147728 1323.9 -0.892837 -0.00386563 -0.892837 -0.00386563 0.371649 0 0.474893 0 
1 2 0 0.144231 0.144231 1323.9 -0.8964 -0.00358682 -0.8964 -0.00358682 0.364286 0 0.472429 0 
1 2 0 0.1407 0.1407 1323.9 -0.89993 -0.00331949 -0.89993 -0.00331949 0.356934 0 0.469937 0 
1 2 0 0.137136 0.137136 1323.9 -0.903429 -0.00306369 -0.903429 -0.00306369 0.349595 0 0.467416 0 
1 2 0 0.133539 0.133539 1323.9 -0.906893 -0.00281946 -0.906893 -0.00281946 0.342273 0 0.464868 0 
1 2 0 0.12991 0.12991 1323.9 -0.910325 -0.00258678 -0.910325 -0.00258678 0.334973 0 0.462291 0 
1 2 0 0.126247 0.126247 1323.9 -0.913722 -0.00236564 -0.913722 -0.00236564 0.327698 0 0.459687 0 
1 2 0 0.122552 0.122552 1323.9 -0.917084 -0.00215598 -0.917084 -0.00215598 0.320452 0 0.457056 0 
1 2 0 0.118825 0.118825 1323.9 -0.920411 -0.00195773 -0.920411 -0.00195773 0.313238 0 0.454397 0 
1 2 0 0.115066 0.115066 1323.9 -0.923704 -0.00177079 -0.923704 -0.00177079 0.306061 0 0.45171 0 
1 2 0 0.111276 0.111276 1323.9 -0.92696 -0.00159505 -0.92696 -0.00159505 0.298925 0 0.448997 0 
1 2 0 0.107454 0.107454 1323.9 -0.93018 -0.00143033 -0.93018 -0.00143033 0.291832 0 0.446257 0 
1 2 0 0.103601 0.103601 1323.9 -0.933364 -0.00127649 -0.933364 -0.00127649 0.284788 0 0.44349 0 
1 2 0 0.0997184 0.0997184 1323.9 -0.936511 -0.0011333 -0.936511 -0.0011333 0.277796 0 0.440697 0 
1 2 0 0.0958052 0.0958052 1323.9 -0.939621 -0.00100055 -0.939621 -0.00100055 0.270859 0 0.437878 0 
1 2 0 0.0918625 0.0918625 1323.9 -0.942694 -0.000877986 -0.942694 -0.000877986 0.263982 0 0.435033 0 
1 2 0 0.0878904 0.0878904 1323.9 -0.945729 -0.00076534 -0.945729 -0.00076534 0.257167 0 0.432162 0 
1 2 0 0.0838897 0.0838897 1323.9 -0.948726 -0.000662313 -0.948726 -0.000662313 0.250419 0 0.429267 0 
1 2 0 0.0798606 0.0798606 1323.9 -0.951686 -0.000568586 -0.951686 -0.000568586 0.243741 0 0.426347 0 
1 2 0 0.0758036 0.0758036 1323.9 -0.954608 -0.000483821 -0.954608 -0.000483821 0.237135 0 0.423403 0 
1 2 0 0.0717193 0.0717193 1323.9 -0.957491 -0.000407655 -0.957491 -0.000407655 0.230607 0 0.420435 0 
1 2 0 0.0676082 0.0676082 1323.9 -0.960337 -0.000339709 -0.960337 -0.000339709 0.224158 0 0.417444 0 
1 2 0 0.0634707 0.0634707 1323.9 -0.963144 -0.000279581 -0.963144 -0.000279581 0.217792 0 0.41443 0 
1 2 0 0.0593073 0.0593073 1323.9 -0.965913 -0.000226856 -0.965913 -0.000226856 0.211511 0 0.411394 0 
1 2 0 0.0551187 0.0551187 1323.9 -0.968643 -0.000181098 -0.968643 -0.000181098 0.205318 0 0.408335 0 
1 2 0 0.0509052 0.0509052 1323.9 -0.971335 -0.000141859 -0.971335 -0.000141859 0.199217 0 0.405256 0 
1 2 0 0.0466676 0.0466676 1323.9 -0.973989 -0.000108673 -0.973989 -0.000108673 0.193209 0 0.402156 0 
1 2 0 0.0424062 0.0424062 1323.9 -0.976605 -8.10644e-05 -0.976605 -8.10644e-05 0.187296 0 0.399035 0 
1 2 0 0.0381216 0.0381216 1323.9 -0.979182 -5.8544e-05 -0.979182 -5.8544e-05 0.181482 0 0.395895 0 
1 2 0 0.0338144 0.0338144 1323.9 -0.981722 -4.06126e-05 -0.981722 -4.06126e-05 0.175767 0 0.392736 0 
1 2 0 0.0294851 0.0294851 1323.9 -0.984224 -2.67616e-05 -0.984224 -2.67616e-05 0.170154 0 0.389558 0 
1 2 0 0.0251343 0.0251343 1323.9 -0.986688 -1.64745e-05 -0.986688 -1.64745e-05 0.164645 0 0.386363 0 
1 2 0 0.0207625 0.0207625 1323.9 -0.989115 -9.22828e-06 -0.989115 -9.22828e-06 0.15924 0 0.38315 0 
1 2 0 0.0163702 0.0163702 1323.9 -0.991504 -4.49448e-06 -0.991504 -4.49448e-06 0.153942 0 0.379921 0 
1 2 0 0.0119579 0.0119579 1323.9 -0.993857 -1.74058e-06 -0.993857 -1.74058e-06 0.148751 0 0.376677 0 
1 2 0 0.00752629 0.00752629 1323.9 -0.996172 -4.31184e-07 -0.996172 -4.31184e-07 0.143669 0 0.373417 0 
1 2 0 0.00307578 0.00307578 1323.9 -0.998451 -2.92632e-08 -0.998451 -2.92632e-08 0.138696 0 0.370142 0 
1 2 0 -0.00139309 -0.00139309 1323.9 -1.00069 2.68295e-09 -1.00069 2.68295e-09 0.133833 0 0.366854 0 
