1 1 0 0 0 0 1 0 1 0 0.207484 0 4.81967 0 
1 1 0 0.00141321 0.00141321 0 0.999999 0.00141521 0.999999 0.00141521 0.135528 0 0.368399 0 
1 1 0 0.00282443 0.00282443 0 0.999996 0.00283242 0.999996 0.00283242 0.135722 0 0.368917 0 
1 1 0 0.00564087 0.00564087 0 0.999984 0.00567278 0.999984 0.00567278 0.136118 0 0.369949 0 
1 1 0 0.0112498 0.0112498 0 0.999935 0.0113771 0.999935 0.0113771 0.136936 0 0.371994 0 
1 1 0 0.0182162 0.0182162 0 0.999828 0.018551 0.999828 0.018551 0.13801 0 0.374515 0 
1 1 0 0.0251327 0.0251327 0 0.999668 0.025772 0.999668 0.025772 0.13914 0 0.376997 0 
1 1 0 0.0319994 0.0319994 0 0.999453 0.0330391 0.999453 0.0330391 0.140329 0 0.379438 0 
1 1 0 0.0388164 0.0388164 0 0.999184 0.040351 0.999184 0.040351 0.141578 0 0.381837 0 
1 1 0 0.0455838 0.0455838 0 0.998859 0.0477065 0.998859 0.0477065 0.142889 0 0.384193 0 
1 1 0 0.0523019 0.0523019 0 0.998476 0.0551043 0.998476 0.0551043 0.144263 0 0.386503 0 
1 1 0 0.0589709 0.0589709 0 0.998035 0.0625432 0.998035 0.0625432 0.145701 0 0.388767 0 
1 1 0 0.0655909 0.0655909 0 0.997534 0.070022 0.997534 0.070022 0.147207 0 0.390982 0 
1 1 0 0.0721623 0.0721623 0 0.996972 0.0775392 0.996972 0.0775392 0.148782 0 0.393148 0 
1 1 0 0.0786852 0.0786852 0 0.996347 0.0850936 0.996347 0.0850936 0.150429 0 0.395263 0 
1 1 0 0.0851601 0.0851601 0 0.99566 0.0926838 0.99566 0.0926838 0.152149 0 0.397325 0 
1 1 0 0.0915873 0.0915873 0 0.994907 0.100308 0.994907 0.100308 0.153945 0 0.399331 0 
1 1 0 0.0979671 0.0979671 0 0.994088 0.107966 0.994088 0.107966 0.15582 0 0.401281 0 
1 1 0 0.1043 0.1043 0 0.993202 0.115655 0.993202 0.115655 0.157777 0 0.403172 0 
1 1 0 0.110586 0.110586 0 0.992247 0.123373 0.992247 0.123373 0.159819 0 0.405002 0 
1 1 0 0.116826 0.116826 0 0.991222 0.131121 0.991222 0.131121 0.161949 0 0.406768 0 
1 1 0 0.12302 0.12302 0 0.990125 0.138895 0.990125 0.138895 0.164171 0 0.408469 0 
1 1 0 0.129169 0.129169 0 0.988955 0.146694 0.988955 0.146694 0.166488 0 0.410101 0 
1 1 0 0.135272 0.135272 0 0.98771 0.154518 0.98771 0.154518 0.168905 0 0.411663 0 
1 1 0 0.141332 0.141332 0 0.986389 0.162363 0.986389 0.162363 0.171426 0 0.413151 0 
1 1 0 0.147347 0.147347 0 0.98499 0.170228 0.98499 0.170228 0.174056 0 0.414562 0 
1 1 0 0.153319 0.153319 0 0.983512 0.178112 0.983512 0.178112 0.1768 0 0.415893 0 
1 1 0 0.159248 0.159248 0 0.981952 0.186013 0.981952 0.186013 0.179663 0 0.417141 0 
1 1 0 0.165134 0.165134 0 0.98031 0.193929 0.98031 0.193929 0.182652 0 0.4183 0 
1 1 0 0.170979 0.170979 0 0.978583 0.201858 0.978583 0.201858 0.185773 0 0.419368 0 
1 1 0 0.176782 0.176782 0 0.97677 0.209799 0.97677 0.209799 0.189033 0 0.42034 0 
1 1 0 0.182543 0.182543 0 0.974869 0.217748 0.974869 0.217748 0.19244 0 0.42121 0 
1 1 0 0.188265 0.188265 0 0.972878 0.225705 0.972878 0.225705 0.196003 0 0.421973 0 
1 1 0 0.193946 0.193946 0 0.970794 0.233667 0.970794 0.233667 0.199731 0 0.422622 0 
1 1 0 0.199587 0.199587 0 0.968617 0.241632 0.968617 0.241632 0.203635 0 0.423149 0 
1 1 0 0.20519 0.20519 0 0.966344 0.249598 0.966344 0.249598 0.207726 0 0.423548 0 
1 1 0 0.210753 0.210753 0 0.963972 0.257563 0.963972 0.257563 0.212018 0 0.423808 0 
1 1 0 0.216279 0.216279 0 0.961501 0.265524 0.961501 0.265524 0.216525 0 0.423918 0 
1 1 0 0.221766 0.221766 0 0.958927 0.273478 0.958927 0.273478 0.221266 0 0.423865 0 
1 1 0 0.227216 0.227216 0 0.956248 0.281424 0.956248 0.281424 0.226259 0 0.423635 0 
1 1 0 0.232629 0.232629 0 0.953462 0.289358 0.953462 0.289358 0.231528 0 0.423208 0 
1 1 0 0.238005 0.238005 0 0.950567 0.297279 0.950567 0.297279 0.2371 0 0.422562 0 
1 1 0 0.243344 0.243344 0 0.94756 0.305182 0.94756 0.305182 0.243009 0 0.42167 0 
1 1 0 0.248647 0.248647 0 0.944439 0.313066 0.944439 0.313066 0.249294 0 0.420496 0 
1 1 0 0.253913 0.253913 0 0.941201 0.320927 0.941201 0.320927 0.256008 0 0.418996 0 
1 1 0 0.259144 0.259144 0 0.937843 0.328762 0.937843 0.328762 0.263217 0 0.417109 0 
1 1 0 0.264339 0.264339 0 0.934364 0.336567 0.934364 0.336567 0.271012 0 0.414751 0 
1 1 0 0.269497 0.269497 0 0.93076 0.34434 0.93076 0.34434 0.279519 0 0.411802 0 
1 1 0 0.27462 0.27462 0 0.927029 0.352077 0.927029 0.352077 0.288933 0 0.408074 0 
1 1 0 0.279707 0.279707 0 0.923168 0.359773 0.923168 0.359773 0.299582 0 0.403249 0 
1 1 0 0.284757 0.284757 0 0.919174 0.367426 0.919174 0.367426 0.312106 0 0.396694 0 
1 1 0 0.289771 0.289771 0 0.915044 0.37503 0.915044 0.37503 0.328226 0 0.386695 0 
1 1 0 0.294748 0.294748 210.646 0.910776 0.382583 0.910776 0.382583 0.360603 0.0107593 0.360603 -0.0107593 
1 1 0 0.299688 0.299688 68.4256 0.906367 0.390078 0.906367 0.390078 0.363831 0.033503 0.363831 -0.033503 
1 1 0 0.30459 0.30459 49.8393 0.901814 0.397512 0.901814 0.397512 0.367149 0.0465329 0.367149 -0.0465329 
1 1 0 0.309453 0.309453 41.1982 0.897114 0.40488 0.897114 0.40488 0.370563 0.0569573 0.370563 -0.0569573 
1 1 0 0.314278 0.314278 35.9682 0.892265 0.412176 0.892265 0.412176 0.374078 0.0660196 0.374078 -0.0660196 
1 1 0 0.319062 0.319062 32.3832 0.887263 0.419396 0.887263 0.419396 0.3777 0.0742172 0.3777 -0.0742172 
1 1 0 0.323806 0.323806 29.7398 0.882107 0.426534 0.882107 0.426534 0.381433 0.0818069 0.381433 -0.0818069 
1 1 0 0.328508 0.328508 27.6953 0.876794 0.433583 0.876794 0.433583 0.385284 0.0889399 0.385284 -0.0889399 
1 1 0 0.333167 0.333167 26.0601 0.871322 0.440539 0.871322 0.440539 0.389259 0.0957135 0.389259 -0.0957135 
1 1 0 0.337782 0.337782 24.7199 0.865687 0.447394 0.865687 0.447394 0.393363 0.102194 0.393363 -0.102194 
1 1 0 0.34235 0.34235 23.6009 0.859889 0.454143 0.859889 0.454143 0.397603 0.108426 0.397603 -0.108426 
1 1 0 0.346872 0.346872 22.6533 0.853925 0.460779 0.853925 0.460779 0.401986 0.114446 0.401986 -0.114446 
1 1 0 0.351344 0.351344 21.8422 0.847794 0.467295 0.847794 0.467295 0.406517 0.120276 0.406517 -0.120276 
1 1 0 0.355766 0.355766 21.1421 0.841494 0.473683 0.841494 0.473683 0.411204 0.125935 0.411204 -0.125935 
1 1 0 0.360134 0.360134 20.534 0.835025 0.479936 0.835025 0.479936 0.416052 0.131435 0.416052 -0.131435 
1 1 0 0.364448 0.364448 20.0036 0.828385 0.486048 0.828385 0.486048 0.421068 0.136787 0.421068 -0.136787 
1 1 0 0.368704 0.368704 19.5396 0.821573 0.49201 0.821573 0.49201 0.426259 0.141997 0.426259 -0.141997 
1 1 0 0.372902 0.372902 19.1334 0.814591 0.497815 0.814591 0.497815 0.431631 0.147067 0.431631 -0.147067 
1 1 0 0.377037 0.377037 18.778 0.807439 0.503454 0.807439 0.503454 0.437191 0.152001 0.437191 -0.152001 
1 1 0 0.381108 0.381108 18.4676 0.800117 0.50892 0.800117 0.50892 0.442944 0.156799 0.442944 -0.156799 
1 1 0 0.38511 0.38511 18.1979 0.792629 0.514203 0.792629 0.514203 0.448894 0.161457 0.448894 -0.161457 
1 1 0 0.389043 0.389043 17.9651 0.784975 0.519298 0.784975 0.519298 0.455048 0.165974 0.455048 -0.165974 
1 1 0 0.392903 0.392903 17.7661 0.777158 0.524195 0.777158 0.524195 0.461413 0.170346 0.461413 -0.170346 
1 1 0 0.396689 0.396689 17.5984 0.76918 0.528888 0.76918 0.528888 0.467992 0.17457 0.467992 -0.17457 
1 1 0 0.400396 0.400396 17.4599 0.761045 0.533368 0.761045 0.533368 0.47479 0.178638 0.47479 -0.178638 
1 1 0 0.404023 0.404023 17.3491 0.752757 0.537629 0.752757 0.537629 0.48181 0.182545 0.48181 -0.182545 
1 1 0 0.407567 0.407567 17.2646 0.744321 0.541664 0.744321 0.541664 0.489057 0.186283 0.489057 -0.186283 
1 1 0 0.411024 0.411024 17.2053 0.735742 0.545466 0.735742 0.545466 0.496533 0.189844 0.496533 -0.189844 
1 1 0 0.414394 0.414394 17.1703 0.727027 0.549028 0.727027 0.549028 0.504239 0.19322 0.504239 -0.19322 
1 1 0 0.417672 0.417672 17.1591 0.718181 0.552344 0.718181 0.552344 0.512178 0.196402 0.512178 -0.196402 
1 1 0 0.420857 0.420857 17.1714 0.709211 0.55541 0.709211 0.55541 0.52035 0.199381 0.52035 -0.199381 
1 1 0 0.423947 0.423947 17.2067 0.700125 0.558221 0.700125 0.558221 0.528755 0.202145 0.528755 -0.202145 
1 1 0 0.42694 0.42694 17.2652 0.690931 0.560772 0.690931 0.560772 0.537393 0.204686 0.537393 -0.204686 
1 1 0 0.429835 0.429835 17.3469 0.681636 0.563059 0.681636 0.563059 0.546261 0.206992 0.546261 -0.206992 
1 1 0 0.432628 0.432628 17.4522 0.67225 0.565081 0.67225 0.565081 0.555359 0.209053 0.555359 -0.209053 
1 1 0 0.435321 0.435321 17.5815 0.66278 0.566833 0.66278 0.566833 0.564682 0.210857 0.564682 -0.210857 
1 1 0 0.43791 0.43791 17.7355 0.653235 0.568315 0.653235 0.568315 0.574228 0.212394 0.574228 -0.212394 
1 1 0 0.440396 0.440396 17.9152 0.643625 0.569526 0.643625 0.569526 0.583992 0.21365 0.583992 -0.21365 
1 1 0 0.442779 0.442779 18.1216 0.633958 0.570464 0.633958 0.570464 0.59397 0.214614 0.59397 -0.214614 
1 1 0 0.445057 0.445057 18.3561 0.624244 0.571132 0.624244 0.571132 0.604157 0.215273 0.604157 -0.215273 
1 1 0 0.447231 0.447231 18.6204 0.614492 0.571528 0.614492 0.571528 0.614546 0.215616 0.614546 -0.215616 
1 1 0 0.449301 0.449301 18.9166 0.604709 0.571655 0.604709 0.571655 0.625131 0.215627 0.625131 -0.215627 
1 1 0 0.451268 0.451268 19.2471 0.594905 0.571514 0.594905 0.571514 0.635906 0.215294 0.635906 -0.215294 
1 1 0 0.453132 0.453132 19.6147 0.585089 0.571108 0.585089 0.571108 0.646863 0.2146 0.646863 -0.2146 
1 1 0 0.454893 0.454893 20.0231 0.575268 0.570441 0.575268 0.570441 0.657996 0.213532 0.657996 -0.213532 
1 1 0 0.456555 0.456555 20.4765 0.565451 0.569514 0.565451 0.569514 0.669297 0.212071 0.669297 -0.212071 
1 1 0 0.458116 0.458116 20.9799 0.555644 0.568333 0.555644 0.568333 0.680757 0.210199 0.680757 -0.210199 
1 1 0 0.45958 0.45958 21.5397 0.545856 0.5669 0.545856 0.5669 0.692369 0.207897 0.692369 -0.207897 
1 1 0 0.460947 0.460947 22.1634 0.536093 0.565221 0.536093 0.565221 0.704125 0.20514 0.704125 -0.20514 
1 1 0 0.462219 0.462219 22.8608 0.526362 0.5633 0.526362 0.5633 0.716016 0.201904 0.716016 -0.201904 
1 1 0 0.463399 0.463399 23.6436 0.516669 0.561142 0.516669 0.561142 0.728035 0.198159 0.728035 -0.198159 
1 1 0 0.464487 0.464487 24.5273 0.50702 0.558752 0.50702 0.558752 0.740173 0.193871 0.740173 -0.193871 
1 1 0 0.465486 0.465486 25.5315 0.497421 0.556136 0.497421 0.556136 0.752422 0.188998 0.752422 -0.188998 
1 1 0 0.466399 0.466399 26.6825 0.487875 0.553298 0.487875 0.553298 0.764774 0.183493 0.764774 -0.183493 
1 1 0 0.467227 0.467227 28.0154 0.478389 0.550244 0.478389 0.550244 0.777221 0.177295 0.777221 -0.177295 
1 1 0 0.467972 0.467972 29.5794 0.468967 0.546979 0.468967 0.546979 0.789756 0.170327 0.789756 -0.170327 
1 1 0 0.468637 0.468637 31.4451 0.459611 0.543509 0.459611 0.543509 0.802369 0.162493 0.802369 -0.162493 
1 1 0 0.469224 0.469224 33.7182 0.450327 0.53984 0.450327 0.53984 0.815054 0.153663 0.815054 -0.153663 
1 1 0 0.469735 0.469735 36.5665 0.441118 0.535977 0.441118 0.535977 0.827804 0.143657 0.827804 -0.143657 
1 1 0 0.470173 0.470173 40.2751 0.431986 0.531925 0.431986 0.531925 0.84061 0.132215 0.84061 -0.132215 
1 1 0 0.470539 0.470539 45.3793 0.422935 0.52769 0.422935 0.52769 0.853467 0.118931 0.853467 -0.118931 
1 1 0 0.470837 0.470837 53.0432 0.413966 0.523277 0.413966 0.523277 0.866366 0.103107 0.866366 -0.103107 
1 1 0 0.471067 0.471067 66.5035 0.405082 0.518692 0.405082 0.518692 0.879302 0.0833237 0.879302 -0.0833237 
1 1 0 0.471233 0.471233 101.103 0.396285 0.51394 0.396285 0.51394 0.892268 0.0555226 0.892268 -0.0555226 
1 1 0 0.471337 0.471337 101.103 0.387576 0.509026 0.387576 0.509026 0.936014 0 0.874501 0 
1 1 0 0.47138 0.47138 101.103 0.378958 0.503954 0.378958 0.503954 0.989958 0 0.846572 0 
2 1 0 0.471382 0.471382 101.103 0.376862 0.50269 0.376862 0.50269 1.00013 0 0.842767 0 
2 1 0 0.471353 0.471353 101.103 0.368357 0.49743 0.368357 0.49743 1.03736 0 0.831585 0 
2 1 0 0.471269 0.471269 101.103 0.359943 0.492023 0.359943 0.492023 1.07053 0 0.824466 0 
2 1 0 0.471131 0.471131 101.103 0.351623 0.486475 0.351623 0.486475 1.10139 0 0.819666 0 
2 1 0 0.470942 0.470942 101.103 0.343396 0.48079 0.343396 0.48079 1.13069 0 0.816404 0 
2 1 0 0.470703 0.470703 101.103 0.335264 0.474972 0.335264 0.474972 1.15887 0 0.814249 0 
2 1 0 0.470416 0.470416 101.103 0.327227 0.469027 0.327227 0.469027 1.18617 0 0.812937 0 
2 1 0 0.470083 0.470083 101.103 0.319285 0.462957 0.319285 0.462957 1.21277 0 0.812289 0 
2 1 0 0.469707 0.469707 101.103 0.311437 0.456768 0.311437 0.456768 1.23877 0 0.812183 0 
2 1 0 0.469287 0.469287 101.103 0.303685 0.450464 0.303685 0.450464 1.26428 0 0.812526 0 
2 1 0 0.468827 0.468827 101.103 0.296028 0.444047 0.296028 0.444047 1.28933 0 0.813249 0 
2 1 0 0.468328 0.468328 101.103 0.288464 0.437522 0.288464 0.437522 1.31399 0 0.814298 0 
2 1 0 0.467792 0.467792 101.103 0.280995 0.430893 0.280995 0.430893 1.33828 0 0.815631 0 
2 1 0 0.467219 0.467219 101.103 0.27362 0.424163 0.27362 0.424163 1.36224 0 0.817211 0 
2 1 0 0.466612 0.466612 101.103 0.266338 0.417335 0.266338 0.417335 1.38589 0 0.819012 0 
2 1 0 0.465972 0.465972 101.103 0.259148 0.410413 0.259148 0.410413 1.40924 0 0.821007 0 
2 1 0 0.465301 0.465301 101.103 0.25205 0.4034 0.25205 0.4034 1.43231 0 0.823178 0 
2 1 0 0.464599 0.464599 101.103 0.245043 0.396298 0.245043 0.396298 1.45512 0 0.825507 0 
2 1 0 0.463869 0.463869 101.103 0.238127 0.389112 0.238127 0.389112 1.47766 0 0.827978 0 
2 1 0 0.46311 0.46311 101.103 0.2313 0.381843 0.2313 0.381843 1.49996 0 0.830579 0 
2 1 0 0.462326 0.462326 101.103 0.224562 0.374495 0.224562 0.374495 1.52201 0 0.833299 0 
2 1 0 0.461516 0.461516 101.103 0.217912 0.36707 0.217912 0.36707 1.54382 0 0.836127 0 
2 1 0 0.460682 0.460682 101.103 0.211348 0.35957 0.211348 0.35957 1.5654 0 0.839054 0 
2 1 0 0.459825 0.459825 101.103 0.20487 0.351999 0.20487 0.351999 1.58676 0 0.842073 0 
2 1 0 0.458946 0.458946 101.103 0.198478 0.344359 0.198478 0.344359 1.60788 0 0.845177 0 
2 1 0 0.458046 0.458046 101.103 0.192169 0.336652 0.192169 0.336652 1.62879 0 0.848358 0 
2 1 0 0.457127 0.457127 101.103 0.185943 0.32888 0.185943 0.32888 1.64947 0 0.851611 0 
2 1 0 0.456188 0.456188 101.103 0.179799 0.321045 0.179799 0.321045 1.66994 0 0.854932 0 
2 1 0 0.455231 0.455231 101.103 0.173736 0.31315 0.173736 0.31315 1.69019 0 0.858314 0 
2 1 0 0.454258 0.454258 101.103 0.167753 0.305196 0.167753 0.305196 1.71023 0 0.861754 0 
2 1 0 0.453268 0.453268 101.103 0.161848 0.297186 0.161848 0.297186 1.73006 0 0.865248 0 
2 1 0 0.452262 0.452262 101.103 0.156021 0.289121 0.156021 0.289121 1.74967 0 0.868791 0 
2 1 0 0.451242 0.451242 101.103 0.15027 0.281003 0.15027 0.281003 1.76908 0 0.872381 0 
2 1 0 0.450208 0.450208 101.103 0.144595 0.272834 0.144595 0.272834 1.78828 0 0.876014 0 
2 1 0 0.449161 0.449161 101.103 0.138995 0.264616 0.138995 0.264616 1.80728 0 0.879687 0 
2 1 0 0.448102 0.448102 101.103 0.133468 0.256349 0.133468 0.256349 1.82607 0 0.883398 0 
2 1 0 0.447031 0.447031 101.103 0.128013 0.248036 0.128013 0.248036 1.84466 0 0.887143 0 
2 1 0 0.445948 0.445948 101.103 0.122629 0.239678 0.122629 0.239678 1.86305 0 0.890922 0 
2 1 0 0.444856 0.444856 101.103 0.117315 0.231277 0.117315 0.231277 1.88124 0 0.89473 0 
2 1 0 0.443753 0.443753 101.103 0.112071 0.222834 0.112071 0.222834 1.89923 0 0.898567 0 
2 1 0 0.442641 0.442641 101.103 0.106894 0.21435 0.106894 0.21435 1.91702 0 0.90243 0 
2 1 0 0.441521 0.441521 101.103 0.101785 0.205827 0.101785 0.205827 1.93461 0 0.906317 0 
2 1 0 0.440392 0.440392 101.103 0.0967417 0.197266 0.0967417 0.197266 1.952 0 0.910227 0 
2 1 0 0.439256 0.439256 101.103 0.0917632 0.188668 0.0917632 0.188668 1.96921 0 0.914159 0 
2 1 0 0.438113 0.438113 101.103 0.0868487 0.180034 0.0868487 0.180034 1.98622 0 0.918109 0 
2 1 0 0.436963 0.436963 101.103 0.0819972 0.171365 0.0819972 0.171365 2.00303 0 0.922078 0 
2 1 0 0.435807 0.435807 101.103 0.0772077 0.162663 0.0772077 0.162663 2.01966 0 0.926063 0 
2 1 0 0.434645 0.434645 101.103 0.0724791 0.153928 0.0724791 0.153928 2.0361 0 0.930063 0 
2 1 0 0.433478 0.433478 101.103 0.0678106 0.145162 0.0678106 0.145162 2.05234 0 0.934078 0 
2 1 0 0.432307 0.432307 101.103 0.0632012 0.136365 0.0632012 0.136365 2.06841 0 0.938105 0 
2 1 0 0.43113 0.43113 101.103 0.0586499 0.127538 0.0586499 0.127538 2.08428 0 0.942144 0 
2 1 0 0.42995 0.42995 101.103 0.0541559 0.118683 0.0541559 0.118683 2.09997 0 0.946194 0 
2 1 0 0.428766 0.428766 101.103 0.0497182 0.1098 0.0497182 0.1098 2.11548 0 0.950254 0 
2 1 0 0.427579 0.427579 101.103 0.0453358 0.10089 0.0453358 0.10089 2.13081 0 0.954322 0 
2 1 0 0.426388 0.426388 101.103 0.041008 0.0919537 0.041008 0.0919537 2.14595 0 0.958398 0 
2 1 0 0.425195 0.425195 101.103 0.0367339 0.082992 0.0367339 0.082992 2.16092 0 0.962481 0 
2 1 0 0.424 0.424 101.103 0.0325125 0.0740057 0.0325125 0.0740057 2.17571 0 0.96657 0 
2 1 0 0.422802 0.422802 101.103 0.0283431 0.0649954 0.0283431 0.0649954 2.19033 0 0.970664 0 
2 1 0 0.421603 0.421603 101.103 0.0242247 0.0559619 0.0242247 0.0559619 2.20476 0 0.974763 0 
2 1 0 0.420402 0.420402 101.103 0.0201567 0.0469058 0.0201567 0.0469058 2.21903 0 0.978866 0 
2 1 0 0.4192 0.4192 101.103 0.0161381 0.0378279 0.0161381 0.0378279 2.23312 0 0.982971 0 
2 1 0 0.417998 0.417998 101.103 0.0121682 0.0287286 0.0121682 0.0287286 2.24705 0 0.98708 0 
2 1 0 0.416794 0.416794 101.103 0.00824625 0.0196088 0.00824625 0.0196088 2.2608 0 0.99119 0 
2 1 0 0.41559 0.41559 101.103 0.0043714 0.0104688 0.0043714 0.0104688 2.27439 0 0.995301 0 
2 1 0 0.414385 0.414385 101.103 0.000542928 0.00130943 0.000542928 0.00130943 2.28781 0 0.999412 0 
2 1 0 0.41422 0.41422 101.103 2.21309e-05 5.34266e-05 2.21309e-05 5.34266e-05 2.28964 0 0.999975 0 
2 1 0 0.414227 0.414227 101.103 -5.04309e-06 -1.21751e-05 -5.04309e-06 -1.21751e-05 2.28967 0 1.00005 0 
2 1 0 0.415418 0.415418 101.103 -0.00382305 -0.00916485 -0.00382305 -0.00916485 2.27631 0 0.995887 0 
2 1 0 0.416622 0.416622 101.103 -0.00769138 -0.0183079 -0.00769138 -0.0183079 2.26275 0 0.991775 0 
2 1 0 0.417826 0.417826 101.103 -0.0116066 -0.0274307 -0.0116066 -0.0274307 2.24902 0 0.987665 0 
2 1 0 0.419029 0.419029 101.103 -0.0155696 -0.0365329 -0.0155696 -0.0365329 2.23512 0 0.983556 0 
2 1 0 0.420231 0.420231 101.103 -0.0195812 -0.0456139 -0.0195812 -0.0456139 2.22105 0 0.97945 0 
2 1 0 0.421432 0.421432 101.103 -0.0236421 -0.0546731 -0.0236421 -0.0546731 2.20681 0 0.975347 0 
2 1 0 0.422632 0.422632 101.103 -0.0277532 -0.0637099 -0.0277532 -0.0637099 2.19239 0 0.971248 0 
2 1 0 0.423829 0.423829 101.103 -0.0319153 -0.0727235 -0.0319153 -0.0727235 2.1778 0 0.967153 0 
2 1 0 0.425025 0.425025 101.103 -0.0361293 -0.0817133 -0.0361293 -0.0817133 2.16304 0 0.963063 0 
2 1 0 0.426218 0.426218 101.103 -0.0403958 -0.0906785 -0.0403958 -0.0906785 2.1481 0 0.958979 0 
2 1 0 0.427409 0.427409 101.103 -0.044716 -0.0996185 -0.044716 -0.0996185 2.13298 0 0.954902 0 
2 1 0 0.428597 0.428597 101.103 -0.0490905 -0.108532 -0.0490905 -0.108532 2.11768 0 0.950833 0 
2 1 0 0.429782 0.429782 101.103 -0.0535202 -0.117419 -0.0535202 -0.117419 2.10219 0 0.946772 0 
2 1 0 0.430962 0.430962 101.103 -0.0580062 -0.126278 -0.0580062 -0.126278 2.08653 0 0.942721 0 
2 1 0 0.432139 0.432139 101.103 -0.0625493 -0.135109 -0.0625493 -0.135109 2.07068 0 0.93868 0 
2 1 0 0.433312 0.433312 101.103 -0.0671503 -0.14391 -0.0671503 -0.14391 2.05464 0 0.934651 0 
2 1 0 0.434479 0.434479 101.103 -0.0718104 -0.152681 -0.0718104 -0.152681 2.03842 0 0.930634 0 
2 1 0 0.435642 0.435642 101.103 -0.0765303 -0.16142 -0.0765303 -0.16142 2.02201 0 0.926632 0 
2 1 0 0.436799 0.436799 101.103 -0.0813111 -0.170127 -0.0813111 -0.170127 2.00541 0 0.922644 0 
2 1 0 0.43795 0.43795 101.103 -0.0861537 -0.178801 -0.0861537 -0.178801 1.98862 0 0.918673 0 
2 1 0 0.439094 0.439094 101.103 -0.0910592 -0.18744 -0.0910592 -0.18744 1.97164 0 0.91472 0 
2 1 0 0.440231 0.440231 101.103 -0.0960284 -0.196043 -0.0960284 -0.196043 1.95447 0 0.910786 0 
2 1 0 0.441361 0.441361 101.103 -0.101063 -0.20461 -0.101063 -0.20461 1.9371 0 0.906873 0 
2 1 0 0.442482 0.442482 101.103 -0.106162 -0.213138 -0.106162 -0.213138 1.91953 0 0.902982 0 
2 1 0 0.443595 0.443595 101.103 -0.111329 -0.221628 -0.111329 -0.221628 1.90177 0 0.899116 0 
2 1 0 0.444699 0.444699 101.103 -0.116564 -0.230077 -0.116564 -0.230077 1.88381 0 0.895275 0 
2 1 0 0.445793 0.445793 101.103 -0.121868 -0.238484 -0.121868 -0.238484 1.86565 0 0.891463 0 
2 1 0 0.446877 0.446877 101.103 -0.127241 -0.246848 -0.127241 -0.246848 1.8473 0 0.88768 0 
2 1 0 0.44795 0.44795 101.103 -0.132686 -0.255167 -0.132686 -0.255167 1.82873 0 0.883929 0 
2 1 0 0.449011 0.449011 101.103 -0.138203 -0.263441 -0.138203 -0.263441 1.80997 0 0.880213 0 
2 1 0 0.45006 0.45006 101.103 -0.143793 -0.271666 -0.143793 -0.271666 1.791 0 0.876535 0 
2 1 0 0.451096 0.451096 101.103 -0.149457 -0.279842 -0.149457 -0.279842 1.77183 0 0.872896 0 
2 1 0 0.452118 0.452118 101.103 -0.155197 -0.287968 -0.155197 -0.287968 1.75245 0 0.8693 0 
2 1 0 0.453125 0.453125 101.103 -0.161013 -0.29604 -0.161013 -0.29604 1.73286 0 0.86575 0 
2 1 0 0.454118 0.454118 101.103 -0.166906 -0.304058 -0.166906 -0.304058 1.71307 0 0.862249 0 
2 1 0 0.455094 0.455094 101.103 -0.172879 -0.31202 -0.172879 -0.31202 1.69306 0 0.858801 0 
2 1 0 0.456053 0.456053 101.103 -0.17893 -0.319924 -0.17893 -0.319924 1.67284 0 0.85541 0 
2 1 0 0.456994 0.456994 101.103 -0.185063 -0.327767 -0.185063 -0.327767 1.6524 0 0.852081 0 
2 1 0 0.457916 0.457916 101.103 -0.191277 -0.335548 -0.191277 -0.335548 1.63175 0 0.848817 0 
2 1 0 0.458819 0.458819 101.103 -0.197574 -0.343265 -0.197574 -0.343265 1.61087 0 0.845625 0 
2 1 0 0.459701 0.459701 101.103 -0.203954 -0.350915 -0.203954 -0.350915 1.58978 0 0.842511 0 
2 1 0 0.460561 0.460561 101.103 -0.21042 -0.358496 -0.21042 -0.358496 1.56846 0 0.839479 0 
2 1 0 0.461398 0.461398 101.103 -0.216971 -0.366005 -0.216971 -0.366005 1.54691 0 0.836538 0 
2 1 0 0.462212 0.462212 101.103 -0.223609 -0.373441 -0.223609 -0.373441 1.52513 0 0.833696 0 
2 1 0 0.463 0.463 101.103 -0.230334 -0.3808 -0.230334 -0.3808 1.50312 0 0.83096 0 
2 1 0 0.463762 0.463762 101.103 -0.237148 -0.388081 -0.237148 -0.388081 1.48086 0 0.828341 0 
2 1 0 0.464497 0.464497 101.103 -0.244052 -0.395279 -0.244052 -0.395279 1.45835 0 0.825851 0 
2 1 0 0.465203 0.465203 101.103 -0.251046 -0.402393 -0.251046 -0.402393 1.43558 0 0.823501 0 
2 1 0 0.465879 0.465879 101.103 -0.258131 -0.409419 -0.258131 -0.409419 1.41255 0 0.821307 0 
2 1 0 0.466523 0.466523 101.103 -0.265307 -0.416354 -0.265307 -0.416354 1.38923 0 0.819285 0 
2 1 0 0.467135 0.467135 101.103 -0.272576 -0.423196 -0.272576 -0.423196 1.36563 0 0.817455 0 
2 1 0 0.467712 0.467712 101.103 -0.279938 -0.42994 -0.279938 -0.42994 1.34172 0 0.815842 0 
2 1 0 0.468254 0.468254 101.103 -0.287394 -0.436584 -0.287394 -0.436584 1.31747 0 0.814472 0 
2 1 0 0.468758 0.468758 101.103 -0.294944 -0.443124 -0.294944 -0.443124 1.29287 0 0.81338 0 
2 1 0 0.469224 0.469224 101.103 -0.302588 -0.449556 -0.302588 -0.449556 1.26787 0 0.812607 0 
2 1 0 0.469649 0.469649 101.103 -0.310326 -0.455877 -0.310326 -0.455877 1.24244 0 0.812206 0 
2 1 0 0.470032 0.470032 101.103 -0.31816 -0.462082 -0.31816 -0.462082 1.21651 0 0.812243 0 
2 1 0 0.470371 0.470371 101.103 -0.326089 -0.468169 -0.326089 -0.468169 1.19 0 0.812807 0 
2 1 0 0.470665 0.470665 101.103 -0.334112 -0.474132 -0.334112 -0.474132 1.16281 0 0.814016 0 
2 1 0 0.470911 0.470911 101.103 -0.342231 -0.479968 -0.342231 -0.479968 1.13477 0 0.816037 0 
2 1 0 0.471107 0.471107 101.103 -0.350444 -0.485672 -0.350444 -0.485672 1.10565 0 0.81912 0 
2 1 0 0.471253 0.471253 101.103 -0.358751 -0.49124 -0.358751 -0.49124 1.07505 0 0.823663 0 
2 1 0 0.471345 0.471345 101.103 -0.367151 -0.496668 -0.367151 -0.496668 1.04228 0 0.83038 0 
2 1 0 0.471381 0.471381 101.103 -0.375644 -0.501949 -0.375644 -0.501949 1.00581 0 0.840797 0 
2 1 0 0.471382 0.471382 101.103 -0.376872 -0.502696 -0.376872 -0.502696 1.00008 0 0.842785 0 
1 1 0 0.471353 0.471353 101.103 -0.385469 -0.507805 -0.385469 -0.507805 0.952608 0 0.86424 0 
1 1 0 0.471264 0.471264 122.385 -0.394156 -0.512758 -0.394156 -0.512758 0.89543 0.0460115 0.89543 -0.0460115 
1 1 0 0.471114 0.471114 71.6546 -0.402931 -0.51755 -0.402931 -0.51755 0.882457 0.0775791 0.882457 -0.0775791 
1 1 0 0.470899 0.470899 55.5692 -0.411794 -0.522176 -0.411794 -0.522176 0.869514 0.0987366 0.869514 -0.0987366 
1 1 0 0.470618 0.470618 46.9411 -0.420743 -0.526631 -0.420743 -0.526631 0.856605 0.115348 0.856605 -0.115348 
1 1 0 0.470269 0.470269 41.3603 -0.429774 -0.53091 -0.429774 -0.53091 0.843737 0.12917 0.843737 -0.12917 
1 1 0 0.469848 0.469848 37.3757 -0.438887 -0.535007 -0.438887 -0.535007 0.830918 0.141016 0.830918 -0.141016 
1 1 0 0.469355 0.469355 34.3505 -0.448078 -0.538917 -0.448078 -0.538917 0.818153 0.151343 0.818153 -0.151343 
1 1 0 0.468787 0.468787 31.956 -0.457344 -0.542634 -0.457344 -0.542634 0.805452 0.160441 0.805452 -0.160441 
1 1 0 0.468141 0.468141 30.0027 -0.466682 -0.546153 -0.466682 -0.546153 0.79282 0.168504 0.79282 -0.168504 
1 1 0 0.467416 0.467416 28.3728 -0.476089 -0.549468 -0.476089 -0.549468 0.780266 0.175672 0.780266 -0.175672 
1 1 0 0.466608 0.466608 26.9887 -0.48556 -0.552574 -0.48556 -0.552574 0.767797 0.18205 0.767797 -0.18205 
1 1 0 0.465717 0.465717 25.7971 -0.495091 -0.555465 -0.495091 -0.555465 0.755421 0.187718 0.755421 -0.187718 
1 1 0 0.464739 0.464739 24.7599 -0.504678 -0.558136 -0.504678 -0.558136 0.743146 0.19274 0.743146 -0.19274 
1 1 0 0.463672 0.463672 23.8489 -0.514315 -0.560581 -0.514315 -0.560581 0.73098 0.197166 0.73098 -0.197166 
1 1 0 0.462515 0.462515 23.043 -0.523998 -0.562796 -0.523998 -0.562796 0.718932 0.20104 0.718932 -0.20104 
1 1 0 0.461265 0.461265 22.3261 -0.53372 -0.564775 -0.53372 -0.564775 0.707008 0.204397 0.707008 -0.204397 
1 1 0 0.459922 0.459922 21.6853 -0.543476 -0.566514 -0.543476 -0.566514 0.695219 0.207268 0.695219 -0.207268 
1 1 0 0.458482 0.458482 21.1108 -0.553259 -0.568007 -0.553259 -0.568007 0.683571 0.209679 0.683571 -0.209679 
1 1 0 0.456944 0.456944 20.5942 -0.563061 -0.56925 -0.563061 -0.56925 0.672073 0.211654 0.672073 -0.211654 
1 1 0 0.455307 0.455307 20.1292 -0.572877 -0.570239 -0.572877 -0.570239 0.660733 0.213213 0.660733 -0.213213 
1 1 0 0.45357 0.45357 19.7103 -0.582697 -0.57097 -0.582697 -0.57097 0.649559 0.214375 0.649559 -0.214375 
1 1 0 0.451731 0.451731 19.3331 -0.592516 -0.57144 -0.592516 -0.57144 0.638558 0.215158 0.638558 -0.215158 
1 1 0 0.449789 0.449789 18.9938 -0.602323 -0.571645 -0.602323 -0.571645 0.627738 0.215578 0.627738 -0.215578 
1 1 0 0.447745 0.447745 18.6895 -0.612112 -0.571583 -0.612112 -0.571583 0.617106 0.215649 0.617106 -0.215649 
1 1 0 0.445596 0.445596 18.4176 -0.621872 -0.571253 -0.621872 -0.571253 0.606668 0.215386 0.606668 -0.215386 
1 1 0 0.443343 0.443343 18.176 -0.631597 -0.570652 -0.631597 -0.570652 0.596432 0.214803 0.596432 -0.214803 
1 1 0 0.440986 0.440986 17.9629 -0.641276 -0.569779 -0.641276 -0.569779 0.586403 0.213912 0.586403 -0.213912 
1 1 0 0.438525 0.438525 17.7769 -0.650901 -0.568635 -0.650901 -0.568635 0.576586 0.212726 0.576586 -0.212726 
1 1 0 0.435961 0.435961 17.6167 -0.660462 -0.567219 -0.660462 -0.567219 0.566986 0.211257 0.566986 -0.211257 
1 1 0 0.433293 0.433293 17.4814 -0.669951 -0.565532 -0.669951 -0.565532 0.557608 0.209517 0.557608 -0.209517 
1 1 0 0.430524 0.430524 17.3704 -0.679359 -0.563576 -0.679359 -0.563576 0.548456 0.207517 0.548456 -0.207517 
1 1 0 0.427654 0.427654 17.2829 -0.688676 -0.561353 -0.688676 -0.561353 0.539531 0.20527 0.539531 -0.20527 
1 1 0 0.424685 0.424685 17.2188 -0.697896 -0.558866 -0.697896 -0.558866 0.530837 0.202785 0.530837 -0.202785 
1 1 0 0.421619 0.421619 17.1778 -0.707009 -0.556119 -0.707009 -0.556119 0.522376 0.200074 0.522376 -0.200074 
1 1 0 0.418456 0.418456 17.16 -0.716007 -0.553114 -0.716007 -0.553114 0.514147 0.197147 0.514147 -0.197147 
1 1 0 0.4152 0.4152 17.1654 -0.724884 -0.549858 -0.724884 -0.549858 0.506151 0.194014 0.506151 -0.194014 
1 1 0 0.411853 0.411853 17.1945 -0.733632 -0.546355 -0.733632 -0.546355 0.498388 0.190684 0.498388 -0.190684 
1 1 0 0.408417 0.408417 17.2478 -0.742245 -0.542612 -0.742245 -0.542612 0.490856 0.187167 0.490856 -0.187167 
1 1 0 0.404894 0.404894 17.3262 -0.750716 -0.538633 -0.750716 -0.538633 0.483554 0.183471 0.483554 -0.183471 
1 1 0 0.401287 0.401287 17.4305 -0.75904 -0.534426 -0.75904 -0.534426 0.476479 0.179605 0.476479 -0.179605 
1 1 0 0.397599 0.397599 17.562 -0.767213 -0.529999 -0.767213 -0.529999 0.469627 0.175575 0.469627 -0.175575 
1 1 0 0.393832 0.393832 17.7224 -0.775229 -0.525357 -0.775229 -0.525357 0.462995 0.171389 0.462995 -0.171389 
1 1 0 0.38999 0.38999 17.9136 -0.783086 -0.520509 -0.783086 -0.520509 0.456579 0.167052 0.456579 -0.167052 
1 1 0 0.386074 0.386074 18.138 -0.79078 -0.515462 -0.79078 -0.515462 0.450374 0.16257 0.450374 -0.16257 
1 1 0 0.382089 0.382089 18.3984 -0.798309 -0.510224 -0.798309 -0.510224 0.444374 0.157946 0.444374 -0.157946 
1 1 0 0.378035 0.378035 18.6983 -0.80567 -0.504803 -0.80567 -0.504803 0.438575 0.153184 0.438575 -0.153184 
1 1 0 0.373915 0.373915 19.0423 -0.812864 -0.499205 -0.812864 -0.499205 0.432969 0.148283 0.432969 -0.148283 
1 1 0 0.369733 0.369733 19.4356 -0.819887 -0.49344 -0.819887 -0.49344 0.427552 0.143245 0.427552 -0.143245 
1 1 0 0.365491 0.365491 19.8847 -0.82674 -0.487515 -0.82674 -0.487515 0.422317 0.13807 0.422317 -0.13807 
1 1 0 0.361191 0.361191 20.398 -0.833422 -0.481439 -0.833422 -0.481439 0.417259 0.132753 0.417259 -0.132753 
1 1 0 0.356835 0.356835 20.986 -0.839933 -0.47522 -0.839933 -0.47522 0.41237 0.127289 0.41237 -0.127289 
1 1 0 0.352426 0.352426 21.6622 -0.846275 -0.468863 -0.846275 -0.468863 0.407645 0.12167 0.407645 -0.12167 
1 1 0 0.347966 0.347966 22.4442 -0.852447 -0.462378 -0.852447 -0.462378 0.403076 0.115883 0.403076 -0.115883 
1 1 0 0.343457 0.343457 23.3557 -0.858451 -0.455771 -0.858451 -0.455771 0.398658 0.109912 0.398658 -0.109912 
1 1 0 0.338899 0.338899 24.429 -0.86429 -0.449049 -0.86429 -0.449049 0.394383 0.103734 0.394383 -0.103734 
1 1 0 0.334296 0.334296 25.7097 -0.869964 -0.442219 -0.869964 -0.442219 0.390246 0.0973173 0.390246 -0.0973173 
1 1 0 0.329647 0.329647 27.2645 -0.875476 -0.435287 -0.875476 -0.435287 0.386241 0.0906203 0.386241 -0.0906203 
1 1 0 0.324956 0.324956 29.1955 -0.880828 -0.428259 -0.880828 -0.428259 0.38236 0.0835823 0.38236 -0.0835823 
1 1 0 0.320222 0.320222 31.6693 -0.886022 -0.421143 -0.886022 -0.421143 0.378599 0.0761152 0.378599 -0.0761152 
1 1 0 0.315447 0.315447 34.9797 -0.89106 -0.413942 -0.89106 -0.413942 0.37495 0.0680839 0.37495 -0.0680839 
1 1 0 0.310632 0.310632 39.7083 -0.895947 -0.406664 -0.895947 -0.406664 0.37141 0.059265 0.37141 -0.059265 
1 1 0 0.305778 0.305778 47.2312 -0.900683 -0.399313 -0.900683 -0.399313 0.367972 0.0492422 0.367972 -0.0492422 
1 1 0 0.300885 0.300885 62.0388 -0.905271 -0.391895 -0.905271 -0.391895 0.36463 0.0370559 0.36463 -0.0370559 
1 1 0 0.295954 0.295954 120.179 -0.909715 -0.384414 -0.909715 -0.384414 0.361381 0.018911 0.361381 -0.018911 
1 1 0 0.290986 0.290986 120.179 -0.914017 -0.376875 -0.914017 -0.376875 0.333286 0 0.383151 0 
1 1 0 0.285981 0.285981 120.179 -0.91818 -0.369283 -0.91818 -0.369283 0.315583 0 0.394693 0 
1 1 0 0.28094 0.28094 120.179 -0.922207 -0.361641 -0.922207 -0.361641 0.302423 0 0.401848 0 
1 1 0 0.275862 0.275862 120.179 -0.926101 -0.353955 -0.926101 -0.353955 0.291396 0 0.407016 0 
1 1 0 0.270748 0.270748 120.179 -0.929863 -0.346228 -0.929863 -0.346228 0.281719 0 0.410975 0 
1 1 0 0.265598 0.265598 120.179 -0.933498 -0.338463 -0.933498 -0.338463 0.273012 0 0.414093 0 
1 1 0 0.260412 0.260412 120.179 -0.937007 -0.330665 -0.937007 -0.330665 0.265058 0 0.416582 0 
1 1 0 0.255191 0.255191 120.179 -0.940394 -0.322837 -0.940394 -0.322837 0.257716 0 0.418575 0 
1 1 0 0.249933 0.249933 120.179 -0.943661 -0.314982 -0.943661 -0.314982 0.250888 0 0.420163 0 
1 1 0 0.244639 0.244639 120.179 -0.946811 -0.307104 -0.946811 -0.307104 0.244503 0 0.421412 0 
1 1 0 0.239308 0.239308 120.179 -0.949845 -0.299205 -0.949845 -0.299205 0.238507 0 0.422369 0 
1 1 0 0.233941 0.233941 120.179 -0.952767 -0.291288 -0.952767 -0.291288 0.232856 0 0.423072 0 
1 1 0 0.228538 0.228538 120.179 -0.955579 -0.283357 -0.955579 -0.283357 0.227516 0 0.42355 0 
1 1 0 0.223097 0.223097 120.179 -0.958284 -0.275414 -0.958284 -0.275414 0.222458 0 0.423826 0 
1 1 0 0.217619 0.217619 120.179 -0.960883 -0.267461 -0.960883 -0.267461 0.217658 0 0.423921 0 
1 1 0 0.212102 0.212102 120.179 -0.96338 -0.259502 -0.96338 -0.259502 0.213095 0 0.423849 0 
1 1 0 0.206548 0.206548 120.179 -0.965775 -0.251538 -0.965775 -0.251538 0.208752 0 0.423625 0 
1 1 0 0.200955 0.200955 120.179 -0.968072 -0.243572 -0.968072 -0.243572 0.204613 0 0.423259 0 
1 1 0 0.195323 0.195323 120.179 -0.970273 -0.235607 -0.970273 -0.235607 0.200665 0 0.422762 0 
1 1 0 0.189652 0.189652 120.179 -0.972379 -0.227644 -0.972379 -0.227644 0.196895 0 0.422141 0 
1 1 0 0.18394 0.18394 120.179 -0.974392 -0.219685 -0.974392 -0.219685 0.193293 0 0.421406 0 
1 1 0 0.178188 0.178188 120.179 -0.976315 -0.211734 -0.976315 -0.211734 0.189849 0 0.420561 0 
1 1 0 0.172395 0.172395 120.179 -0.97815 -0.203791 -0.97815 -0.203791 0.186554 0 0.419614 0 
1 1 0 0.166561 0.166561 120.179 -0.979897 -0.195859 -0.979897 -0.195859 0.183399 0 0.418569 0 
1 1 0 0.160685 0.160685 120.179 -0.98156 -0.18794 -0.98156 -0.18794 0.180379 0 0.417431 0 
1 1 0 0.154767 0.154767 120.179 -0.983139 -0.180035 -0.983139 -0.180035 0.177486 0 0.416205 0 
1 1 0 0.148805 0.148805 120.179 -0.984637 -0.172146 -0.984637 -0.172146 0.174713 0 0.414894 0 
1 1 0 0.1428 0.1428 120.179 -0.986055 -0.164276 -0.986055 -0.164276 0.172056 0 0.413502 0 
1 1 0 0.136752 0.136752 120.179 -0.987395 -0.156426 -0.987395 -0.156426 0.169509 0 0.412032 0 
1 1 0 0.130659 0.130659 120.179 -0.988659 -0.148597 -0.988659 -0.148597 0.167067 0 0.410488 0 
1 1 0 0.124521 0.124521 120.179 -0.989847 -0.140792 -0.989847 -0.140792 0.164726 0 0.408873 0 
1 1 0 0.118338 0.118338 120.179 -0.990961 -0.133011 -0.990961 -0.133011 0.162481 0 0.407188 0 
1 1 0 0.112109 0.112109 120.179 -0.992004 -0.125257 -0.992004 -0.125257 0.160329 0 0.405438 0 
1 1 0 0.105835 0.105835 120.179 -0.992976 -0.117531 -0.992976 -0.117531 0.158266 0 0.403623 0 
1 1 0 0.0995133 0.0995133 120.179 -0.993879 -0.109835 -0.993879 -0.109835 0.156289 0 0.401747 0 
1 1 0 0.093145 0.093145 120.179 -0.994714 -0.10217 -0.994714 -0.10217 0.154394 0 0.399811 0 
1 1 0 0.0867295 0.0867295 120.179 -0.995482 -0.0945371 -0.995482 -0.0945371 0.152579 0 0.397818 0 
1 1 0 0.0802662 0.0802662 120.179 -0.996186 -0.0869385 -0.996186 -0.0869385 0.150841 0 0.39577 0 
1 1 0 0.073755 0.073755 120.179 -0.996825 -0.0793753 -0.996825 -0.0793753 0.149177 0 0.393668 0 
1 1 0 0.0671954 0.0671954 120.179 -0.997403 -0.0718488 -0.997403 -0.0718488 0.147585 0 0.391514 0 
1 1 0 0.0605873 0.0605873 120.179 -0.997918 -0.0643606 -0.997918 -0.0643606 0.146062 0 0.38931 0 
1 1 0 0.0539302 0.0539302 120.179 -0.998374 -0.0569118 -0.998374 -0.0569118 0.144607 0 0.387058 0 
1 1 0 0.0472241 0.0472241 120.179 -0.998771 -0.0495039 -0.998771 -0.0495039 0.143217 0 0.384759 0 
1 1 0 0.0404687 0.0404687 120.179 -0.99911 -0.042138 -0.99911 -0.042138 0.141891 0 0.382415 0 
1 1 0 0.0336638 0.0336638 120.179 -0.999393 -0.0348154 -0.999393 -0.0348154 0.140628 0 0.380027 0 
1 1 0 0.0268092 0.0268092 120.179 -0.99962 -0.0275373 -0.99962 -0.0275373 0.139424 0 0.377596 0 
1 1 0 0.0199048 0.0199048 120.179 -0.999794 -0.0203049 -0.999794 -0.0203049 0.13828 0 0.375123 0 
1 1 0 0.0129506 0.0129506 120.179 -0.999914 -0.0131194 -0.999914 -0.0131194 0.137193 0 0.372611 0 
1 1 0 0.0059464 0.0059464 120.179 -0.999982 -0.00598186 -0.999982 -0.00598186 0.136162 0 0.37006 0 
1 1 0 -0.00110779 -0.00110779 120.179 -0.999999 0.00110656 -0.999999 0.00110656 0.135186 0 0.367472 0 
2 2 0 0.414133 0.414133 120.179 -5.04309e-06 -1.21751e-05 -5.04309e-06 -1.21751e-05 0.135186 0 0.367472 0 
1 2 0 0.415139 0.415139 120.179 8.26605e-12 1.36634e-11 8.26605e-12 1.36634e-11 0.135186 0 0.367472 0 
2 2 0 0.416139 0.416139 120.179 1.01072e-08 2.45145e-08 1.01072e-08 2.45145e-08 2.28343 0 1.00662 0 
2 2 0 0.418139 0.418139 120.179 1.49372e-12 3.61114e-12 1.49372e-12 3.61114e-12 2.27679 0 1.0136 0 
2 2 0 0.422139 0.422139 120.179 2.46614e-14 5.66836e-14 2.46614e-14 5.66836e-14 2.26314 0 1.0279 0 
2 2 0 0.430139 0.430139 120.179 2.49365e-18 5.50598e-18 2.49365e-18 5.50598e-18 2.23431 0 1.05796 0 
2 2 0 0.440139 0.440139 120.179 1.63508e-20 3.40671e-20 1.63508e-20 3.40671e-20 2.19492 0 1.0987 0 
2 2 0 0.450139 0.450139 120.179 9.63409e-25 1.89415e-24 9.63409e-25 1.89415e-24 2.15099 0 1.14379 0 
2 2 0 0.460139 0.460139 120.179 5.0092e-27 9.25138e-27 5.0092e-27 9.25138e-27 2.10116 0 1.19457 0 
2 2 0 0.470139 0.470139 120.179 2.40414e-31 4.16028e-31 2.40414e-31 4.16028e-31 2.04321 0 1.25327 0 
2 2 0 0.480139 0.480139 120.179 1.06756e-33 1.72258e-33 1.06756e-33 1.72258e-33 1.97278 0 1.32423 0 
2 2 0 0.490139 0.490139 120.179 4.39038e-38 6.57463e-38 4.39038e-38 6.57463e-38 1.87869 0 1.41865 0 
2 2 0 0.500139 0.500139 376.973 1.72113e-40 2.37382e-40 1.72113e-40 2.37382e-40 1.64872 0.0274826 1.64872 -0.0274826 
2 2 0 0.510139 0.510139 44.1234 6.21596e-45 7.82888e-45 6.21596e-45 7.82888e-45 1.64866 0.23637 1.64866 -0.23637 
2 2 0 0.520139 0.520139 31.3074 2.18208e-47 2.47417e-47 2.18208e-47 2.47417e-47 1.6485 0.335357 1.6485 -0.335357 
2 2 0 0.530139 0.530139 25.5918 6.98343e-52 7.00051e-52 6.98343e-52 7.00051e-52 1.64821 0.412994 1.64821 -0.412994 
2 2 0 0.540139 0.540139 22.1759 2.19449e-54 1.88089e-54 2.19449e-54 1.88089e-54 1.64782 0.47979 1.64782 -0.47979 
2 2 0 0.550139 0.550139 19.8416 6.18015e-59 4.29425e-59 6.18015e-59 4.29425e-59 1.6473 0.539811 1.6473 -0.539811 
2 2 0 0.560139 0.560139 18.117 1.70022e-61 8.40984e-62 1.70022e-61 8.40984e-62 1.64667 0.595137 1.64667 -0.595137 
2 2 0 0.570139 0.570139 16.7759 4.04433e-66 9.47435e-67 4.04433e-66 9.47435e-67 1.64591 0.646995 1.64591 -0.646995 
2 2 0 0.580139 0.580139 15.6943 8.87855e-69 -1.6972e-69 8.87855e-69 -1.6972e-69 1.64504 0.696184 1.64504 -0.696184 
2 2 0 0.590139 0.590139 14.7982 1.43701e-73 -1.59152e-73 1.43701e-73 -1.59152e-73 1.64404 0.743253 1.64404 -0.743253 
2 2 0 0.600139 0.600139 14.0399 8.13566e-77 -7.52263e-76 8.13566e-77 -7.52263e-76 1.64291 0.788604 1.64291 -0.788604 
2 2 0 0.610139 0.610139 13.3873 -6.64857e-81 -2.52507e-80 -6.64857e-81 -2.52507e-80 1.64165 0.832535 1.64165 -0.832535 
2 2 0 0.620139 0.620139 12.8181 -4.43555e-83 -7.96621e-83 -4.43555e-83 -7.96621e-83 1.64026 0.875279 1.64026 -0.875279 
2 2 0 0.630139 0.630139 12.3158 -1.67932e-87 -2.00901e-87 -1.67932e-87 -2.00901e-87 1.63874 0.91702 1.63874 -0.91702 
2 2 0 0.640139 0.640139 11.8682 -5.88353e-90 -4.75581e-90 -5.88353e-90 -4.75581e-90 1.63709 0.957906 1.63709 -0.957906 
2 2 0 0.650139 0.650139 11.4662 -1.61931e-94 -8.2316e-95 -1.61931e-94 -8.2316e-95 1.6353 0.99806 1.6353 -0.99806 
2 2 0 0.660139 0.660139 11.1024 -4.38629e-97 -7.61288e-98 -4.38629e-97 -7.61288e-98 1.63337 1.03758 1.63337 -1.03758 
2 2 0 0.670139 0.670139 10.7712 -9.32703e-102 2.18731e-102 -9.32703e-102 2.18731e-102 1.63129 1.07656 1.63129 -1.07656 
2 2 0 0.680139 0.680139 10.4679 -1.73412e-104 1.83645e-104 -1.73412e-104 1.83645e-104 1.62908 1.11507 1.62908 -1.11507 
2 2 0 0.690139 0.690139 10.1889 -1.65126e-109 6.89969e-109 -1.65126e-109 6.89969e-109 1.62672 1.15316 1.62672 -1.15316 
2 2 0 0.700139 0.700139 9.93114 4.65114e-112 2.3984e-111 4.65114e-112 2.3984e-111 1.62421 1.19091 1.62421 -1.19091 
2 2 0 0.710139 0.710139 9.69196 3.20115e-116 6.16834e-116 3.20115e-116 6.16834e-116 1.62156 1.22834 1.62156 -1.22834 
2 2 0 0.720139 0.720139 9.46927 1.45086e-118 1.54965e-118 1.45086e-118 1.54965e-118 1.61875 1.26551 1.61875 -1.26551 
2 2 0 0.730139 0.730139 9.26125 4.36679e-123 2.80864e-123 4.36679e-123 2.80864e-123 1.61579 1.30245 1.61579 -1.30245 
2 2 0 0.740139 0.740139 9.06637 1.32731e-125 3.42549e-126 1.32731e-125 3.42549e-126 1.61267 1.3392 1.61267 -1.3392 
2 2 0 0.750139 0.750139 8.8833 3.01545e-130 -3.20384e-131 3.01545e-130 -3.20384e-131 1.60939 1.37579 1.60939 -1.37579 
2 2 0 0.760139 0.760139 8.71088 6.58268e-133 -4.61264e-133 6.58268e-133 -4.61264e-133 1.60595 1.41224 1.60595 -1.41224 
2 2 0 0.770139 0.770139 8.54813 9.39363e-138 -1.78256e-137 9.39363e-138 -1.78256e-137 1.60235 1.44857 1.60235 -1.44857 
2 2 0 0.780139 0.780139 8.39418 5.99367e-142 -6.50567e-140 5.99367e-142 -6.50567e-140 1.59858 1.48481 1.59858 -1.48481 
2 2 0 0.790139 0.790139 8.24825 -5.59621e-145 -1.6475e-144 -5.59621e-145 -1.6475e-144 1.59465 1.52099 1.59465 -1.52099 
2 2 0 0.800139 0.800139 8.10968 -3.33416e-147 -4.22702e-147 -3.33416e-147 -4.22702e-147 1.59054 1.55711 1.59054 -1.55711 
2 2 0 0.810139 0.810139 7.97787 -1.06032e-151 -7.55864e-152 -1.06032e-151 -7.55864e-152 1.58626 1.59319 1.58626 -1.59319 
2 2 0 0.820139 0.820139 7.85228 -3.49897e-154 -9.32371e-155 -3.49897e-154 -9.32371e-155 1.58181 1.62926 1.58181 -1.62926 
2 2 0 0.830139 0.830139 7.73244 -8.12916e-159 7.40733e-160 -8.12916e-159 7.40733e-160 1.57718 1.66532 1.57718 -1.66532 
2 2 0 0.840139 0.840139 7.61793 -1.91743e-161 1.21653e-161 -1.91743e-161 1.21653e-161 1.57236 1.70139 1.57236 -1.70139 
2 2 0 0.850139 0.850139 7.50835 -3.02102e-166 4.53724e-166 -3.02102e-166 4.53724e-166 1.56737 1.73748 1.56737 -1.73748 
2 2 0 0.860139 0.860139 7.40338 -1.9719e-169 1.68812e-168 -1.9719e-169 1.68812e-168 1.56218 1.7736 1.56218 -1.7736 
2 2 0 0.870139 0.870139 7.30268 9.79244e-174 4.14247e-173 9.79244e-174 4.14247e-173 1.55681 1.80977 1.55681 -1.80977 
2 2 0 0.880139 0.880139 7.20599 7.65945e-176 1.06746e-175 7.65945e-176 1.06746e-175 1.55125 1.84599 1.55125 -1.84599 
2 2 0 0.890139 0.890139 7.11304 2.50209e-180 1.84698e-180 2.50209e-180 1.84698e-180 1.5455 1.88227 1.5455 -1.88227 
2 2 0 0.900139 0.900139 7.02359 8.7959e-183 2.11276e-183 8.7959e-183 2.11276e-183 1.53954 1.91863 1.53954 -1.91863 
2 2 0 0.910139 0.910139 6.93744 2.05097e-187 -2.31031e-188 2.05097e-187 -2.31031e-188 1.53339 1.95507 1.53339 -1.95507 
2 2 0 0.920139 0.920139 6.85438 5.09163e-190 -3.26194e-190 5.09163e-190 -3.26194e-190 1.52704 1.99159 1.52704 -1.99159 
2 2 0 0.930139 0.930139 6.77424 8.33853e-195 -1.14431e-194 8.33853e-195 -1.14431e-194 1.52048 2.02822 1.52048 -2.02822 
2 2 0 0.940139 0.940139 6.69684 7.54314e-198 -4.28912e-197 7.54314e-198 -4.28912e-197 1.51371 2.06495 1.51371 -2.06495 
2 2 0 0.950139 0.950139 6.62204 -1.73771e-202 -1.01523e-201 -1.73771e-202 -1.01523e-201 1.50673 2.10179 1.50673 -2.10179 
2 2 0 0.960139 0.960139 6.54968 -1.78448e-204 -2.61292e-204 -1.78448e-204 -2.61292e-204 1.49954 2.13874 1.49954 -2.13874 
2 2 0 0.970139 0.970139 6.47965 -5.87765e-209 -4.35654e-209 -5.87765e-209 -4.35654e-209 1.49213 2.17583 1.49213 -2.17583 
2 2 0 0.980139 0.980139 6.41182 -2.18097e-211 -4.40795e-212 -2.18097e-211 -4.40795e-212 1.48451 2.21304 1.48451 -2.21304 
2 2 0 0.990139 0.990139 6.34608 -5.06208e-216 7.21538e-217 -5.06208e-216 7.21538e-217 1.47666 2.25039 1.47666 -2.25039 
2 2 0 1.00014 1.00014 6.28231 -1.31099e-218 8.70059e-219 -1.31099e-218 8.70059e-219 1.46858 2.28788 1.46858 -2.28788 
2 2 0 0.414133 0.414133 6.28231 -5.04309e-06 -1.21751e-05 -5.04309e-06 -1.21751e-05 1.46858 2.28788 1.46858 -2.28788 
2 2 0 0.413124 0.413124 6.28231 -6.54093e-14 -1.58635e-13 -6.54093e-14 -1.58635e-13 1.46858 2.28788 1.46858 -2.28788 
2 2 0 0.412124 0.412124 6.28231 2.44792e-08 5.92099e-08 2.44792e-08 5.92099e-08 2.29642 0 0.992922 0 
2 2 0 0.410124 0.410124 6.28231 4.82525e-12 1.16739e-11 4.82525e-12 1.16739e-11 2.30273 0 0.986249 0 
2 2 0 0.406124 0.406124 6.28231 -8.43026e-14 -2.1481e-13 -8.43026e-14 -2.1481e-13 2.31504 0 0.973187 0 
2 2 0 0.398124 0.398124 6.28231 -6.62973e-18 -1.76423e-17 -6.62973e-18 -1.76423e-17 2.33851 0 0.94813 0 
2 2 0 0.388124 0.388124 6.28231 4.28018e-20 1.20815e-19 4.28018e-20 1.20815e-19 2.36587 0 0.918605 0 
2 2 0 0.378124 0.378124 6.28231 1.92319e-24 5.75766e-24 1.92319e-24 5.75766e-24 2.3913 0 0.890843 0 
2 2 0 0.368124 0.368124 6.28231 -9.52567e-27 -3.0156e-26 -9.52567e-27 -3.0156e-26 2.41498 0 0.864639 0 
2 2 0 0.358124 0.358124 6.28231 -3.52933e-31 -1.17973e-30 -3.52933e-31 -1.17973e-30 2.4371 0 0.839827 0 
2 2 0 0.348124 0.348124 6.28231 1.45e-33 5.11769e-33 1.45e-33 5.11769e-33 2.45779 0 0.816268 0 
2 2 0 0.338124 0.338124 6.28231 4.63625e-38 1.727e-37 4.63625e-38 1.727e-37 2.47717 0 0.793845 0 
2 2 0 0.328124 0.328124 6.28231 -1.64102e-40 -6.45112e-40 -1.64102e-40 -6.45112e-40 2.49535 0 0.772457 0 
2 2 0 0.318124 0.318124 6.28231 -4.64882e-45 -1.92823e-44 -4.64882e-45 -1.92823e-44 2.51241 0 0.752019 0 
2 2 0 0.308124 0.308124 6.28231 1.44873e-47 6.34269e-47 1.44873e-47 6.34269e-47 2.52844 0 0.732456 0 
2 2 0 0.298124 0.298124 6.28231 3.69034e-52 1.70563e-51 3.69034e-52 1.70563e-51 2.54349 0 0.713702 0 
2 2 0 0.288124 0.288124 6.28231 -1.02614e-54 -5.01011e-54 -1.02614e-54 -5.01011e-54 2.55764 0 0.695699 0 
2 2 0 0.278124 0.278124 6.28231 -2.37207e-59 -1.22397e-58 -2.37207e-59 -1.22397e-58 2.57094 0 0.678397 0 
2 2 0 0.268124 0.268124 6.28231 5.93514e-62 3.23967e-61 5.93514e-62 3.23967e-61 2.58343 0 0.661749 0 
2 2 0 0.258124 0.258124 6.28231 1.25178e-66 7.23347e-66 1.25178e-66 7.23347e-66 2.59516 0 0.645714 0 
2 2 0 0.248124 0.248124 6.28231 -2.83279e-69 -1.73517e-68 -2.83279e-69 -1.73517e-68 2.60616 0 0.630255 0 
2 2 0 0.238124 0.238124 6.28231 -5.4663e-74 -3.55301e-73 -5.4663e-74 -3.55301e-73 2.61648 0 0.615339 0 
2 2 0 0.228124 0.228124 6.28231 1.12177e-76 7.75002e-76 1.12177e-76 7.75002e-76 2.62615 0 0.600934 0 
2 2 0 0.218124 0.218124 6.28231 1.98169e-81 1.45739e-80 1.98169e-81 1.45739e-80 2.6352 0 0.587012 0 
2 2 0 0.208124 0.208124 6.28231 -3.68968e-84 -2.89455e-83 -3.68968e-84 -2.89455e-83 2.64365 0 0.573549 0 
2 2 0 0.198124 0.198124 6.28231 -5.95956e-89 -4.99706e-88 -5.95956e-89 -4.99706e-88 2.65153 0 0.56052 0 
2 2 0 0.188124 0.188124 6.28231 1.00521e-91 9.03288e-91 1.00521e-91 9.03288e-91 2.65888 0 0.547904 0 
2 2 0 0.178124 0.178124 6.28231 1.47958e-96 1.42861e-95 1.47958e-96 1.42861e-95 2.6657 0 0.535681 0 
2 2 0 0.168124 0.168124 6.28231 -2.25249e-99 -2.34496e-98 -2.25249e-99 -2.34496e-98 2.67202 0 0.523832 0 
2 2 0 0.158124 0.158124 6.28231 -3.00444e-104 -3.38413e-103 -3.00444e-104 -3.38413e-103 2.67786 0 0.512339 0 
2 2 0 0.148124 0.148124 6.28231 4.10213e-107 5.02182e-106 4.10213e-107 5.02182e-106 2.68324 0 0.501188 0 
2 2 0 0.138124 0.138124 6.28231 4.91555e-112 6.57143e-111 4.91555e-112 6.57143e-111 2.68817 0 0.490362 0 
2 2 0 0.128124 0.128124 6.28231 -5.95954e-115 -8.75341e-114 -5.95954e-115 -8.75341e-114 2.69267 0 0.479848 0 
2 2 0 0.118124 0.118124 6.28231 -6.33281e-120 -1.02886e-118 -6.33281e-120 -1.02886e-118 2.69677 0 0.469633 0 
2 2 0 0.108124 0.108124 6.28231 6.71332e-123 1.21683e-121 6.71332e-123 1.21683e-121 2.70046 0 0.459704 0 
2 2 0 0.0981243 0.0981243 6.28231 6.20127e-128 1.26661e-126 6.20127e-128 1.26661e-126 2.70377 0 0.45005 0 
2 2 0 0.0881243 0.0881243 6.28231 -5.6083e-131 -1.30773e-129 -5.6083e-131 -1.30773e-129 2.7067 0 0.440659 0 
2 2 0 0.0781243 0.0781243 6.28231 -4.35917e-136 -1.17923e-134 -4.35917e-136 -1.17923e-134 2.70928 0 0.431523 0 
2 2 0 0.0681243 0.0681243 6.28231 3.22303e-139 1.03393e-137 3.22303e-139 1.03393e-137 2.71151 0 0.42263 0 
2 2 0 0.0581243 0.0581243 6.28231 1.986e-144 7.78244e-143 1.986e-144 7.78244e-143 2.71341 0 0.413972 0 
2 2 0 0.0481243 0.0481243 6.28231 -1.10129e-147 -5.51142e-146 -1.10129e-147 -5.51142e-146 2.71497 0 0.405541 0 
2 2 0 0.0381243 0.0381243 6.28231 -4.68997e-153 -3.21839e-151 -4.68997e-153 -3.21839e-151 2.71623 0 0.397327 0 
2 2 0 0.0281243 0.0281243 6.28231 1.52317e-156 1.64287e-154 1.52317e-156 1.64287e-154 2.71718 0 0.389324 0 
2 2 0 0.0181243 0.0181243 6.28231 2.47596e-162 6.05914e-160 2.47596e-162 6.05914e-160 2.71783 0 0.381523 0 
2 2 0 0.00812429 0.00812429 6.28231 1.35226e-166 -1.35674e-163 1.35226e-166 -1.35674e-163 2.71819 0 0.373918 0 
2 2 0 -0.00187571 -0.00187571 6.28231 -6.76821e-172 1.13279e-169 -6.76821e-172 1.13279e-169 2.71828 0 0.366503 0 
