3 -1 0 1 1 6.25 0.999705 0.999811 -0.999692 -0.99999 2.73435 0 0.365717 0 
3 -1 0 0.998959 0.998959 6.28973 0.999623 0.999414 -0.999623 -0.999414 0.999711 0 0.00186992 0 
3 -1 0 0.98584 0.98584 6.37376 0.995858 0.992992 -0.995858 -0.992992 1 0 0.00193107 0 
3 -1 0 0.984364 0.984364 6.38338 0.995464 0.992366 -0.995464 -0.992366 0.999955 0 0.00193783 0 
3 -1 0 0.981416 0.981416 6.40272 0.994604 0.990905 -0.994604 -0.990905 0.999972 0 0.00195149 0 
3 -1 0 0.97553 0.97553 6.44178 0.992874 0.98797 -0.992874 -0.98797 0.999888 0 0.00197904 0 
3 -1 0 0.966639 0.966639 6.50194 0.990245 0.983417 -0.990245 -0.983417 1 0 0.00202172 0 
3 -1 0 0.95778 0.95778 6.56331 0.987563 0.978874 -0.987563 -0.978874 1 0 0.00206531 0 
3 -1 0 0.948956 0.948956 6.62592 0.984846 0.974284 -0.984846 -0.974284 1 0 0.00210988 0 
3 -1 0 0.940166 0.940166 6.68981 0.982095 0.969772 -0.982095 -0.969772 1 0 0.00215544 0 
3 -1 0 0.931413 0.931413 6.75503 0.979307 0.965119 -0.979307 -0.965119 1 0 0.002202 0 
3 -1 0 0.922698 0.922698 6.82162 0.976483 0.96042 -0.976483 -0.96042 1 0 0.00224956 0 
3 -1 0 0.914021 0.914021 6.88962 0.973602 0.955666 -0.973602 -0.955666 1 0 0.00229813 0 
3 -1 0 0.905384 0.905384 6.95908 0.970704 0.950884 -0.970704 -0.950884 1 0 0.00234771 0 
3 -1 0 0.896787 0.896787 7.03006 0.967768 0.946056 -0.967768 -0.946056 1 0 0.00239829 0 
3 -1 0 0.888233 0.888233 7.10259 0.964782 0.941184 -0.964782 -0.941184 1 0 0.00244988 0 
3 -1 0 0.879723 0.879723 7.17674 0.961768 0.936269 -0.961768 -0.936269 1 0 0.00250246 0 
3 -1 0 0.871257 0.871257 7.25257 0.958715 0.931308 -0.958715 -0.931308 1 0 0.00255603 0 
3 -1 0 0.862837 0.862837 7.33013 0.955606 0.926322 -0.955606 -0.926322 1 0 0.00261057 0 
3 -1 0 0.854464 0.854464 7.40949 0.952471 0.92128 -0.952471 -0.92128 1 0 0.00266606 0 
3 -1 0 0.84614 0.84614 7.49071 0.949295 0.916194 -0.949295 -0.916194 1 0 0.00272249 0 
3 -1 0 0.837867 0.837867 7.57386 0.946078 0.911037 -0.946078 -0.911037 1 0 0.00277982 0 
3 -1 0 0.829644 0.829644 7.65901 0.942816 0.905914 -0.942816 -0.905914 1 0 0.00283802 0 
3 -1 0 0.821475 0.821475 7.74625 0.93951 0.900767 -0.93951 -0.900767 1 0 0.00289706 0 
3 -1 0 0.81336 0.81336 7.83565 0.936161 0.895565 -0.936161 -0.895565 1 0 0.00295689 0 
3 -1 0 0.8053 0.8053 7.9273 0.932766 0.890294 -0.932766 -0.890294 1 0 0.00301746 0 
3 -1 0 0.797298 0.797298 8.02129 0.929325 0.885002 -0.929325 -0.885002 1 0 0.00307872 0 
3 -1 0 0.789354 0.789354 8.11772 0.925826 0.879751 -0.925826 -0.879751 1 0 0.0031406 0 
3 -1 0 0.78147 0.78147 8.21668 0.922294 0.874438 -0.922294 -0.874438 1 0 0.00320302 0 
3 -1 0 0.773648 0.773648 8.31828 0.918714 0.869085 -0.918714 -0.869085 1 0 0.00326591 0 
3 -1 0 0.765889 0.765889 8.42264 0.915084 0.863651 -0.915084 -0.863651 1 0 0.00332918 0 
3 -1 0 0.758195 0.758195 8.52987 0.911408 0.858281 -0.911408 -0.858281 1 0 0.00339273 0 
3 -1 0 0.750566 0.750566 8.64011 0.907682 0.852871 -0.907682 -0.852871 1 0 0.00345645 0 
3 -1 0 0.743006 0.743006 8.75349 0.903905 0.847424 -0.903905 -0.847424 1 0 0.00352022 0 
3 -1 0 0.735514 0.735514 8.87015 0.900079 0.841941 -0.900079 -0.841941 1 0 0.0035839 0 
3 -1 0 0.728093 0.728093 8.99025 0.896201 0.836419 -0.896201 -0.836419 1 0 0.00364737 0 
3 -1 0 0.720744 0.720744 9.11395 0.892268 0.830957 -0.892268 -0.830957 1 0 0.00371046 0 
3 -1 0 0.71347 0.71347 9.24142 0.888284 0.825397 -0.888284 -0.825397 1 0 0.00377302 0 
3 -1 0 0.70627 0.70627 9.37286 0.884246 0.81994 -0.884246 -0.81994 1 0 0.00383485 0 
3 -1 0 0.699147 0.699147 9.50845 0.880157 0.814436 -0.880157 -0.814436 1 0 0.00389578 0 
3 -1 0 0.692102 0.692102 9.64841 0.87601 0.808927 -0.87601 -0.808927 1 0 0.0039556 0 
3 -1 0 0.685138 0.685138 9.79298 0.871808 0.803381 -0.871808 -0.803381 1 0 0.00401409 0 
3 -1 0 0.678254 0.678254 9.94238 0.867617 0.797823 -0.867617 -0.797823 1 0 0.00407102 0 
3 -1 0 0.671454 0.671454 10.0969 0.863388 0.792282 -0.863388 -0.792282 1 0 0.00412615 0 
3 -1 0 0.664738 0.664738 10.2568 0.859106 0.786813 -0.859106 -0.786813 1 0 0.00417923 0 
3 -1 0 0.658108 0.658108 10.4224 0.85477 0.781302 -0.85477 -0.781302 1 0 0.00422999 0 
3 -1 0 0.651565 0.651565 10.594 0.850379 0.775746 -0.850379 -0.775746 1 0 0.00427815 0 
3 -1 0 0.645111 0.645111 10.7719 0.845934 0.770276 -0.845934 -0.770276 1 0 0.00432341 0 
3 -1 0 0.638748 0.638748 10.9566 0.841431 0.76483 -0.841431 -0.76483 1 0 0.00436549 0 
3 -1 0 0.632478 0.632478 11.1485 0.836872 0.759376 -0.836872 -0.759376 1 0 0.00440407 0 
3 -1 0 0.6263 0.6263 11.348 0.832256 0.753883 -0.832256 -0.753883 1 0 0.00443885 0 
3 -1 0 0.620218 0.620218 11.5555 0.827566 0.748443 -0.827566 -0.748443 1 0 0.00446949 0 
3 -1 0 0.614233 0.614233 11.7716 0.82291 0.743131 -0.82291 -0.743131 1 0 0.00449569 0 
3 -1 0 0.608346 0.608346 11.997 0.818236 0.737778 -0.818236 -0.737778 1 0 0.00451712 0 
3 -1 0 0.60256 0.60256 12.2321 0.813518 0.732405 -0.813518 -0.732405 1 0 0.00453346 0 
3 -1 0 0.596875 0.596875 12.4776 0.808728 0.72712 -0.808728 -0.72712 1 0 0.00454442 0 
3 -1 0 0.591293 0.591293 12.7343 0.803882 0.721915 -0.803882 -0.721915 1 0 0.00454969 0 
3 -1 0 0.585817 0.585817 13.0031 0.798947 0.716704 -0.798947 -0.716704 1 0 0.004549 0 
3 -1 0 0.580447 0.580447 13.2847 0.793989 0.711492 -0.793989 -0.711492 1 0 0.0045421 0 
3 -1 0 0.575186 0.575186 13.5802 0.789081 0.706371 -0.789081 -0.706371 1 0 0.00452876 0 
3 -1 0 0.570037 0.570037 13.8905 0.784138 0.701328 -0.784138 -0.701328 1 0 0.00450879 0 
3 -1 0 0.564999 0.564999 14.2169 0.779103 0.696325 -0.779103 -0.696325 1 0 0.00448206 0 
3 -1 0 0.560077 0.560077 14.5607 0.774014 0.691269 -0.774014 -0.691269 1 0 0.00444848 0 
3 -1 0 0.555271 0.555271 14.9232 0.768873 0.686463 -0.768873 -0.686463 1 0 0.00440802 0 
3 -1 0 0.550585 0.550585 15.306 0.763783 0.681629 -0.763783 -0.681629 1 0 0.00436075 0 
3 -1 0 0.54602 0.54602 15.7109 0.758641 0.676821 -0.758641 -0.676821 1 0 0.0043068 0 
3 -1 0 0.541579 0.541579 16.1397 0.753431 0.672175 -0.753431 -0.672175 1 0 0.00424641 0 
3 -1 0 0.537266 0.537266 16.5946 0.748167 0.667539 -0.748167 -0.667539 0.999999 0 0.00417995 0 
3 -1 0 0.533081 0.533081 17.0779 0.742885 0.662978 -0.742885 -0.662978 0.999999 0 0.0041079 0 
3 -1 0 0.52903 0.52903 17.5922 0.737675 0.658566 -0.737675 -0.658566 0.999999 0 0.00403093 0 
3 -1 0 0.525114 0.525114 18.1405 0.732351 0.654123 -0.732351 -0.654123 0.999999 0 0.00394983 0 
3 -1 0 0.521337 0.521337 18.7259 0.72698 0.649845 -0.72698 -0.649845 0.999999 0 0.00386561 0 
3 -1 0 0.517703 0.517703 19.3519 0.721553 0.645678 -0.721553 -0.645678 0.999998 0 0.00377952 0 
3 -1 0 0.514215 0.514215 20.0225 0.716179 0.641612 -0.716179 -0.641612 0.999998 0 0.00369303 0 
3 -1 0 0.510878 0.510878 20.7421 0.710779 0.63758 -0.710779 -0.63758 0.999997 0 0.00360794 0 
3 -1 0 0.507696 0.507696 21.5152 0.705336 0.633738 -0.705336 -0.633738 0.999996 0 0.00352637 0 
3 -1 0 0.504673 0.504673 22.347 0.699834 0.629905 -0.699834 -0.629905 0.999995 0 0.00345087 0 
3 -1 0 0.501813 0.501813 23.2431 0.694294 0.626303 -0.694294 -0.626303 0.999994 0 0.00338449 0 
3 -1 0 0.499122 0.499122 24.2092 0.68876 0.622738 -0.68876 -0.622738 0.999992 0 0.00333094 0 
3 -1 0 0.496603 0.496603 25.2515 0.683218 0.619253 -0.683218 -0.619253 0.99999 0 0.00329471 0 
3 -1 0 0.494261 0.494261 26.3761 0.677646 0.616012 -0.677646 -0.616012 0.999988 0 0.00328145 0 
3 -1 0 0.492099 0.492099 27.589 0.672032 0.612795 -0.672032 -0.612795 0.999985 0 0.00329827 0 
3 -1 0 0.49012 0.49012 28.8957 0.666402 0.609764 -0.666402 -0.609764 0.999982 0 0.0033544 0 
3 -1 0 0.488326 0.488326 30.301 0.660764 0.606765 -0.660764 -0.606765 0.999978 0 0.00346211 0 
3 -1 0 0.486716 0.486716 31.8082 0.65518 0.604024 -0.65518 -0.604024 0.99997 0 0.00363797 0 
3 -1 0 0.485288 0.485288 33.4188 0.649587 0.601293 -0.649587 -0.601293 0.999965 0 0.00390524 0 
3 -1 0 0.484038 0.484038 35.1324 0.644024 0.598744 -0.644024 -0.598744 0.99996 0 0.0042967 0 
3 -1 0 0.482959 0.482959 36.9457 0.638413 0.596302 -0.638413 -0.596302 0.999962 0 0.0048595 0 
3 -1 0 0.482041 0.482041 38.853 0.632976 0.594014 -0.632976 -0.594014 0.999958 0 0.00566346 0 
3 -1 0 0.48127 0.48127 40.846 0.627643 0.591697 -0.627643 -0.591697 0.999955 0 0.00681104 0 
3 -1 0 0.480635 0.480635 42.9148 0.622489 0.589682 -0.622489 -0.589682 0.999955 0 0.00845508 0 
3 -1 0 0.480118 0.480118 45.0477 0.617399 0.587652 -0.617399 -0.587652 0.999953 0 0.0108236 0 
3 -1 0 0.479705 0.479705 47.2331 0.612469 0.585769 -0.612469 -0.585769 0.999961 0 0.0142561 0 
3 -1 0 0.47938 0.47938 49.4597 0.607779 0.58395 -0.607779 -0.58395 0.999959 0 0.0192573 0 
3 -1 0 0.479128 0.479128 51.7172 0.603277 0.582197 -0.603277 -0.582197 0.999957 0 0.0265648 0 
3 -1 0 0.478935 0.478935 53.9976 0.598988 0.58063 -0.598988 -0.58063 0.999954 0 0.0372464 0 
3 -1 0 0.478791 0.478791 56.2947 0.59491 0.578999 -0.59491 -0.578999 0.999959 0 0.0528167 0 
3 -1 0 0.478685 0.478685 58.6047 0.591102 0.57765 -0.591102 -0.57765 0.999957 0 0.0753809 0 
3 -1 0 0.478608 0.478608 60.926 0.587698 0.576322 -0.587698 -0.576322 0.999955 0 0.107788 0 
3 -1 0 0.478554 0.478554 63.2588 0.584547 0.575 -0.584547 -0.575 0.999962 0 0.153783 0 
3 -1 0 0.478517 0.478517 65.6051 0.581568 0.573832 -0.581568 -0.573832 0.999962 0 0.218155 0 
3 -1 0 0.478492 0.478492 67.9681 0.578826 0.572856 -0.578826 -0.572856 0.999965 0 0.306786 0 
3 -1 0 0.478477 0.478477 70.3521 0.576546 0.571905 -0.576546 -0.571905 0.999984 0 0.426625 0 
3 -1 0 0.478469 0.478469 72.7623 0.574432 0.57109 -0.574432 -0.57109 0.999988 0 0.585615 0 
3 -1 0 0.478465 0.478465 75.2042 0.572522 0.570342 -0.572522 -0.570342 0.999995 0 0.792296 0 
3 -1 0 0.478464 0.478464 77.1996 0.571187 0.569777 -0.571187 -0.569777 1 0 0.999054 0 
3 -1 0 0.478465 0.478465 79.7146 0.569665 0.569136 -0.569665 -0.569135 1 0 1.31397 0 
3 -1 0 0.478467 0.478467 82.2805 0.568308 0.568549 -0.568308 -0.568549 1.00001 0 1.69915 0 
3 -1 0 0.47847 0.47847 84.9041 0.56725 0.568241 -0.56725 -0.568241 1.00001 0 2.16034 0 
3 -1 0 0.478473 0.478473 87.5931 0.566412 0.567848 -0.566411 -0.567848 0.999999 0 2.70039 0 
3 -1 0 0.478476 0.478476 90.3557 0.5657 0.567491 -0.5657 -0.567491 0.999973 0 3.31901 0 
3 -1 0 0.478479 0.478479 93.2003 0.565089 0.567301 -0.565089 -0.567301 0.99994 0 4.01196 0 
3 -1 0 0.478482 0.478482 96.1357 0.564599 0.567093 -0.564599 -0.567093 0.999853 0 4.76972 0 
3 -1 0 0.478484 0.478484 99.1715 0.564187 0.566899 -0.564187 -0.5669 0.999702 0 5.58363 0 
3 -1 0 0.478486 0.478486 102.317 0.563881 0.566795 -0.563881 -0.566795 0.999645 0 6.43278 0 
3 -1 0 0.478487 0.478487 105.584 0.563632 0.566662 -0.563632 -0.566662 0.999401 0 7.29538 0 
3 -1 0 0.478488 0.478488 108.982 0.563421 0.56652 -0.563421 -0.56652 0.998926 0 8.13754 0 
3 -1 0 0.478489 0.478489 112.523 0.563308 0.56652 -0.563308 -0.56652 0.998067 0 8.92064 0 
3 -1 0 0.47849 0.47849 116.22 0.563203 0.566405 -0.563203 -0.566405 0.996857 0 9.59771 0 
3 -1 0 0.47849 0.47849 120.085 0.56311 0.566275 -0.56311 -0.566275 0.994844 0 10.1004 0 
3 -1 0 0.478491 0.478491 124.132 0.563077 0.566366 -0.563077 -0.566366 0.991332 0 10.3209 0 
3 -1 0 0.478491 0.478491 128.376 0.563036 0.566415 -0.563036 -0.566415 0.98571 0 10.0958 0 
3 -1 0 0.478491 0.478491 132.833 0.562989 0.566436 -0.562989 -0.566436 0.976251 0 9.31172 0 
3 -1 0 0.478491 0.478491 137.519 0.562905 0.566259 -0.562905 -0.566259 0.948955 0 8.73705 0 
3 -1 0 0.478491 0.478491 142.451 0.562938 0.566259 -0.562938 -0.566259 0.91999 0 6.68357 0 
3 -1 0 0.478491 0.478491 147.65 0.562962 0.566349 -0.562962 -0.566349 0.906724 0 3.83906 0 
3 -1 0 0.478492 0.478492 153.136 0.56285 0.56633 -0.562849 -0.566331 0.897237 0 2.10673 0 
3 -1 0 0.478492 0.478492 158.932 0.562901 0.566396 -0.5629 -0.566396 0.863439 0 1.59402 0 
3 -1 0 0.478492 0.478492 165.062 0.56294 0.566421 -0.562939 -0.566421 1.13781 0 0.768948 0 
3 -1 0 0.478492 0.478492 171.553 0.562922 0.566147 -0.562922 -0.566147 2.12452 0 0.260644 0 
3 -1 0 0.478492 0.478492 178.434 0.562857 0.566248 -0.562857 -0.566248 3.55496 0 0.178224 0 
3 -1 0 0.478492 0.478492 185.738 0.562758 0.566351 -0.56276 -0.566352 7.28473 0 0.085361 0 
3 -1 0 0.478492 0.478492 193.5 0.56296 0.566415 -0.562961 -0.566415 18.6098 0 0.0425147 0 
3 -1 0 0.478492 0.478492 201.759 0.562922 0.566361 -0.562924 -0.566359 32.8429 0 0.0276631 0 
3 -1 0 0.478492 0.478492 210.56 0.56285 0.566237 -0.562854 -0.566234 37.3358 0 0.0263676 0 
3 -1 0 0.478492 0.478492 219.95 0.56291 0.566358 -0.56291 -0.566355 44.4658 0 0.0224285 0 
3 -1 0 0.478492 0.478492 229.983 0.56295 0.566415 -0.56295 -0.566414 35.1875 0 0.0284141 0 
3 -1 0 0.478492 0.478492 240.721 0.562968 0.566408 -0.562968 -0.566409 38.7563 0 0.0258017 0 
3 -1 0 0.478492 0.478492 252.229 0.56265 0.566249 -0.562642 -0.566255 54.5322 0 0.0183377 0 
3 -1 0 0.478492 0.478492 264.585 0.562447 0.566053 -0.56243 -0.56604 60.9781 0 0.0163993 0 
3 -1 0 0.478492 0.478492 277.873 0.562531 0.566241 -0.562558 -0.566227 68.1623 0 0.0146709 0 
3 -1 0 0.478492 0.478492 292.19 0.562831 0.566384 -0.562807 -0.56637 67.5788 0 0.0147975 0 
3 -1 0 0.478492 0.478492 307.644 0.562901 0.566247 -0.562891 -0.566225 80.6522 0 0.0123989 0 
3 -1 0 0.478492 0.478492 324.361 0.562949 0.565986 -0.562949 -0.565969 96.542 0 0.0103582 0 
3 -1 0 0.478492 0.478492 325.566 0.562903 0.566166 -0.562941 -0.566232 77.2774 0 0.0129404 0 
3 -1 0 0.478492 0.478492 324.728 0.562764 0.56629 -0.56283 -0.566327 77.6239 0 0.0128826 0 
3 -1 0 0.478492 0.478492 329.251 0.562506 0.566329 -0.5627 -0.566403 77.6239 0 0.0128826 0 
