1 1 0 0 0 0 1 0 1 0 2.10208 0 0.475719 0 
1 1 0 0.00141321 0.00141321 0 0.999999 0.00141521 0.999999 0.00141521 0.14976 0 0.368399 0 
1 1 0 0.00282443 0.00282443 0 0.999996 0.00283242 0.999996 0.00283242 0.149954 0 0.368917 0 
1 1 0 0.00564087 0.00564087 0 0.999983 0.00567277 0.999983 0.00567277 0.15035 0 0.369947 0 
1 1 0 0.0112498 0.0112498 0 0.999932 0.0113771 0.999932 0.0113771 0.151172 0 0.371989 0 
1 1 0 0.0182162 0.0182162 0 0.999819 0.0185508 0.999819 0.0185508 0.152258 0 0.374502 0 
1 1 0 0.0251328 0.0251328 0 0.99965 0.0257717 0.99965 0.0257717 0.153409 0 0.376972 0 
1 1 0 0.0319995 0.0319995 0 0.999425 0.0330384 0.999425 0.0330384 0.154626 0 0.379397 0 
1 1 0 0.0388166 0.0388166 0 0.999142 0.0403496 0.999142 0.0403496 0.155913 0 0.381776 0 
1 1 0 0.0455842 0.0455842 0 0.9988 0.0477042 0.9988 0.0477042 0.157269 0 0.384108 0 
1 1 0 0.0523025 0.0523025 0 0.998398 0.0551009 0.998398 0.0551009 0.158698 0 0.386391 0 
1 1 0 0.0589717 0.0589717 0 0.997934 0.0625383 0.997934 0.0625383 0.1602 0 0.388623 0 
1 1 0 0.065592 0.065592 0 0.997408 0.0700151 0.997408 0.0700151 0.161778 0 0.390804 0 
1 1 0 0.0721637 0.0721637 0 0.996818 0.0775299 0.996818 0.0775299 0.163435 0 0.392932 0 
1 1 0 0.0786871 0.0786871 0 0.996162 0.0850813 0.996162 0.0850813 0.165173 0 0.395004 0 
1 1 0 0.0851624 0.0851624 0 0.99544 0.0926679 0.99544 0.0926679 0.166994 0 0.397018 0 
1 1 0 0.09159 0.09159 0 0.99465 0.100288 0.99465 0.100288 0.168902 0 0.398974 0 
1 1 0 0.0979703 0.0979703 0 0.993791 0.107941 0.993791 0.107941 0.170899 0 0.400868 0 
1 1 0 0.104304 0.104304 0 0.992861 0.115624 0.992861 0.115624 0.172988 0 0.402699 0 
1 1 0 0.11059 0.11059 0 0.991859 0.123337 0.991859 0.123337 0.175175 0 0.404463 0 
1 1 0 0.116831 0.116831 0 0.990783 0.131077 0.990783 0.131077 0.177461 0 0.406159 0 
1 1 0 0.123025 0.123025 0 0.989632 0.138843 0.989632 0.138843 0.179852 0 0.407783 0 
1 1 0 0.129175 0.129175 0 0.988404 0.146633 0.988404 0.146633 0.182352 0 0.409333 0 
1 1 0 0.135279 0.135279 0 0.987098 0.154446 0.987098 0.154446 0.184966 0 0.410806 0 
1 1 0 0.141339 0.141339 0 0.985713 0.162279 0.985713 0.162279 0.187699 0 0.412197 0 
1 1 0 0.147355 0.147355 0 0.984246 0.170132 0.984246 0.170132 0.190557 0 0.413504 0 
1 1 0 0.153327 0.153327 0 0.982695 0.178002 0.982695 0.178002 0.193546 0 0.414721 0 
1 1 0 0.159256 0.159256 0 0.98106 0.185887 0.98106 0.185887 0.196673 0 0.415845 0 
1 1 0 0.165143 0.165143 0 0.979337 0.193786 0.979337 0.193786 0.199945 0 0.416871 0 
1 1 0 0.170987 0.170987 0 0.977526 0.201697 0.977526 0.201697 0.203371 0 0.417792 0 
1 1 0 0.17679 0.17679 0 0.975625 0.209617 0.975625 0.209617 0.206961 0 0.418603 0 
1 1 0 0.182551 0.182551 0 0.973631 0.217544 0.973631 0.217544 0.210723 0 0.419296 0 
1 1 0 0.188271 0.188271 0 0.971543 0.225476 0.971543 0.225476 0.21467 0 0.419863 0 
1 1 0 0.193952 0.193952 0 0.969358 0.233412 0.969358 0.233412 0.218814 0 0.420295 0 
1 1 0 0.199592 0.199592 0 0.967075 0.241348 0.967075 0.241348 0.22317 0 0.420582 0 
1 1 0 0.205192 0.205192 0 0.96469 0.249283 0.96469 0.249283 0.227755 0 0.42071 0 
1 1 0 0.210754 0.210754 0 0.962203 0.257214 0.962203 0.257214 0.232587 0 0.420664 0 
1 1 0 0.216276 0.216276 0 0.959611 0.265138 0.959611 0.265138 0.237689 0 0.420428 0 
1 1 0 0.22176 0.22176 0 0.956911 0.273053 0.956911 0.273053 0.243088 0 0.419978 0 
1 1 0 0.227206 0.227206 0 0.954101 0.280957 0.954101 0.280957 0.248816 0 0.419288 0 
1 1 0 0.232614 0.232614 0 0.951178 0.288845 0.951178 0.288845 0.254912 0 0.418323 0 
1 1 0 0.237984 0.237984 0 0.948141 0.296716 0.948141 0.296716 0.261427 0 0.41704 0 
1 1 0 0.243317 0.243317 0 0.944986 0.304566 0.944986 0.304566 0.268425 0 0.415378 0 
1 1 0 0.248612 0.248612 0 0.941712 0.312393 0.941712 0.312393 0.275995 0 0.413257 0 
1 1 0 0.25387 0.25387 0 0.938314 0.320192 0.938314 0.320192 0.284262 0 0.410558 0 
1 1 0 0.25909 0.25909 0 0.934791 0.327961 0.934791 0.327961 0.293417 0 0.407097 0 
1 1 0 0.264273 0.264273 0 0.93114 0.335695 0.93114 0.335695 0.303782 0 0.402559 0 
1 1 0 0.269419 0.269419 0 0.927358 0.343392 0.927358 0.343392 0.315997 0 0.396312 0 
1 1 0 0.274527 0.274527 0 0.923443 0.351047 0.923443 0.351047 0.33181 0 0.386617 0 
1 1 0 0.279598 0.279598 188.457 0.91939 0.358655 0.91939 0.358655 0.362351 0.0120853 0.362351 -0.0120853 
1 1 0 0.28463 0.28463 70.1331 0.915198 0.366214 0.915198 0.366214 0.365572 0.0328393 0.365572 -0.0328393 
1 1 0 0.289623 0.289623 51.495 0.910864 0.373717 0.910864 0.373717 0.368882 0.0452339 0.368882 -0.0452339 
1 1 0 0.294578 0.294578 42.6709 0.906384 0.381161 0.906384 0.381161 0.372284 0.0552176 0.372284 -0.0552176 
1 1 0 0.299493 0.299493 37.2877 0.901757 0.388541 0.901757 0.388541 0.375785 0.063928 0.375785 -0.063928 
1 1 0 0.304367 0.304367 33.5804 0.896978 0.395851 0.896978 0.395851 0.379389 0.0718273 0.379389 -0.0718273 
1 1 0 0.3092 0.3092 30.8378 0.892046 0.403086 0.892046 0.403086 0.383103 0.0791554 0.383103 -0.0791554 
1 1 0 0.313991 0.313991 28.7112 0.886958 0.41024 0.886958 0.41024 0.386931 0.0860544 0.386931 -0.0860544 
1 1 0 0.318738 0.318738 27.0069 0.88171 0.417309 0.88171 0.417309 0.39088 0.0926158 0.39088 -0.0926158 
1 1 0 0.323441 0.323441 25.6074 0.876301 0.424284 0.876301 0.424284 0.394956 0.0989015 0.394956 -0.0989015 
1 1 0 0.328099 0.328099 24.437 0.870728 0.431161 0.870728 0.431161 0.399165 0.104955 0.399165 -0.104955 
1 1 0 0.332708 0.332708 23.4445 0.864988 0.437932 0.864988 0.437932 0.403513 0.110809 0.403513 -0.110809 
1 1 0 0.33727 0.33727 22.5935 0.859081 0.444591 0.859081 0.444591 0.408008 0.116484 0.408008 -0.116484 
1 1 0 0.34178 0.34178 21.8579 0.853004 0.451131 0.853004 0.451131 0.412655 0.121999 0.412655 -0.121999 
1 1 0 0.346238 0.346238 21.218 0.846755 0.457544 0.846755 0.457544 0.417462 0.127366 0.417462 -0.127366 
1 1 0 0.350641 0.350641 20.659 0.840333 0.463823 0.840333 0.463823 0.422434 0.132592 0.422434 -0.132592 
1 1 0 0.354988 0.354988 20.1692 0.833738 0.469959 0.833738 0.469959 0.42758 0.137684 0.42758 -0.137684 
1 1 0 0.359276 0.359276 19.7397 0.826968 0.475946 0.826968 0.475946 0.432905 0.142645 0.432905 -0.142645 
1 1 0 0.363503 0.363503 19.3632 0.820024 0.481775 0.820024 0.481775 0.438417 0.147475 0.438417 -0.147475 
1 1 0 0.367665 0.367665 19.0338 0.812906 0.487438 0.812906 0.487438 0.444121 0.152175 0.444121 -0.152175 
1 1 0 0.371761 0.371761 18.7469 0.805615 0.492926 0.805615 0.492926 0.450024 0.156743 0.450024 -0.156743 
1 1 0 0.375787 0.375787 18.4987 0.798154 0.49823 0.798154 0.49823 0.456131 0.161173 0.456131 -0.161173 
1 1 0 0.37974 0.37974 18.286 0.790523 0.503343 0.790523 0.503343 0.462448 0.165464 0.462448 -0.165464 
1 1 0 0.383619 0.383619 18.1063 0.782725 0.508257 0.782725 0.508257 0.468982 0.169608 0.468982 -0.169608 
1 1 0 0.38742 0.38742 17.9573 0.774762 0.512963 0.774762 0.512963 0.475737 0.173601 0.475737 -0.173601 
1 1 0 0.39114 0.39114 17.8376 0.766638 0.517453 0.766638 0.517453 0.482718 0.177435 0.482718 -0.177435 
1 1 0 0.394776 0.394776 17.7457 0.758357 0.521721 0.758357 0.521721 0.489929 0.1811 0.489929 -0.1811 
1 1 0 0.398326 0.398326 17.6806 0.749925 0.525757 0.749925 0.525757 0.497373 0.18459 0.497373 -0.18459 
1 1 0 0.401787 0.401787 17.6414 0.741346 0.529556 0.741346 0.529556 0.505054 0.187893 0.505054 -0.187893 
1 1 0 0.405155 0.405155 17.6278 0.732627 0.53311 0.732627 0.53311 0.512973 0.191 0.512973 -0.191 
1 1 0 0.408429 0.408429 17.6393 0.723775 0.536413 0.723775 0.536413 0.521131 0.1939 0.521131 -0.1939 
1 1 0 0.411606 0.411606 17.6759 0.714796 0.539459 0.714796 0.539459 0.52953 0.196581 0.52953 -0.196581 
1 1 0 0.414684 0.414684 17.7375 0.705698 0.542244 0.705698 0.542244 0.53817 0.199032 0.53817 -0.199032 
1 1 0 0.417661 0.417661 17.8246 0.696489 0.544762 0.696489 0.544762 0.547048 0.20124 0.547048 -0.20124 
1 1 0 0.420534 0.420534 17.9376 0.687178 0.54701 0.687178 0.54701 0.556165 0.203193 0.556165 -0.203193 
1 1 0 0.423302 0.423302 18.0772 0.677774 0.548985 0.677774 0.548985 0.565517 0.204877 0.565517 -0.204877 
1 1 0 0.425964 0.425964 18.2444 0.668286 0.550683 0.668286 0.550683 0.575101 0.206279 0.575101 -0.206279 
1 1 0 0.428519 0.428519 18.4405 0.658722 0.552103 0.658722 0.552103 0.584913 0.207384 0.584913 -0.207384 
1 1 0 0.430966 0.430966 18.6669 0.649094 0.553244 0.649094 0.553244 0.594949 0.208179 0.594949 -0.208179 
1 1 0 0.433303 0.433303 18.9256 0.639409 0.554106 0.639409 0.554106 0.605203 0.208647 0.605203 -0.208647 
1 1 0 0.435532 0.435532 19.2187 0.629678 0.554689 0.629678 0.554689 0.615669 0.208772 0.615669 -0.208772 
1 1 0 0.437652 0.437652 19.5492 0.61991 0.554993 0.61991 0.554993 0.626341 0.208539 0.626341 -0.208539 
1 1 0 0.439663 0.439663 19.9202 0.610114 0.555021 0.610114 0.555021 0.637212 0.20793 0.637212 -0.20793 
1 1 0 0.441566 0.441566 20.3359 0.6003 0.554774 0.6003 0.554774 0.648275 0.206925 0.648275 -0.206925 
1 1 0 0.443361 0.443361 20.8011 0.590476 0.554255 0.590476 0.554255 0.659522 0.205504 0.659522 -0.205504 
1 1 0 0.445049 0.445049 21.3219 0.580651 0.553467 0.580651 0.553467 0.670945 0.203644 0.670945 -0.203644 
1 1 0 0.446632 0.446632 21.9057 0.570834 0.552414 0.570834 0.552414 0.682535 0.201323 0.682535 -0.201323 
1 1 0 0.448111 0.448111 22.5616 0.561031 0.551101 0.561031 0.551101 0.694284 0.19851 0.694284 -0.19851 
1 1 0 0.449487 0.449487 23.3013 0.551251 0.549531 0.551251 0.549531 0.706184 0.195176 0.706184 -0.195176 
1 1 0 0.450762 0.450762 24.1395 0.541502 0.547709 0.541502 0.547709 0.718225 0.191284 0.718225 -0.191284 
1 1 0 0.451938 0.451938 25.0955 0.531789 0.545641 0.531789 0.545641 0.730399 0.18679 0.730399 -0.18679 
1 1 0 0.453017 0.453017 26.1947 0.522119 0.543331 0.522119 0.543331 0.742697 0.181644 0.742697 -0.181644 
1 1 0 0.454001 0.454001 27.4714 0.512499 0.540786 0.512499 0.540786 0.75511 0.175783 0.75511 -0.175783 
1 1 0 0.454891 0.454891 28.9735 0.502933 0.53801 0.502933 0.53801 0.76763 0.169128 0.76763 -0.169128 
1 1 0 0.455691 0.455691 30.7699 0.493428 0.53501 0.493428 0.53501 0.780247 0.161578 0.780247 -0.161578 
1 1 0 0.456403 0.456403 32.9642 0.483987 0.531791 0.483987 0.531791 0.792954 0.152999 0.792954 -0.152999 
1 1 0 0.457027 0.457027 35.7209 0.474615 0.52836 0.474615 0.52836 0.805742 0.143207 0.805742 -0.143207 
1 1 0 0.457568 0.457568 39.3204 0.465316 0.524721 0.465316 0.524721 0.818603 0.131933 0.818603 -0.131933 
1 1 0 0.458028 0.458028 44.2913 0.456093 0.520882 0.456093 0.520882 0.831528 0.118759 0.831528 -0.118759 
1 1 0 0.458407 0.458407 51.7892 0.446951 0.516848 0.446951 0.516848 0.844511 0.102964 0.844511 -0.102964 
1 1 0 0.45871 0.45871 65.0607 0.437892 0.512624 0.437892 0.512624 0.857543 0.083075 0.857543 -0.083075 
1 1 0 0.458938 0.458938 99.9152 0.428918 0.508217 0.428918 0.508217 0.870617 0.0548212 0.870617 -0.0548212 
1 1 0 0.459093 0.459093 99.9152 0.420033 0.503632 0.420033 0.503632 0.916659 0 0.850794 0 
1 1 0 0.459178 0.459178 99.9152 0.411237 0.498876 0.411237 0.498876 0.970116 0 0.823612 0 
2 1 0 0.459197 0.459197 99.9152 0.404676 0.495185 0.404676 0.495185 1.00011 0 0.813423 0 
2 1 0 0.459164 0.459164 99.9152 0.396042 0.49014 0.396042 0.49014 1.03536 0 0.804512 0 
2 1 0 0.459066 0.459066 99.9152 0.387503 0.484937 0.387503 0.484937 1.06772 0 0.798522 0 
2 1 0 0.458906 0.458906 99.9152 0.379058 0.479583 0.379058 0.479583 1.09826 0 0.794351 0 
2 1 0 0.458686 0.458686 99.9152 0.37071 0.474082 0.37071 0.474082 1.12754 0 0.791442 0 
2 1 0 0.458407 0.458407 99.9152 0.362458 0.468438 0.362458 0.468438 1.15587 0 0.789465 0 
2 1 0 0.458071 0.458071 99.9152 0.354303 0.462656 0.354303 0.462656 1.18346 0 0.788208 0 
2 1 0 0.457681 0.457681 99.9152 0.346247 0.456743 0.346247 0.456743 1.21045 0 0.787525 0 
2 1 0 0.457237 0.457237 99.9152 0.338289 0.450701 0.338289 0.450701 1.23691 0 0.787311 0 
2 1 0 0.456742 0.456742 99.9152 0.330429 0.444537 0.330429 0.444537 1.26294 0 0.787487 0 
2 1 0 0.456197 0.456197 99.9152 0.322667 0.438253 0.322667 0.438253 1.28857 0 0.787991 0 
2 1 0 0.455604 0.455604 99.9152 0.315004 0.431854 0.315004 0.431854 1.31386 0 0.788775 0 
2 1 0 0.454963 0.454963 99.9152 0.307438 0.425344 0.307438 0.425344 1.33882 0 0.7898 0 
2 1 0 0.454277 0.454277 99.9152 0.29997 0.418728 0.29997 0.418728 1.36349 0 0.791032 0 
2 1 0 0.453547 0.453547 99.9152 0.292599 0.412008 0.292599 0.412008 1.38788 0 0.792446 0 
2 1 0 0.452773 0.452773 99.9152 0.285325 0.405188 0.285325 0.405188 1.41202 0 0.794018 0 
2 1 0 0.451958 0.451958 99.9152 0.278146 0.398273 0.278146 0.398273 1.43591 0 0.795728 0 
2 1 0 0.451101 0.451101 99.9152 0.271063 0.391265 0.271063 0.391265 1.45956 0 0.797558 0 
2 1 0 0.450204 0.450204 99.9152 0.264074 0.384168 0.264074 0.384168 1.48299 0 0.799493 0 
2 1 0 0.449268 0.449268 99.9152 0.257178 0.376985 0.257178 0.376985 1.5062 0 0.80152 0 
2 1 0 0.448293 0.448293 99.9152 0.250376 0.369719 0.250376 0.369719 1.52921 0 0.803626 0 
2 1 0 0.447279 0.447279 99.9152 0.243666 0.362373 0.243666 0.362373 1.55201 0 0.805798 0 
2 1 0 0.446229 0.446229 99.9152 0.237046 0.35495 0.237046 0.35495 1.57461 0 0.808028 0 
2 1 0 0.445141 0.445141 99.9152 0.230517 0.347454 0.230517 0.347454 1.59702 0 0.810304 0 
2 1 0 0.444016 0.444016 99.9152 0.224078 0.339885 0.224078 0.339885 1.61924 0 0.812617 0 
2 1 0 0.442854 0.442854 99.9152 0.217726 0.332248 0.217726 0.332248 1.64128 0 0.814958 0 
2 1 0 0.441656 0.441656 99.9152 0.211462 0.324545 0.211462 0.324545 1.66314 0 0.817318 0 
2 1 0 0.44042 0.44042 99.9152 0.205285 0.316778 0.205285 0.316778 1.68483 0 0.819689 0 
2 1 0 0.439147 0.439147 99.9152 0.199193 0.30895 0.199193 0.30895 1.70635 0 0.822062 0 
2 1 0 0.437836 0.437836 99.9152 0.193185 0.301063 0.193185 0.301063 1.72771 0 0.824427 0 
2 1 0 0.436486 0.436486 99.9152 0.187261 0.29312 0.187261 0.29312 1.74891 0 0.826777 0 
2 1 0 0.435096 0.435096 99.9152 0.18142 0.285122 0.18142 0.285122 1.76996 0 0.829102 0 
2 1 0 0.433666 0.433666 99.9152 0.175661 0.277073 0.175661 0.277073 1.79086 0 0.831393 0 
2 1 0 0.432192 0.432192 99.9152 0.169983 0.268974 0.169983 0.268974 1.81162 0 0.833639 0 
2 1 0 0.430675 0.430675 99.9152 0.164384 0.260827 0.164384 0.260827 1.83225 0 0.835829 0 
2 1 0 0.429111 0.429111 99.9152 0.158866 0.252635 0.158866 0.252635 1.85276 0 0.837953 0 
2 1 0 0.427497 0.427497 99.9152 0.153426 0.2444 0.153426 0.2444 1.87315 0 0.839998 0 
2 1 0 0.42583 0.42583 99.9152 0.148064 0.236124 0.148064 0.236124 1.89343 0 0.841949 0 
2 1 0 0.424107 0.424107 99.9152 0.14278 0.22781 0.14278 0.22781 1.91361 0 0.843793 0 
2 1 0 0.422323 0.422323 99.9152 0.137574 0.219461 0.137574 0.219461 1.93371 0 0.845511 0 
2 1 0 0.420473 0.420473 99.9152 0.132444 0.211078 0.132444 0.211078 1.95374 0 0.847085 0 
2 1 0 0.418549 0.418549 99.9152 0.127391 0.202664 0.127391 0.202664 1.97371 0 0.848494 0 
2 1 0 0.416545 0.416545 99.9152 0.122416 0.194224 0.122416 0.194224 1.99364 0 0.849713 0 
2 1 0 0.414452 0.414452 99.9152 0.117518 0.18576 0.117518 0.18576 2.01355 0 0.850714 0 
2 1 0 0.412259 0.412259 99.9152 0.112698 0.177276 0.112698 0.177276 2.03346 0 0.851464 0 
2 1 0 0.409953 0.409953 99.9152 0.107958 0.168776 0.107958 0.168776 2.0534 0 0.851927 0 
2 1 0 0.407519 0.407519 99.9152 0.1033 0.160268 0.1033 0.160268 2.07339 0 0.852056 0 
2 1 0 0.404939 0.404939 99.9152 0.0987261 0.151758 0.0987261 0.151758 2.09346 0 0.851802 0 
2 1 0 0.402191 0.402191 99.9152 0.0942398 0.143253 0.0942398 0.143253 2.11365 0 0.851102 0 
2 1 0 0.399248 0.399248 99.9152 0.089846 0.134766 0.089846 0.134766 2.134 0 0.849886 0 
2 1 0 0.396078 0.396078 99.9152 0.0855512 0.12631 0.0855512 0.12631 2.15456 0 0.848067 0 
2 1 0 0.392643 0.392643 99.9152 0.0813644 0.117903 0.0813644 0.117903 2.17537 0 0.845546 0 
2 1 0 0.388898 0.388898 99.9152 0.0772975 0.109571 0.0772975 0.109571 2.19647 0 0.842207 0 
2 1 0 0.38479 0.38479 99.9152 0.0733662 0.101344 0.0733662 0.101344 2.21792 0 0.837918 0 
2 1 0 0.380261 0.380261 99.9152 0.0695913 0.0932678 0.0695913 0.0932678 2.23974 0 0.832535 0 
2 1 0 0.375246 0.375246 99.9152 0.0659991 0.0853971 0.0659991 0.0853971 2.26193 0 0.825912 0 
2 1 0 0.369685 0.369685 99.9152 0.0626215 0.0778027 0.0626215 0.0778027 2.28446 0 0.817917 0 
2 1 0 0.363532 0.363532 99.9152 0.0594944 0.070567 0.0594944 0.070567 2.30724 0 0.808461 0 
2 1 0 0.356762 0.356762 99.9152 0.0566532 0.0637774 0.0566532 0.0637774 2.33009 0 0.79753 0 
2 1 0 0.349389 0.349389 99.9152 0.0541262 0.0575126 0.0541262 0.0575126 2.35278 0 0.785213 0 
2 1 0 0.341461 0.341461 99.9152 0.0519281 0.0518267 0.0519281 0.0518267 2.37506 0 0.771699 0 
2 1 0 0.333058 0.333058 99.9152 0.0500557 0.046739 0.0500557 0.046739 2.39666 0 0.757249 0 
2 1 0 0.324269 0.324269 99.9152 0.0484901 0.0422329 0.0484901 0.0422329 2.41741 0 0.742151 0 
2 1 0 0.315181 0.315181 99.9152 0.0472009 0.0382647 0.0472009 0.0382647 2.43718 0 0.726673 0 
2 1 0 0.305868 0.305868 99.9152 0.0461536 0.034776 0.0461536 0.034776 2.45592 0 0.711042 0 
2 1 0 0.296389 0.296389 99.9152 0.0453133 0.0317043 0.0453133 0.0317043 2.47363 0 0.695429 0 
2 1 0 0.286787 0.286787 99.9152 0.0446486 0.02899 0.0446486 0.02899 2.49032 0 0.679962 0 
2 1 0 0.277096 0.277096 99.9152 0.044132 0.0265795 0.044132 0.0265795 2.50605 0 0.664728 0 
2 1 0 0.267338 0.267338 99.9152 0.0437403 0.0244267 0.0437403 0.0244267 2.52088 0 0.649787 0 
2 1 0 0.257531 0.257531 99.9152 0.0434543 0.0224924 0.0434543 0.0224924 2.53484 0 0.635177 0 
2 1 0 0.247687 0.247687 99.9152 0.0432582 0.0207441 0.0432582 0.0207441 2.548 0 0.62092 0 
2 1 0 0.237815 0.237815 99.9152 0.043139 0.0191546 0.043139 0.0191546 2.56041 0 0.607028 0 
2 1 0 0.227922 0.227922 99.9152 0.043086 0.0177013 0.043086 0.0177013 2.57211 0 0.593506 0 
2 1 0 0.218011 0.218011 99.9152 0.0430902 0.0163654 0.0430902 0.0163654 2.58315 0 0.580352 0 
2 1 0 0.208087 0.208087 99.9152 0.0431446 0.015131 0.0431446 0.015131 2.59356 0 0.567562 0 
2 1 0 0.198153 0.198153 99.9152 0.0432429 0.0139852 0.0432429 0.0139852 2.60338 0 0.55513 0 
2 1 0 0.188211 0.188211 99.9152 0.0433799 0.0129166 0.0433799 0.0129166 2.61265 0 0.543047 0 
2 1 0 0.178262 0.178262 99.9152 0.0435516 0.011916 0.0435516 0.011916 2.62138 0 0.531304 0 
2 1 0 0.168308 0.168308 99.9152 0.0437541 0.0109753 0.0437541 0.0109753 2.62962 0 0.519891 0 
2 1 0 0.15835 0.15835 99.9152 0.0439844 0.0100876 0.0439844 0.0100876 2.63738 0 0.508798 0 
2 1 0 0.148389 0.148389 99.9152 0.0442398 0.00924697 0.0442398 0.00924697 2.64468 0 0.498015 0 
2 1 0 0.138425 0.138425 99.9152 0.0445181 0.00844831 0.0445181 0.00844831 2.65156 0 0.487531 0 
2 1 0 0.128458 0.128458 99.9152 0.0448173 0.0076872 0.0448173 0.0076872 2.65802 0 0.477335 0 
2 1 0 0.118489 0.118489 99.9152 0.0451357 0.00695976 0.0451357 0.00695976 2.6641 0 0.467419 0 
2 1 0 0.108519 0.108519 99.9152 0.0454718 0.0062626 0.0454718 0.0062626 2.66979 0 0.457773 0 
2 1 0 0.098548 0.098548 99.9152 0.0458243 0.00559276 0.0458243 0.00559276 2.67513 0 0.448387 0 
2 1 0 0.0885756 0.0885756 99.9152 0.0461921 0.00494761 0.0461921 0.00494761 2.68013 0 0.439252 0 
2 1 0 0.0786023 0.0786023 99.9152 0.0465742 0.00432482 0.0465742 0.00432482 2.6848 0 0.430359 0 
2 1 0 0.0686282 0.0686282 99.9152 0.0469697 0.00372232 0.0469697 0.00372232 2.68915 0 0.421701 0 
2 1 0 0.0586536 0.0586536 99.9152 0.0473778 0.00313828 0.0473778 0.00313828 2.6932 0 0.413269 0 
2 1 0 0.0486785 0.0486785 99.9152 0.0477978 0.00257105 0.0477978 0.00257105 2.69696 0 0.405056 0 
2 1 0 0.0387031 0.0387031 99.9152 0.0482291 0.00201914 0.0482291 0.00201914 2.70044 0 0.397053 0 
2 1 0 0.0287273 0.0287273 99.9152 0.0486712 0.00148123 0.0486712 0.00148123 2.70365 0 0.389255 0 
2 1 0 0.0187514 0.0187514 99.9152 0.0491235 0.000956109 0.0491235 0.000956109 2.7066 0 0.381655 0 
2 1 0 0.00877524 0.00877524 99.9152 0.0495857 0.000442703 0.0495857 0.000442703 2.70931 0 0.374245 0 
2 1 0 -0.00120099 -0.00120099 99.9152 0.0500573 -5.99778e-05 0.0500573 -5.99778e-05 2.71178 0 0.367019 0 
1 1 0 0 0 0 -1 0 -1 0 2.71178 0 0.367019 0 
1 1 0 0.00141321 0.00141321 0 -0.999999 -0.00141521 -0.999999 -0.00141521 0.122648 0 0.368399 0 
1 1 0 0.00282443 0.00282443 0 -0.999996 -0.00283242 -0.999996 -0.00283242 0.122841 0 0.368917 0 
1 1 0 0.00564087 0.00564087 0 -0.999985 -0.00567278 -0.999985 -0.00567278 0.123234 0 0.36995 0 
1 1 0 0.0112498 0.0112498 0 -0.999938 -0.0113771 -0.999938 -0.0113771 0.124042 0 0.371998 0 
1 1 0 0.0182161 0.0182161 0 -0.999836 -0.0185511 -0.999836 -0.0185511 0.125096 0 0.374527 0 
1 1 0 0.0251326 0.0251326 0 -0.999683 -0.0257723 -0.999683 -0.0257723 0.126201 0 0.377019 0 
1 1 0 0.0319992 0.0319992 0 -0.999479 -0.0330397 -0.999479 -0.0330397 0.127358 0 0.379473 0 
1 1 0 0.0388161 0.0388161 0 -0.999222 -0.0403522 -0.999222 -0.0403522 0.128567 0 0.381888 0 
1 1 0 0.0455834 0.0455834 0 -0.998912 -0.0477084 -0.998912 -0.0477084 0.129831 0 0.384262 0 
1 1 0 0.0523013 0.0523013 0 -0.998547 -0.0551073 -0.998547 -0.0551073 0.131151 0 0.386595 0 
1 1 0 0.05897 0.05897 0 -0.998126 -0.0625476 -0.998126 -0.0625476 0.132529 0 0.388884 0 
1 1 0 0.0655897 0.0655897 0 -0.997648 -0.0700281 -0.997648 -0.0700281 0.133966 0 0.391128 0 
1 1 0 0.0721608 0.0721608 0 -0.997111 -0.0775475 -0.997111 -0.0775475 0.135464 0 0.393326 0 
1 1 0 0.0786833 0.0786833 0 -0.996516 -0.0851045 -0.996516 -0.0851045 0.137026 0 0.395476 0 
1 1 0 0.0851578 0.0851578 0 -0.995859 -0.0926978 -0.995859 -0.0926978 0.138653 0 0.397576 0 
1 1 0 0.0915844 0.0915844 0 -0.99514 -0.100326 -0.99514 -0.100326 0.140348 0 0.399624 0 
1 1 0 0.0979636 0.0979636 0 -0.994359 -0.107988 -0.994359 -0.107988 0.142113 0 0.401619 0 
1 1 0 0.104296 0.104296 0 -0.993512 -0.115682 -0.993512 -0.115682 0.143951 0 0.403559 0 
1 1 0 0.110581 0.110581 0 -0.9926 -0.123406 -0.9926 -0.123406 0.145864 0 0.405442 0 
1 1 0 0.11682 0.11682 0 -0.991621 -0.13116 -0.991621 -0.13116 0.147855 0 0.407265 0 
1 1 0 0.123014 0.123014 0 -0.990573 -0.138941 -0.990573 -0.138941 0.149928 0 0.409027 0 
1 1 0 0.129162 0.129162 0 -0.989455 -0.146749 -0.989455 -0.146749 0.152086 0 0.410726 0 
1 1 0 0.135265 0.135265 0 -0.988266 -0.154581 -0.988266 -0.154581 0.154331 0 0.412358 0 
1 1 0 0.141324 0.141324 0 -0.987003 -0.162437 -0.987003 -0.162437 0.156669 0 0.413923 0 
1 1 0 0.147338 0.147338 0 -0.985667 -0.170313 -0.985667 -0.170313 0.159102 0 0.415416 0 
1 1 0 0.15331 0.15331 0 -0.984254 -0.17821 -0.984254 -0.17821 0.161636 0 0.416836 0 
1 1 0 0.159238 0.159238 0 -0.982764 -0.186125 -0.982764 -0.186125 0.164275 0 0.418179 0 
1 1 0 0.165124 0.165124 0 -0.981194 -0.194056 -0.981194 -0.194056 0.167023 0 0.419442 0 
1 1 0 0.170968 0.170968 0 -0.979544 -0.202001 -0.979544 -0.202001 0.169887 0 0.420622 0 
1 1 0 0.176771 0.176771 0 -0.977812 -0.20996 -0.977812 -0.20996 0.172873 0 0.421715 0 
1 1 0 0.182533 0.182533 0 -0.975995 -0.217929 -0.975995 -0.217929 0.175985 0 0.422717 0 
1 1 0 0.188254 0.188254 0 -0.974091 -0.225907 -0.974091 -0.225907 0.179233 0 0.423624 0 
1 1 0 0.193936 0.193936 0 -0.9721 -0.233892 -0.9721 -0.233892 0.182622 0 0.424431 0 
1 1 0 0.199578 0.199578 0 -0.97002 -0.241883 -0.97002 -0.241883 0.186161 0 0.425133 0 
1 1 0 0.205182 0.205182 0 -0.967847 -0.249876 -0.967847 -0.249876 0.189859 0 0.425724 0 
1 1 0 0.210747 0.210747 0 -0.965581 -0.25787 -0.965581 -0.25787 0.193726 0 0.426196 0 
1 1 0 0.216274 0.216274 0 -0.963219 -0.265862 -0.963219 -0.265862 0.197774 0 0.426544 0 
1 1 0 0.221764 0.221764 0 -0.960759 -0.273851 -0.960759 -0.273851 0.202014 0 0.426757 0 
1 1 0 0.227217 0.227217 0 -0.9582 -0.281834 -0.9582 -0.281834 0.20646 0 0.426827 0 
1 1 0 0.232633 0.232633 0 -0.955538 -0.289808 -0.955538 -0.289808 0.211129 0 0.426741 0 
1 1 0 0.238013 0.238013 0 -0.952772 -0.297772 -0.952772 -0.297772 0.216038 0 0.426487 0 
1 1 0 0.243357 0.243357 0 -0.949899 -0.305722 -0.949899 -0.305722 0.221207 0 0.426047 0 
1 1 0 0.248666 0.248666 0 -0.946917 -0.313655 -0.946917 -0.313655 0.226662 0 0.425404 0 
1 1 0 0.253939 0.253939 0 -0.943824 -0.32157 -0.943824 -0.32157 0.232431 0 0.424533 0 
1 1 0 0.259177 0.259177 0 -0.940617 -0.329462 -0.940617 -0.329462 0.23855 0 0.423405 0 
1 1 0 0.264381 0.264381 0 -0.937293 -0.337329 -0.937293 -0.337329 0.245061 0 0.421982 0 
1 1 0 0.269549 0.269549 0 -0.933851 -0.345168 -0.933851 -0.345168 0.252019 0 0.420218 0 
1 1 0 0.274684 0.274684 0 -0.930287 -0.352976 -0.930287 -0.352976 0.259495 0 0.418046 0 
1 1 0 0.279783 0.279783 0 -0.926599 -0.360748 -0.926599 -0.360748 0.267587 0 0.415378 0 
1 1 0 0.284848 0.284848 0 -0.922784 -0.368482 -0.922784 -0.368482 0.276432 0 0.412082 0 
1 1 0 0.289878 0.289878 0 -0.91884 -0.376174 -0.91884 -0.376174 0.286242 0 0.407953 0 
1 1 0 0.294873 0.294873 0 -0.914764 -0.38382 -0.914764 -0.38382 0.297382 0 0.402637 0 
1 1 0 0.299833 0.299833 0 -0.910553 -0.391415 -0.910553 -0.391415 0.310582 0 0.395411 0 
1 1 0 0.304757 0.304757 0 -0.906205 -0.398956 -0.906205 -0.398956 0.327935 0 0.38419 0 
1 1 0 0.309645 0.309645 141.778 -0.901716 -0.406438 -0.901716 -0.406438 0.359213 0.0159296 0.359213 -0.0159296 
1 1 0 0.314497 0.314497 62.5231 -0.897084 -0.413856 -0.897084 -0.413856 0.362451 0.0365472 0.362451 -0.0365472 
1 1 0 0.319312 0.319312 46.6722 -0.892307 -0.421206 -0.892307 -0.421206 0.365784 0.0495428 0.365784 -0.0495428 
1 1 0 0.324089 0.324089 38.9499 -0.887381 -0.428483 -0.887381 -0.428483 0.369215 0.0600819 0.369215 -0.0600819 
1 1 0 0.328828 0.328828 34.186 -0.882305 -0.43568 -0.882305 -0.43568 0.372751 0.0692913 0.372751 -0.0692913 
1 1 0 0.333526 0.333526 30.8871 -0.877075 -0.442794 -0.877075 -0.442794 0.376396 0.077642 0.376396 -0.077642 
1 1 0 0.338185 0.338185 28.4396 -0.87169 -0.449818 -0.87169 -0.449818 0.380157 0.0853821 0.380157 -0.0853821 
1 1 0 0.342801 0.342801 26.5391 -0.866147 -0.456746 -0.866147 -0.456746 0.384038 0.0926598 0.384038 -0.0926598 
1 1 0 0.347374 0.347374 25.015 -0.860444 -0.463572 -0.860444 -0.463572 0.388047 0.0995711 0.388047 -0.0995711 
1 1 0 0.351903 0.351903 23.7637 -0.854579 -0.470291 -0.854579 -0.470291 0.392189 0.106182 0.392189 -0.106182 
1 1 0 0.356386 0.356386 22.7179 -0.848551 -0.476894 -0.848551 -0.476894 0.396471 0.112538 0.396471 -0.112538 
1 1 0 0.360821 0.360821 21.8318 -0.842357 -0.483376 -0.842357 -0.483376 0.400898 0.118673 0.400898 -0.118673 
1 1 0 0.365206 0.365206 21.0731 -0.835998 -0.48973 -0.835998 -0.48973 0.405477 0.124612 0.405477 -0.124612 
1 1 0 0.36954 0.36954 20.4184 -0.829471 -0.495948 -0.829471 -0.495948 0.410214 0.130373 0.410214 -0.130373 
1 1 0 0.373821 0.373821 19.85 -0.822777 -0.502024 -0.822777 -0.502024 0.415115 0.135969 0.415115 -0.135969 
1 1 0 0.378046 0.378046 19.3546 -0.815914 -0.507949 -0.815914 -0.507949 0.420187 0.14141 0.420187 -0.14141 
1 1 0 0.382213 0.382213 18.9218 -0.808884 -0.513717 -0.808884 -0.513717 0.425436 0.146703 0.425436 -0.146703 
1 1 0 0.38632 0.38632 18.5433 -0.801687 -0.51932 -0.801687 -0.51932 0.430868 0.151851 0.430868 -0.151851 
1 1 0 0.390364 0.390364 18.2127 -0.794323 -0.52475 -0.794323 -0.52475 0.436488 0.156857 0.436488 -0.156857 
1 1 0 0.394342 0.394342 17.9247 -0.786798 -0.529998 -0.786798 -0.529998 0.442301 0.161719 0.442301 -0.161719 
1 1 0 0.398252 0.398252 17.675 -0.77911 -0.535059 -0.77911 -0.535059 0.448313 0.166439 0.448313 -0.166439 
1 1 0 0.402091 0.402091 17.4601 -0.771262 -0.539924 -0.771262 -0.539924 0.45453 0.171013 0.45453 -0.171013 
1 1 0 0.405858 0.405858 17.2771 -0.763258 -0.544586 -0.763258 -0.544586 0.460955 0.175439 0.460955 -0.175439 
1 1 0 0.40955 0.40955 17.1236 -0.7551 -0.549039 -0.7551 -0.549039 0.467593 0.179713 0.467593 -0.179713 
1 1 0 0.413163 0.413163 16.9978 -0.746793 -0.553275 -0.746793 -0.553275 0.474448 0.183829 0.474448 -0.183829 
1 1 0 0.416695 0.416695 16.8979 -0.738342 -0.557288 -0.738342 -0.557288 0.481523 0.187781 0.481523 -0.187781 
1 1 0 0.420145 0.420145 16.8227 -0.729752 -0.561071 -0.729752 -0.561071 0.48882 0.191563 0.48882 -0.191563 
1 1 0 0.423509 0.423509 16.7711 -0.721029 -0.564619 -0.721029 -0.564619 0.496342 0.195169 0.496342 -0.195169 
1 1 0 0.426785 0.426785 16.7424 -0.712179 -0.567926 -0.712179 -0.567926 0.504089 0.198589 0.504089 -0.198589 
1 1 0 0.429972 0.429972 16.7358 -0.703208 -0.570988 -0.703208 -0.570988 0.512063 0.201818 0.512063 -0.201818 
1 1 0 0.433067 0.433067 16.751 -0.694124 -0.573799 -0.694124 -0.573799 0.520263 0.204845 0.520263 -0.204845 
1 1 0 0.436068 0.436068 16.7876 -0.684934 -0.576356 -0.684934 -0.576356 0.528689 0.207663 0.528689 -0.207663 
1 1 0 0.438974 0.438974 16.8456 -0.675646 -0.578656 -0.675646 -0.578656 0.53734 0.210263 0.53734 -0.210263 
1 1 0 0.441783 0.441783 16.9249 -0.666268 -0.580695 -0.666268 -0.580695 0.546214 0.212635 0.546214 -0.212635 
1 1 0 0.444495 0.444495 17.0257 -0.656808 -0.582473 -0.656808 -0.582473 0.555308 0.214771 0.555308 -0.214771 
1 1 0 0.447109 0.447109 17.1484 -0.647275 -0.583986 -0.647275 -0.583986 0.564619 0.21666 0.564619 -0.21666 
1 1 0 0.449623 0.449623 17.2934 -0.637677 -0.585235 -0.637677 -0.585235 0.574144 0.218294 0.574144 -0.218294 
1 1 0 0.452037 0.452037 17.4614 -0.628023 -0.586218 -0.628023 -0.586218 0.583877 0.219662 0.583877 -0.219662 
1 1 0 0.454352 0.454352 17.6532 -0.618321 -0.586937 -0.618321 -0.586937 0.593814 0.220754 0.593814 -0.220754 
1 1 0 0.456567 0.456567 17.8698 -0.60858 -0.587391 -0.60858 -0.587391 0.603951 0.221561 0.603951 -0.221561 
1 1 0 0.458682 0.458682 18.1126 -0.598808 -0.587583 -0.598808 -0.587583 0.61428 0.222071 0.61428 -0.222071 
1 1 0 0.460698 0.460698 18.3831 -0.589014 -0.587514 -0.589014 -0.587514 0.624796 0.222274 0.624796 -0.222274 
1 1 0 0.462615 0.462615 18.683 -0.579205 -0.587186 -0.579205 -0.587186 0.635493 0.222159 0.635493 -0.222159 
1 1 0 0.464435 0.464435 19.0145 -0.569389 -0.586602 -0.569389 -0.586602 0.646363 0.221714 0.646363 -0.221714 
1 1 0 0.466158 0.466158 19.3803 -0.559574 -0.585766 -0.559574 -0.585766 0.6574 0.220927 0.6574 -0.220927 
1 1 0 0.467785 0.467785 19.7834 -0.549768 -0.58468 -0.549768 -0.58468 0.668597 0.219786 0.668597 -0.219786 
1 1 0 0.469319 0.469319 20.2274 -0.539976 -0.583348 -0.539976 -0.583348 0.679945 0.218276 0.679945 -0.218276 
1 1 0 0.47076 0.47076 20.7168 -0.530206 -0.581776 -0.530206 -0.581776 0.691438 0.216381 0.691438 -0.216381 
1 1 0 0.472111 0.472111 21.2568 -0.520465 -0.579965 -0.520465 -0.579965 0.703068 0.214087 0.703068 -0.214087 
1 1 0 0.473372 0.473372 21.854 -0.510757 -0.577923 -0.510757 -0.577923 0.714827 0.211374 0.714827 -0.211374 
1 1 0 0.474546 0.474546 22.5162 -0.501089 -0.575652 -0.501089 -0.575652 0.726707 0.208222 0.726707 -0.208222 
1 1 0 0.475635 0.475635 23.2531 -0.491467 -0.573158 -0.491467 -0.573158 0.738702 0.204608 0.738702 -0.204608 
1 1 0 0.47664 0.47664 24.077 -0.481894 -0.570447 -0.481894 -0.570447 0.750803 0.200503 0.750803 -0.200503 
1 1 0 0.477564 0.477564 25.0035 -0.472376 -0.567522 -0.472376 -0.567522 0.763003 0.195877 0.763003 -0.195877 
1 1 0 0.478409 0.478409 26.0526 -0.462917 -0.564389 -0.462917 -0.564389 0.775293 0.190692 0.775293 -0.190692 
1 1 0 0.479178 0.479178 27.2507 -0.453521 -0.561053 -0.453521 -0.561053 0.787668 0.184901 0.787668 -0.184901 
1 1 0 0.479871 0.479871 28.6334 -0.444192 -0.55752 -0.444192 -0.55752 0.80012 0.178448 0.80012 -0.178448 
1 1 0 0.480492 0.480492 30.2499 -0.434933 -0.553794 -0.434933 -0.553794 0.812641 0.171263 0.812641 -0.171263 
1 1 0 0.481043 0.481043 32.1707 -0.425747 -0.549881 -0.425747 -0.549881 0.825225 0.163254 0.825225 -0.163254 
1 1 0 0.481525 0.481525 34.501 -0.416636 -0.545786 -0.416636 -0.545786 0.837864 0.154298 0.837864 -0.154298 
1 1 0 0.481942 0.481942 37.4059 -0.407605 -0.541513 -0.407605 -0.541513 0.850553 0.144229 0.850553 -0.144229 
1 1 0 0.482295 0.482295 41.1638 -0.398654 -0.537069 -0.398654 -0.537069 0.863284 0.132803 0.863284 -0.132803 
1 1 0 0.482586 0.482586 46.2903 -0.389785 -0.532457 -0.389785 -0.532457 0.876051 0.119646 0.876051 -0.119646 
1 1 0 0.482818 0.482818 53.8833 -0.381001 -0.527683 -0.381001 -0.527683 0.888849 0.104119 0.888849 -0.104119 
1 1 0 0.482994 0.482994 66.8852 -0.372304 -0.522752 -0.372304 -0.522752 0.901671 0.0849529 0.901671 -0.0849529 
1 1 0 0.483114 0.483114 97.9896 -0.363693 -0.517668 -0.363693 -0.517668 0.914512 0.0587199 0.914512 -0.0587199 
1 1 0 0.483181 0.483181 97.9896 -0.35517 -0.512435 -0.35517 -0.512435 0.948877 0 0.905858 0 
2 1 0 0.483198 0.483198 97.9896 -0.348102 -0.507941 -0.348102 -0.507941 1.00013 0 0.876148 0 
2 1 0 0.483174 0.483174 97.9896 -0.339745 -0.502448 -0.339745 -0.502448 1.04045 0 0.861558 0 
2 1 0 0.483103 0.483103 97.9896 -0.331479 -0.496819 -0.331479 -0.496819 1.07471 0 0.853024 0 
2 1 0 0.482987 0.482987 97.9896 -0.323304 -0.491058 -0.323304 -0.491058 1.10594 0 0.847516 0 
2 1 0 0.482827 0.482827 97.9896 -0.315221 -0.48517 -0.315221 -0.48517 1.13525 0 0.843896 0 
2 1 0 0.482627 0.482627 97.9896 -0.307231 -0.479158 -0.307231 -0.479158 1.16321 0 0.841593 0 
2 1 0 0.482388 0.482388 97.9896 -0.299333 -0.473027 -0.299333 -0.473027 1.19015 0 0.840272 0 
2 1 0 0.482111 0.482111 97.9896 -0.291527 -0.466781 -0.291527 -0.466781 1.21628 0 0.839719 0 
2 1 0 0.481799 0.481799 97.9896 -0.283814 -0.460422 -0.283814 -0.460422 1.24173 0 0.839787 0 
2 1 0 0.481454 0.481454 97.9896 -0.276193 -0.453955 -0.276193 -0.453955 1.2666 0 0.840371 0 
2 1 0 0.481077 0.481077 97.9896 -0.268664 -0.447383 -0.268664 -0.447383 1.29096 0 0.841392 0 
2 1 0 0.48067 0.48067 97.9896 -0.261227 -0.440709 -0.261227 -0.440709 1.31487 0 0.84279 0 
2 1 0 0.480235 0.480235 97.9896 -0.25388 -0.433937 -0.25388 -0.433937 1.33836 0 0.844518 0 
2 1 0 0.479774 0.479774 97.9896 -0.246625 -0.42707 -0.246625 -0.42707 1.36147 0 0.846539 0 
2 1 0 0.479288 0.479288 97.9896 -0.239459 -0.42011 -0.239459 -0.42011 1.38422 0 0.848823 0 
2 1 0 0.478779 0.478779 97.9896 -0.232383 -0.413061 -0.232383 -0.413061 1.40664 0 0.851346 0 
2 1 0 0.478249 0.478249 97.9896 -0.225396 -0.405926 -0.225396 -0.405926 1.42872 0 0.854086 0 
2 1 0 0.4777 0.4777 97.9896 -0.218497 -0.398707 -0.218497 -0.398707 1.4505 0 0.857027 0 
2 1 0 0.477133 0.477133 97.9896 -0.211685 -0.391406 -0.211685 -0.391406 1.47197 0 0.860156 0 
2 1 0 0.476551 0.476551 97.9896 -0.20496 -0.384028 -0.20496 -0.384028 1.49315 0 0.863461 0 
2 1 0 0.475954 0.475954 97.9896 -0.19832 -0.376573 -0.19832 -0.376573 1.51403 0 0.866931 0 
2 1 0 0.475345 0.475345 97.9896 -0.191766 -0.369044 -0.191766 -0.369044 1.53463 0 0.87056 0 
2 1 0 0.474726 0.474726 97.9896 -0.185295 -0.361444 -0.185295 -0.361444 1.55494 0 0.874342 0 
2 1 0 0.474097 0.474097 97.9896 -0.178908 -0.353775 -0.178908 -0.353775 1.57497 0 0.87827 0 
2 1 0 0.473463 0.473463 97.9896 -0.172602 -0.346039 -0.172602 -0.346039 1.59471 0 0.882343 0 
2 1 0 0.472823 0.472823 97.9896 -0.166378 -0.338237 -0.166378 -0.338237 1.61418 0 0.886556 0 
2 1 0 0.472181 0.472181 97.9896 -0.160234 -0.330373 -0.160234 -0.330373 1.63335 0 0.89091 0 
2 1 0 0.471538 0.471538 97.9896 -0.15417 -0.322447 -0.15417 -0.322447 1.65224 0 0.895404 0 
2 1 0 0.470898 0.470898 97.9896 -0.148184 -0.314461 -0.148184 -0.314461 1.67084 0 0.900038 0 
2 1 0 0.470261 0.470261 97.9896 -0.142275 -0.306418 -0.142275 -0.306418 1.68915 0 0.904816 0 
2 1 0 0.469631 0.469631 97.9896 -0.136443 -0.298319 -0.136443 -0.298319 1.70715 0 0.909741 0 
2 1 0 0.469011 0.469011 97.9896 -0.130686 -0.290166 -0.130686 -0.290166 1.72485 0 0.914817 0 
2 1 0 0.468403 0.468403 97.9896 -0.125003 -0.281959 -0.125003 -0.281959 1.74223 0 0.920051 0 
2 1 0 0.467811 0.467811 97.9896 -0.119394 -0.273701 -0.119394 -0.273701 1.75928 0 0.92545 0 
2 1 0 0.467239 0.467239 97.9896 -0.113858 -0.265392 -0.113858 -0.265392 1.776 0 0.931026 0 
2 1 0 0.466689 0.466689 97.9896 -0.108394 -0.257035 -0.108394 -0.257035 1.79237 0 0.936789 0 
2 1 0 0.466168 0.466168 97.9896 -0.103 -0.24863 -0.103 -0.24863 1.80838 0 0.942753 0 
2 1 0 0.465679 0.465679 97.9896 -0.0976764 -0.240178 -0.0976764 -0.240178 1.824 0 0.948938 0 
2 1 0 0.465228 0.465228 97.9896 -0.0924219 -0.231682 -0.0924219 -0.231682 1.83922 0 0.955362 0 
2 1 0 0.464822 0.464822 97.9896 -0.0872358 -0.223141 -0.0872358 -0.223141 1.85401 0 0.962052 0 
2 1 0 0.464469 0.464469 97.9896 -0.0821176 -0.214556 -0.0821176 -0.214556 1.86833 0 0.969038 0 
2 1 0 0.464176 0.464176 97.9896 -0.0770665 -0.20593 -0.0770665 -0.20593 1.88215 0 0.976357 0 
2 1 0 0.463953 0.463953 97.9896 -0.0720822 -0.197263 -0.0720822 -0.197263 1.89543 0 0.984053 0 
2 1 0 0.463813 0.463813 97.9896 -0.0671643 -0.188556 -0.0671643 -0.188556 1.9081 0 0.992181 0 
2 1 0 0.463769 0.463769 97.9896 -0.0627845 -0.180668 -0.0627845 -0.180668 1.91895 0 0.99994 0 
2 1 0 0.463827 0.463827 97.9896 -0.0579934 -0.171891 -0.0579934 -0.171891 1.93027 0 1.00909 0 
2 1 0 0.464017 0.464017 97.9896 -0.0532693 -0.163078 -0.0532693 -0.163078 1.94073 0 1.01891 0 
2 1 0 0.464364 0.464364 97.9896 -0.0486143 -0.154234 -0.0486143 -0.154234 1.95019 0 1.02954 0 
2 1 0 0.464897 0.464897 97.9896 -0.0440301 -0.145363 -0.0440301 -0.145363 1.95848 0 1.04115 0 
2 1 0 0.465655 0.465655 97.9896 -0.0395199 -0.13647 -0.0395199 -0.13647 1.96536 0 1.05395 0 
2 1 0 0.466686 0.466686 97.9896 -0.0350892 -0.127564 -0.0350892 -0.127564 1.97053 0 1.06822 0 
2 1 0 0.468049 0.468049 97.9896 -0.0307459 -0.11866 -0.0307459 -0.11866 1.97357 0 1.08436 0 
2 1 0 0.469819 0.469819 97.9896 -0.0265024 -0.10978 -0.0265024 -0.10978 1.97389 0 1.10289 0 
2 1 0 0.47209 0.47209 97.9896 -0.0223774 -0.100958 -0.0223774 -0.100958 1.97071 0 1.12452 0 
2 1 0 0.474974 0.474974 97.9896 -0.0183986 -0.0922488 -0.0183986 -0.0922488 1.96287 0 1.15028 0 
2 1 0 0.478597 0.478597 97.9896 -0.0146065 -0.0837348 -0.0146065 -0.0837348 1.94877 0 1.18159 0 
2 1 0 0.483086 0.483086 97.9896 -0.0110555 -0.0755345 -0.0110555 -0.0755345 1.92606 0 1.22055 0 
2 1 0 0.48853 0.48853 97.9896 -0.00781069 -0.0677992 -0.00781069 -0.0677992 1.89114 0 1.27044 0 
2 1 0 0.494947 0.494947 97.9896 -0.00493442 -0.0606887 -0.00493442 -0.0606887 1.83742 0 1.33755 0 
2 1 0 0.502257 0.502257 97.9896 -0.00246615 -0.0543263 -0.00246615 -0.0543263 1.74516 0 1.44137 0 
2 1 0 0.510306 0.510306 69.0343 -0.000408136 -0.0487603 -0.000408136 -0.0487603 1.59811 0.145856 1.59811 -0.145856 
2 1 0 0.518916 0.518916 38.4432 0.0012717 -0.0439598 0.0012717 -0.0439598 1.60207 0.264201 1.60207 -0.264201 
2 1 0 0.527929 0.527929 29.3512 0.00262464 -0.0398427 0.00262464 -0.0398427 1.60524 0.348981 1.60524 -0.348981 
2 1 0 0.53722 0.53722 24.5718 0.00370595 -0.036308 0.00370595 -0.036308 1.60774 0.420312 1.60774 -0.420312 
2 1 0 0.546705 0.546705 21.5219 0.00456595 -0.0332578 0.00456595 -0.0332578 1.60967 0.483757 1.60967 -0.483757 
2 1 0 0.556323 0.556323 19.3668 0.00524686 -0.0306065 0.00524686 -0.0306065 1.61112 0.541843 1.61112 -0.541843 
2 1 0 0.566035 0.566035 17.744 0.0057827 -0.0282835 0.0057827 -0.0282835 1.61216 0.595992 1.61216 -0.595992 
2 1 0 0.575813 0.575813 16.4672 0.00620037 -0.0262316 0.00620037 -0.0262316 1.61286 0.647111 1.61286 -0.647111 
2 1 0 0.585639 0.585639 15.4299 0.00652113 -0.0244051 0.00652113 -0.0244051 1.61325 0.695822 1.61325 -0.695822 
2 1 0 0.595501 0.595501 14.566 0.00676175 -0.0227674 0.00676175 -0.0227674 1.61337 0.742578 1.61337 -0.742578 
2 1 0 0.60539 0.60539 13.8326 0.00693556 -0.021289 0.00693556 -0.021289 1.61325 0.78772 1.61325 -0.78772 
2 1 0 0.615299 0.615299 13.1999 0.00705327 -0.0199461 0.00705327 -0.0199461 1.6129 0.831514 1.6129 -0.831514 
2 1 0 0.625223 0.625223 12.647 0.00712349 -0.0187193 0.00712349 -0.0187193 1.61235 0.874169 1.61235 -0.874169 
2 1 0 0.63516 0.63516 12.1585 0.00715326 -0.0175928 0.00715326 -0.0175928 1.61161 0.915859 1.61161 -0.915859 
2 1 0 0.645106 0.645106 11.7228 0.00714837 -0.0165534 0.00714837 -0.0165534 1.61069 0.956721 1.61069 -0.956721 
2 1 0 0.65506 0.65506 11.331 0.00711359 -0.0155902 0.00711359 -0.0155902 1.6096 0.996873 1.6096 -0.996873 
2 1 0 0.66502 0.66502 10.9763 0.00705293 -0.014694 0.00705293 -0.014694 1.60834 1.03641 1.60834 -1.03641 
2 1 0 0.674985 0.674985 10.6532 0.00696975 -0.0138571 0.00696975 -0.0138571 1.60691 1.07543 1.60691 -1.07543 
2 1 0 0.684953 0.684953 10.3573 0.00686688 -0.0130728 0.00686688 -0.0130728 1.60532 1.11399 1.60532 -1.11399 
2 1 0 0.694926 0.694926 10.0849 0.00674676 -0.0123355 0.00674676 -0.0123355 1.60358 1.15216 1.60358 -1.15216 
2 1 0 0.704901 0.704901 9.83302 0.00661145 -0.0116404 0.00661145 -0.0116404 1.60167 1.19 1.60167 -1.19 
2 1 0 0.714878 0.714878 9.5993 0.00646275 -0.0109833 0.00646275 -0.0109833 1.59962 1.22755 1.59962 -1.22755 
2 1 0 0.724857 0.724857 9.38161 0.00630219 -0.0103605 0.00630219 -0.0103605 1.5974 1.26486 1.5974 -1.26486 
2 1 0 0.734838 0.734838 9.1782 0.00613112 -0.00976879 0.00613112 -0.00976879 1.59503 1.30196 1.59503 -1.30196 
2 1 0 0.744821 0.744821 8.98756 0.00595072 -0.00920546 0.00595072 -0.00920546 1.59251 1.3389 1.59251 -1.3389 
2 1 0 0.754805 0.754805 8.80842 0.00576202 -0.00866801 0.00576202 -0.00866801 1.58983 1.37569 1.58983 -1.37569 
2 1 0 0.76479 0.76479 8.63965 0.00556592 -0.00815426 0.00556592 -0.00815426 1.58698 1.41238 1.58698 -1.41238 
2 1 0 0.774776 0.774776 8.4803 0.00536323 -0.0076623 0.00536323 -0.0076623 1.58398 1.44898 1.58398 -1.44898 
2 1 0 0.784762 0.784762 8.3295 0.00515467 -0.0071904 0.00515467 -0.0071904 1.58082 1.48552 1.58082 -1.48552 
2 1 0 0.79475 0.79475 8.18653 0.00494085 -0.00673702 0.00494085 -0.00673702 1.5775 1.52202 1.5775 -1.52202 
2 1 0 0.804738 0.804738 8.05072 0.00472235 -0.00630079 0.00472235 -0.00630079 1.574 1.5585 1.574 -1.5585 
2 1 0 0.814726 0.814726 7.92149 0.00449968 -0.00588047 0.00449968 -0.00588047 1.57034 1.59498 1.57034 -1.59498 
2 1 0 0.824716 0.824716 7.79833 0.00427328 -0.00547494 0.00427328 -0.00547494 1.56651 1.63148 1.56651 -1.63148 
2 1 0 0.834705 0.834705 7.68076 0.00404356 -0.00508319 0.00404356 -0.00508319 1.56251 1.66801 1.56251 -1.66801 
2 1 0 0.844695 0.844695 7.56839 0.0038109 -0.00470431 0.0038109 -0.00470431 1.55834 1.70458 1.55834 -1.70458 
2 1 0 0.854686 0.854686 7.46084 0.00357562 -0.00433746 0.00357562 -0.00433746 1.55398 1.74121 1.55398 -1.74121 
2 1 0 0.864677 0.864677 7.35776 0.00333803 -0.00398189 0.00333803 -0.00398189 1.54945 1.77791 1.54945 -1.77791 
2 1 0 0.874668 0.874668 7.25886 0.0030984 -0.00363691 0.0030984 -0.00363691 1.54473 1.8147 1.54473 -1.8147 
2 1 0 0.88466 0.88466 7.16385 0.00285697 -0.00330188 0.00285697 -0.00330188 1.53982 1.85159 1.53982 -1.85159 
2 1 0 0.894651 0.894651 7.0725 0.00261398 -0.00297623 0.00261398 -0.00297623 1.53473 1.88858 1.53473 -1.88858 
2 1 0 0.904643 0.904643 6.98457 0.00236962 -0.00265942 0.00236962 -0.00265942 1.52945 1.92569 1.52945 -1.92569 
2 1 0 0.914635 0.914635 6.89984 0.00212409 -0.00235096 0.00212409 -0.00235096 1.52396 1.96292 1.52396 -1.96292 
2 1 0 0.924628 0.924628 6.81814 0.00187756 -0.0020504 0.00187756 -0.0020504 1.51828 2.00029 1.51828 -2.00029 
2 1 0 0.934621 0.934621 6.73927 0.00163018 -0.00175732 0.00163018 -0.00175732 1.5124 2.03781 1.5124 -2.03781 
2 1 0 0.944613 0.944613 6.66309 0.00138211 -0.00147135 0.00138211 -0.00147135 1.50631 2.07547 1.50631 -2.07547 
2 1 0 0.954606 0.954606 6.58943 0.00113346 -0.00119211 0.00113346 -0.00119211 1.50002 2.1133 1.50002 -2.1133 
2 1 0 0.9646 0.9646 6.51817 0.00088437 -0.000919279 0.00088437 -0.000919279 1.49351 2.1513 1.49351 -2.1513 
2 1 0 0.974593 0.974593 6.44918 0.000634945 -0.00065255 0.000634945 -0.00065255 1.48679 2.18947 1.48679 -2.18947 
2 1 0 0.984586 0.984586 6.38233 0.000385289 -0.000391635 0.000385289 -0.000391635 1.47984 2.22782 1.47984 -2.22782 
2 1 0 0.99458 0.99458 6.31752 0.000135497 -0.000136265 0.000135497 -0.000136265 1.47268 2.26637 1.47268 -2.26637 
2 1 0 1.00457 1.00457 6.25464 -0.000114344 0.000113844 -0.000114344 0.000113844 1.46457 2.30399 1.46457 -2.30399 
