1 1 0 0 0 0 1 0 1 0 1 0 0.0018242 0 
1 1 0 0.00176828 0.00176828 0 0.999066 5.54345e-09 0.999066 5.54345e-09 0.151644 0 0.36918 0 
1 1 0 0.00353341 0.00353341 0 0.998125 4.43442e-08 0.998125 4.43442e-08 0.153736 0 0.370479 0 
1 1 0 0.00705413 0.00705413 0 0.996226 3.54665e-07 0.996226 3.54665e-07 0.157974 0 0.373069 0 
1 1 0 0.0140566 0.0140566 0 0.992357 2.83483e-06 0.992357 2.83483e-06 0.166658 0 0.37822 0 
1 1 0 0.0227336 0.0227336 0 0.987384 1.2141e-05 0.987384 1.2141e-05 0.177898 0 0.384599 0 
1 1 0 0.0313217 0.0313217 0 0.982258 3.21349e-05 0.982258 3.21349e-05 0.189554 0 0.390906 0 
1 1 0 0.039816 0.039816 0 0.976978 6.67796e-05 0.976978 6.67796e-05 0.20161 0 0.397137 0 
1 1 0 0.0482122 0.0482122 0 0.971543 0.000119895 0.971543 0.000119895 0.214049 0 0.403286 0 
1 1 0 0.0565058 0.0565058 0 0.965953 0.000195118 0.965953 0.000195118 0.22685 0 0.409349 0 
1 1 0 0.064691 0.064691 0 0.96021 0.000295838 0.96021 0.000295838 0.23999 0 0.41532 0 
1 1 0 0.0727652 0.0727652 0 0.954311 0.000425224 0.954311 0.000425224 0.253447 0 0.421196 0 
1 1 0 0.0807243 0.0807243 0 0.948259 0.00058613 0.948259 0.00058613 0.267193 0 0.426974 0 
1 1 0 0.0885645 0.0885645 0 0.942055 0.000781092 0.942055 0.000781092 0.281202 0 0.432651 0 
1 1 0 0.0962822 0.0962822 0 0.9357 0.0010123 0.9357 0.0010123 0.295444 0 0.438223 0 
1 1 0 0.103874 0.103874 0 0.929197 0.00128156 0.929197 0.00128156 0.309889 0 0.443688 0 
1 1 0 0.111337 0.111337 0 0.922548 0.00159031 0.922548 0.00159031 0.324507 0 0.449043 0 
1 1 0 0.118669 0.118669 0 0.915757 0.00193959 0.915757 0.00193959 0.339267 0 0.454288 0 
1 1 0 0.125867 0.125867 0 0.908826 0.00233006 0.908826 0.00233006 0.354138 0 0.45942 0 
1 1 0 0.13293 0.13293 0 0.90176 0.00276197 0.90176 0.00276197 0.369089 0 0.464439 0 
1 1 0 0.139855 0.139855 0 0.894562 0.00323522 0.894562 0.00323522 0.384091 0 0.469343 0 
1 1 0 0.146642 0.146642 0 0.887235 0.00374932 0.887235 0.00374932 0.399116 0 0.474131 0 
1 1 0 0.15329 0.15329 0 0.879786 0.00430346 0.879786 0.00430346 0.414137 0 0.478801 0 
1 1 0 0.159799 0.159799 0 0.872217 0.00489651 0.872217 0.00489651 0.429132 0 0.483351 0 
1 1 0 0.166168 0.166168 0 0.864533 0.00552704 0.864533 0.00552704 0.444082 0 0.487774 0 
1 1 0 0.172398 0.172398 0 0.85674 0.00619337 0.85674 0.00619337 0.458981 0 0.492055 0 
1 1 0 0.178489 0.178489 0 0.84884 0.00689358 0.84884 0.00689358 0.473856 0 0.496146 0 
1 1 0 0.184443 0.184443 0 0.840839 0.00762555 0.840839 0.00762555 0.488932 0 0.499802 0 
1 1 0 0.190261 0.190261 957.815 0.832741 0.008387 0.832741 0.008387 0.503608 0.00330367 0.503608 -0.00330367 
1 1 0 0.195944 0.195944 957.815 0.824551 0.00917551 0.824551 0.00917551 0.514148 0 0.511286 0 
1 1 0 0.201494 0.201494 957.815 0.816272 0.00998853 0.816272 0.00998853 0.529889 0 0.513488 0 
1 1 0 0.206913 0.206913 957.815 0.807909 0.0108234 0.807909 0.0108234 0.54405 0 0.516982 0 
1 1 0 0.212203 0.212203 957.815 0.799466 0.0116776 0.799466 0.0116776 0.557852 0 0.520539 0 
1 1 0 0.217365 0.217365 957.815 0.790946 0.0125482 0.790946 0.0125482 0.571385 0 0.524061 0 
1 1 0 0.222404 0.222404 957.815 0.782354 0.0134325 0.782354 0.0134325 0.584669 0 0.527522 0 
1 1 0 0.22732 0.22732 957.815 0.773691 0.0143279 0.773691 0.0143279 0.597711 0 0.530914 0 
1 1 0 0.232117 0.232117 957.815 0.764962 0.0152317 0.764962 0.0152317 0.610507 0 0.534234 0 
1 1 0 0.236797 0.236797 957.815 0.75617 0.0161409 0.75617 0.0161409 0.623057 0 0.537482 0 
1 1 0 0.241361 0.241361 957.815 0.747319 0.0170531 0.747319 0.0170531 0.635359 0 0.540659 0 
1 1 0 0.245814 0.245814 957.815 0.73841 0.0179656 0.73841 0.0179656 0.647411 0 0.543766 0 
1 1 0 0.250157 0.250157 957.815 0.729448 0.0188758 0.729448 0.0188758 0.659213 0 0.546805 0 
1 1 0 0.254392 0.254392 957.815 0.720434 0.0197813 0.720434 0.0197813 0.670765 0 0.549778 0 
1 1 0 0.258523 0.258523 957.815 0.71137 0.0206795 0.71137 0.0206795 0.682067 0 0.552687 0 
1 1 0 0.262551 0.262551 957.815 0.70226 0.0215682 0.70226 0.0215682 0.693121 0 0.555534 0 
1 1 0 0.266479 0.266479 957.815 0.693105 0.0224451 0.693105 0.0224451 0.703928 0 0.558322 0 
1 1 0 0.270309 0.270309 957.815 0.683908 0.023308 0.683908 0.023308 0.714491 0 0.561051 0 
1 1 0 0.274044 0.274044 957.815 0.674669 0.0241547 0.674669 0.0241547 0.724811 0 0.563725 0 
1 1 0 0.277685 0.277685 957.815 0.665392 0.0249831 0.665392 0.0249831 0.734893 0 0.566344 0 
1 1 0 0.281235 0.281235 957.815 0.656078 0.0257914 0.656078 0.0257914 0.744739 0 0.56891 0 
1 1 0 0.284695 0.284695 957.815 0.646728 0.0265775 0.646728 0.0265775 0.754354 0 0.571426 0 
1 1 0 0.288068 0.288068 957.815 0.637344 0.0273397 0.637344 0.0273397 0.763742 0 0.573892 0 
1 1 0 0.291355 0.291355 957.815 0.627928 0.0280761 0.627928 0.0280761 0.772905 0 0.57631 0 
1 1 0 0.294558 0.294558 957.815 0.618481 0.0287852 0.618481 0.0287852 0.78185 0 0.578681 0 
1 1 0 0.297678 0.297678 957.815 0.609004 0.0294651 0.609004 0.0294651 0.790581 0 0.581007 0 
1 1 0 0.300717 0.300717 957.815 0.599499 0.0301145 0.599499 0.0301145 0.799101 0 0.583288 0 
1 1 0 0.303677 0.303677 957.815 0.589967 0.0307317 0.589967 0.0307317 0.807417 0 0.585526 0 
1 1 0 0.306558 0.306558 957.815 0.580408 0.0313154 0.580408 0.0313154 0.815533 0 0.587721 0 
1 1 0 0.309362 0.309362 957.815 0.570825 0.0318641 0.570825 0.0318641 0.823455 0 0.589874 0 
1 1 0 0.31209 0.31209 957.815 0.561217 0.0323766 0.561217 0.0323766 0.831186 0 0.591987 0 
1 1 0 0.314743 0.314743 957.815 0.551587 0.0328515 0.551587 0.0328515 0.838733 0 0.594058 0 
1 1 0 0.317321 0.317321 957.815 0.541934 0.0332876 0.541934 0.0332876 0.8461 0 0.596089 0 
1 1 0 0.319826 0.319826 957.815 0.532261 0.0336838 0.532261 0.0336838 0.853294 0 0.59808 0 
1 1 0 0.322257 0.322257 957.815 0.522567 0.0340389 0.522567 0.0340389 0.860319 0 0.600031 0 
1 1 0 0.324617 0.324617 957.815 0.512854 0.0343518 0.512854 0.0343518 0.86718 0 0.601943 0 
1 1 0 0.326903 0.326903 957.815 0.503122 0.0346216 0.503122 0.0346216 0.873883 0 0.603815 0 
1 1 0 0.329118 0.329118 957.815 0.493373 0.0348471 0.493373 0.0348471 0.880434 0 0.605646 0 
1 1 0 0.331261 0.331261 957.815 0.483606 0.0350275 0.483606 0.0350275 0.886837 0 0.607437 0 
1 1 0 0.333331 0.333331 957.815 0.473823 0.0351619 0.473823 0.0351619 0.8931 0 0.609187 0 
1 1 0 0.335329 0.335329 957.815 0.464025 0.0352492 0.464025 0.0352492 0.899226 0 0.610895 0 
1 1 0 0.337253 0.337253 957.815 0.454212 0.0352889 0.454212 0.0352889 0.905222 0 0.61256 0 
1 1 0 0.339104 0.339104 957.815 0.444384 0.0352799 0.444384 0.0352799 0.911094 0 0.614182 0 
1 1 0 0.34088 0.34088 957.815 0.434543 0.0352216 0.434543 0.0352216 0.916847 0 0.615758 0 
1 1 0 0.342581 0.342581 957.815 0.424689 0.0351132 0.424689 0.0351132 0.922489 0 0.617288 0 
1 1 0 0.344204 0.344204 957.815 0.414822 0.034954 0.414822 0.034954 0.928024 0 0.618769 0 
1 1 0 0.345747 0.345747 957.815 0.404944 0.0347434 0.404944 0.0347434 0.933461 0 0.620199 0 
1 1 0 0.34721 0.34721 957.815 0.395054 0.0344808 0.395054 0.0344808 0.938805 0 0.621576 0 
1 1 0 0.348588 0.348588 957.815 0.385154 0.0341656 0.385154 0.0341656 0.944063 0 0.622897 0 
1 1 0 0.349881 0.349881 957.815 0.375244 0.0337972 0.375244 0.0337972 0.949245 0 0.624159 0 
1 1 0 0.351083 0.351083 957.815 0.365325 0.0333752 0.365325 0.0333752 0.954356 0 0.625358 0 
1 1 0 0.352191 0.352191 957.815 0.355398 0.0328992 0.355398 0.0328992 0.959407 0 0.626491 0 
1 1 0 0.353201 0.353201 957.815 0.345462 0.0323688 0.345462 0.0323688 0.964406 0 0.627552 0 
1 1 0 0.354108 0.354108 957.815 0.33552 0.0317837 0.33552 0.0317837 0.969363 0 0.628536 0 
1 1 0 0.354905 0.354905 957.815 0.325572 0.0311436 0.325572 0.0311436 0.974289 0 0.629437 0 
1 1 0 0.355586 0.355586 957.815 0.315618 0.0304484 0.315618 0.0304484 0.979197 0 0.630249 0 
1 1 0 0.356141 0.356141 957.815 0.305661 0.0296982 0.305661 0.0296982 0.9841 0 0.630963 0 
1 1 0 0.356563 0.356563 957.815 0.295701 0.0288929 0.295701 0.0288929 0.989013 0 0.63157 0 
1 1 0 0.356841 0.356841 957.815 0.285742 0.0280329 0.285742 0.0280329 0.993952 0 0.63206 0 
1 1 0 0.356961 0.356961 957.815 0.275785 0.0271186 0.275785 0.0271186 0.998938 0 0.632422 0 
1 1 0 0.356965 0.356965 957.815 0.273758 0.0269258 0.273758 0.0269258 0.999961 0 0.632478 0 
2 1 0 0.356876 0.356876 957.815 0.263806 0.0259469 0.263806 0.0259469 1.00503 0 0.632667 0 
2 1 0 0.356594 0.356594 957.815 0.253863 0.0249156 0.253863 0.0249156 1.0102 0 0.632694 0 
2 1 0 0.356099 0.356099 957.815 0.243934 0.0238332 0.243934 0.0238332 1.01551 0 0.632542 0 
2 1 0 0.355367 0.355367 957.815 0.234026 0.0227017 0.234026 0.0227017 1.02098 0 0.632188 0 
2 1 0 0.35437 0.35437 957.815 0.224145 0.0215236 0.224145 0.0215236 1.02666 0 0.631609 0 
2 1 0 0.353077 0.353077 957.815 0.214305 0.0203022 0.214305 0.0203022 1.0326 0 0.630777 0 
2 1 0 0.351448 0.351448 957.815 0.204519 0.0190421 0.204519 0.0190421 1.03886 0 0.62966 0 
2 1 0 0.349443 0.349443 957.815 0.194808 0.0177491 0.194808 0.0177491 1.04552 0 0.628223 0 
2 1 0 0.347015 0.347015 957.815 0.185197 0.0164306 0.185197 0.0164306 1.05265 0 0.626427 0 
2 1 0 0.344111 0.344111 957.815 0.175722 0.0150963 0.175722 0.0150963 1.06034 0 0.624232 0 
2 1 0 0.340679 0.340679 957.815 0.166425 0.0137582 0.166425 0.0137582 1.06872 0 0.621596 0 
2 1 0 0.336669 0.336669 957.815 0.157361 0.012431 0.157361 0.012431 1.07788 0 0.618482 0 
2 1 0 0.332037 0.332037 957.815 0.148594 0.0111314 0.148594 0.0111314 1.08797 0 0.614863 0 
2 1 0 0.326758 0.326758 957.815 0.140194 0.00987797 0.140194 0.00987797 1.0991 0 0.610722 0 
2 1 0 0.320825 0.320825 957.815 0.132232 0.00868905 0.132232 0.00868905 1.11137 0 0.606067 0 
2 1 0 0.314261 0.314261 957.815 0.12477 0.00758099 0.12477 0.00758099 1.12489 0 0.600924 0 
2 1 0 0.307111 0.307111 957.815 0.117852 0.00656608 0.117852 0.00656608 1.1397 0 0.595341 0 
2 1 0 0.299441 0.299441 957.815 0.111501 0.00565128 0.111501 0.00565128 1.15586 0 0.589379 0 
2 1 0 0.291326 0.291326 957.815 0.105715 0.0048381 0.105715 0.0048381 1.1734 0 0.583105 0 
2 1 0 0.282841 0.282841 957.815 0.100472 0.00412337 0.100472 0.00412337 1.19234 0 0.576582 0 
2 1 0 0.274055 0.274055 957.815 0.0957361 0.00350069 0.0957361 0.00350069 1.2127 0 0.569869 0 
2 1 0 0.265029 0.265029 957.815 0.091465 0.00296175 0.091465 0.00296175 1.2345 0 0.563012 0 
2 1 0 0.255813 0.255813 957.815 0.0876126 0.00249757 0.0876126 0.00249757 1.25779 0 0.556049 0 
2 1 0 0.246446 0.246446 957.815 0.0841342 0.00209921 0.0841342 0.00209921 1.2826 0 0.549009 0 
2 1 0 0.23696 0.23696 957.815 0.0809878 0.00175829 0.0809878 0.00175829 1.309 0 0.541914 0 
2 1 0 0.22738 0.22738 957.815 0.0781356 0.00146722 0.0781356 0.00146722 1.33704 0 0.53478 0 
2 1 0 0.217724 0.217724 957.815 0.0755438 0.00121922 0.0755438 0.00121922 1.36679 0 0.527617 0 
2 1 0 0.20801 0.20801 957.815 0.0731826 0.00100839 0.0731826 0.00100839 1.39834 0 0.520433 0 
2 1 0 0.198246 0.198246 957.815 0.071026 0.000829574 0.071026 0.000829574 1.43178 0 0.513235 0 
2 1 0 0.188445 0.188445 957.815 0.0690515 0.00067833 0.0690515 0.00067833 1.46719 0 0.506025 0 
2 1 0 0.178611 0.178611 957.815 0.0672393 0.000550816 0.0672393 0.000550816 1.50468 0 0.498805 0 
2 1 0 0.168751 0.168751 957.815 0.0655722 0.00044372 0.0655722 0.00044372 1.54436 0 0.491578 0 
2 1 0 0.158871 0.158871 957.815 0.0640354 0.000354183 0.0640354 0.000354183 1.58636 0 0.484343 0 
2 1 0 0.148972 0.148972 957.815 0.0626157 0.000279735 0.0626157 0.000279735 1.6308 0 0.477101 0 
2 1 0 0.139059 0.139059 957.815 0.0613016 0.000218233 0.0613016 0.000218233 1.67782 0 0.469851 0 
2 1 0 0.129133 0.129133 957.815 0.060083 0.000167826 0.060083 0.000167826 1.72758 0 0.462595 0 
2 1 0 0.119197 0.119197 957.815 0.0589512 0.000126899 0.0589512 0.000126899 1.78024 0 0.45533 0 
2 1 0 0.109252 0.109252 957.815 0.0578983 9.40434e-05 0.0578983 9.40434e-05 1.83596 0 0.448057 0 
2 1 0 0.0993 0.0993 957.815 0.0569174 6.80289e-05 0.0569174 6.80289e-05 1.89494 0 0.440776 0 
2 1 0 0.0893417 0.0893417 957.815 0.0560022 4.77768e-05 0.0560022 4.77768e-05 1.95738 0 0.433487 0 
2 1 0 0.0793782 0.0793782 957.815 0.0551472 3.23402e-05 0.0551472 3.23402e-05 2.02348 0 0.426189 0 
2 1 0 0.0694101 0.0694101 957.815 0.0543475 2.08856e-05 0.0543475 2.08856e-05 2.09349 0 0.418883 0 
2 1 0 0.059438 0.059438 957.815 0.0535987 1.26777e-05 0.0535987 1.26777e-05 2.16765 0 0.411568 0 
2 1 0 0.0494626 0.0494626 957.815 0.0528968 7.06742e-06 0.0528968 7.06742e-06 2.24624 0 0.404246 0 
2 1 0 0.0394842 0.0394842 957.815 0.0522383 3.47996e-06 0.0522383 3.47996e-06 2.32953 0 0.396916 0 
2 1 0 0.0295032 0.0295032 957.815 0.0516199 1.40625e-06 0.0516199 1.40625e-06 2.41785 0 0.389581 0 
2 1 0 0.0195201 0.0195201 957.815 0.0510387 3.94734e-07 0.0510387 3.94734e-07 2.51152 0 0.38224 0 
2 1 0 0.00953495 0.00953495 957.815 0.050492 4.46155e-08 0.050492 4.46155e-08 2.61091 0 0.374895 0 
2 1 0 -0.000451851 -0.000451851 957.815 0.0499774 -3.56833e-12 0.0499774 -3.56833e-12 2.71641 0 0.367547 0 
1 1 0 0 0 0 -1 1.76746e-08 -1 1.76746e-08 2.71641 0 0.367547 0 
1 1 0 0.00180438 0.00180438 0 -0.999137 -5.89083e-09 -0.999137 -5.89083e-09 0.124279 0 0.369207 0 
1 1 0 0.00360607 0.00360607 0 -0.998269 -4.715e-08 -0.998269 -4.715e-08 0.12612 0 0.370533 0 
1 1 0 0.00720124 0.00720124 0 -0.996515 -3.7754e-07 -0.996515 -3.7754e-07 0.129854 0 0.373178 0 
1 1 0 0.014358 0.014358 0 -0.99294 -3.02476e-06 -0.99294 -3.02476e-06 0.137532 0 0.378442 0 
1 1 0 0.0232385 0.0232385 0 -0.98834 -1.29937e-05 -0.98834 -1.29937e-05 0.147521 0 0.38497 0 
1 1 0 0.032042 0.032042 0 -0.983594 -3.44996e-05 -0.983594 -3.44996e-05 0.157938 0 0.391435 0 
1 1 0 0.040764 0.040764 0 -0.978699 -7.19264e-05 -0.978699 -7.19264e-05 0.168773 0 0.397832 0 
1 1 0 0.0494004 0.0494004 0 -0.973656 -0.000129568 -0.973656 -0.000129568 0.180014 0 0.404155 0 
1 1 0 0.057947 0.057947 0 -0.968461 -0.000211586 -0.968461 -0.000211586 0.191646 0 0.410401 0 
1 1 0 0.0663995 0.0663995 0 -0.963116 -0.000321969 -0.963116 -0.000321969 0.203652 0 0.416564 0 
1 1 0 0.0747537 0.0747537 0 -0.957618 -0.000464487 -0.957618 -0.000464487 0.216012 0 0.42264 0 
1 1 0 0.0830056 0.0830056 0 -0.95197 -0.000642656 -0.95197 -0.000642656 0.228705 0 0.428626 0 
1 1 0 0.0911513 0.0911513 0 -0.94617 -0.000859697 -0.94617 -0.000859697 0.241705 0 0.434518 0 
1 1 0 0.0991854 0.0991854 0 -0.940221 -0.00111845 -0.940221 -0.00111845 0.254985 0 0.440312 0 
1 1 0 0.107106 0.107106 0 -0.934124 -0.00142149 -0.934124 -0.00142149 0.26852 0 0.446005 0 
1 1 0 0.114909 0.114909 0 -0.927881 -0.00177098 -0.927881 -0.00177098 0.28228 0 0.451596 0 
1 1 0 0.122593 0.122593 0 -0.921493 -0.00216865 -0.921493 -0.00216865 0.296236 0 0.457082 0 
1 1 0 0.130154 0.130154 0 -0.914963 -0.00261587 -0.914963 -0.00261587 0.310357 0 0.462461 0 
1 1 0 0.137589 0.137589 0 -0.908295 -0.00311354 -0.908295 -0.00311354 0.324613 0 0.467733 0 
1 1 0 0.144897 0.144897 0 -0.901491 -0.0036622 -0.901491 -0.0036622 0.338974 0 0.472895 0 
1 1 0 0.152076 0.152076 0 -0.894555 -0.00426193 -0.894555 -0.00426193 0.353409 0 0.477947 0 
1 1 0 0.159125 0.159125 0 -0.887492 -0.00491245 -0.887492 -0.00491245 0.36789 0 0.482888 0 
1 1 0 0.166042 0.166042 0 -0.880304 -0.0056131 -0.880304 -0.0056131 0.382387 0 0.487719 0 
1 1 0 0.172827 0.172827 0 -0.872997 -0.00636287 -0.872997 -0.00636287 0.396875 0 0.492436 0 
1 1 0 0.179481 0.179481 0 -0.865574 -0.00716041 -0.865574 -0.00716041 0.41133 0 0.497041 0 
1 1 0 0.186002 0.186002 0 -0.85804 -0.00800411 -0.85804 -0.00800411 0.42573 0 0.501529 0 
1 1 0 0.192392 0.192392 0 -0.8504 -0.00889206 -0.8504 -0.00889206 0.440057 0 0.505897 0 
1 1 0 0.198652 0.198652 0 -0.842657 -0.00982215 -0.842657 -0.00982215 0.454301 0 0.510136 0 
1 1 0 0.204783 0.204783 0 -0.834816 -0.0107921 -0.834816 -0.0107921 0.46846 0 0.514229 0 
1 1 0 0.210785 0.210785 0 -0.826882 -0.0117993 -0.826882 -0.0117993 0.482559 0 0.518135 0 
1 1 0 0.216661 0.216661 0 -0.818858 -0.0128413 -0.818858 -0.0128413 0.496691 0 0.521748 0 
1 1 0 0.222414 0.222414 0 -0.810749 -0.0139154 -0.810749 -0.0139154 0.511296 0 0.524614 0 
1 1 0 0.228044 0.228044 693.054 -0.802557 -0.0150188 -0.802557 -0.0150188 0.52655 0.00477381 0.52655 -0.00477381 
1 1 0 0.233555 0.233555 495.539 -0.794288 -0.0161486 -0.794288 -0.0161486 0.534999 0.00678389 0.534999 -0.00678389 
1 1 0 0.238948 0.238948 654.457 -0.785945 -0.017302 -0.785945 -0.017302 0.543298 0.00521616 0.543298 -0.00521616 
1 1 0 0.244226 0.244226 654.457 -0.777532 -0.018476 -0.777532 -0.018476 0.557066 0 0.545824 0 
1 1 0 0.249392 0.249392 654.457 -0.769052 -0.0196679 -0.769052 -0.0196679 0.57076 0 0.548116 0 
1 1 0 0.254448 0.254448 654.457 -0.760508 -0.0208747 -0.760508 -0.0208747 0.583406 0 0.551142 0 
1 1 0 0.259397 0.259397 654.457 -0.751904 -0.0220937 -0.751904 -0.0220937 0.595578 0 0.55433 0 
1 1 0 0.264242 0.264242 654.457 -0.743242 -0.0233222 -0.743242 -0.0233222 0.607398 0 0.557556 0 
1 1 0 0.268986 0.268986 654.457 -0.734525 -0.0245575 -0.734525 -0.0245575 0.618909 0 0.560777 0 
1 1 0 0.273631 0.273631 654.457 -0.725756 -0.025797 -0.725756 -0.025797 0.630132 0 0.563974 0 
1 1 0 0.27818 0.27818 654.457 -0.716937 -0.0270381 -0.716937 -0.0270381 0.641078 0 0.567138 0 
1 1 0 0.282637 0.282637 654.457 -0.70807 -0.0282783 -0.70807 -0.0282783 0.651753 0 0.570266 0 
1 1 0 0.287003 0.287003 654.457 -0.699159 -0.0295154 -0.699159 -0.0295154 0.662161 0 0.573356 0 
1 1 0 0.291282 0.291282 654.457 -0.690204 -0.0307469 -0.690204 -0.0307469 0.672306 0 0.576408 0 
1 1 0 0.295476 0.295476 654.457 -0.681209 -0.0319708 -0.681209 -0.0319708 0.682193 0 0.579423 0 
1 1 0 0.299588 0.299588 654.457 -0.672174 -0.0331848 -0.672174 -0.0331848 0.691824 0 0.582402 0 
1 1 0 0.303621 0.303621 654.457 -0.663102 -0.0343869 -0.663102 -0.0343869 0.701202 0 0.585346 0 
1 1 0 0.307576 0.307576 654.457 -0.653995 -0.0355752 -0.653995 -0.0355752 0.710332 0 0.588258 0 
1 1 0 0.311458 0.311458 654.457 -0.644853 -0.0367478 -0.644853 -0.0367478 0.719217 0 0.591139 0 
1 1 0 0.315267 0.315267 654.457 -0.635679 -0.0379028 -0.635679 -0.0379028 0.727861 0 0.59399 0 
1 1 0 0.319007 0.319007 654.457 -0.626474 -0.0390386 -0.626474 -0.0390386 0.736266 0 0.596815 0 
1 1 0 0.32268 0.32268 654.457 -0.61724 -0.0401536 -0.61724 -0.0401536 0.744438 0 0.599614 0 
1 1 0 0.326288 0.326288 654.457 -0.607977 -0.041246 -0.607977 -0.041246 0.752381 0 0.602391 0 
1 1 0 0.329833 0.329833 654.457 -0.598688 -0.0423145 -0.598688 -0.0423145 0.760097 0 0.605145 0 
1 1 0 0.333318 0.333318 654.457 -0.589373 -0.0433577 -0.589373 -0.0433577 0.767592 0 0.60788 0 
1 1 0 0.336745 0.336745 654.457 -0.580033 -0.044374 -0.580033 -0.044374 0.774869 0 0.610598 0 
1 1 0 0.340116 0.340116 654.457 -0.57067 -0.0453623 -0.57067 -0.0453623 0.781933 0 0.6133 0 
1 1 0 0.343433 0.343433 654.457 -0.561285 -0.0463213 -0.561285 -0.0463213 0.788787 0 0.615988 0 
1 1 0 0.346698 0.346698 654.457 -0.551879 -0.0472498 -0.551879 -0.0472498 0.795436 0 0.618664 0 
1 1 0 0.349913 0.349913 654.457 -0.542452 -0.0481467 -0.542452 -0.0481467 0.801883 0 0.62133 0 
1 1 0 0.35308 0.35308 654.457 -0.533006 -0.0490109 -0.533006 -0.0490109 0.808132 0 0.623988 0 
1 1 0 0.356202 0.356202 654.457 -0.523542 -0.0498413 -0.523542 -0.0498413 0.814188 0 0.626639 0 
1 1 0 0.35928 0.35928 654.457 -0.51406 -0.0506371 -0.51406 -0.0506371 0.820054 0 0.629286 0 
1 1 0 0.362315 0.362315 654.457 -0.504563 -0.0513972 -0.504563 -0.0513972 0.825733 0 0.631931 0 
1 1 0 0.365311 0.365311 654.457 -0.495049 -0.0521208 -0.495049 -0.0521208 0.831229 0 0.634574 0 
1 1 0 0.368268 0.368268 654.457 -0.485521 -0.052807 -0.485521 -0.052807 0.836547 0 0.637219 0 
1 1 0 0.37119 0.37119 654.457 -0.475979 -0.0534551 -0.475979 -0.0534551 0.841688 0 0.639868 0 
1 1 0 0.374077 0.374077 654.457 -0.466424 -0.0540642 -0.466424 -0.0540642 0.846656 0 0.642521 0 
1 1 0 0.376932 0.376932 654.457 -0.456857 -0.0546336 -0.456857 -0.0546336 0.851455 0 0.645183 0 
1 1 0 0.379756 0.379756 654.457 -0.447279 -0.0551627 -0.447279 -0.0551627 0.856086 0 0.647854 0 
1 1 0 0.382552 0.382552 654.457 -0.43769 -0.0556507 -0.43769 -0.0556507 0.860554 0 0.650537 0 
1 1 0 0.385322 0.385322 654.457 -0.428091 -0.0560972 -0.428091 -0.0560972 0.86486 0 0.653235 0 
1 1 0 0.388067 0.388067 654.457 -0.418484 -0.0565013 -0.418484 -0.0565013 0.869008 0 0.65595 0 
1 1 0 0.39079 0.39079 654.457 -0.408868 -0.0568627 -0.408868 -0.0568627 0.872998 0 0.658684 0 
1 1 0 0.393494 0.393494 654.457 -0.399246 -0.0571808 -0.399246 -0.0571808 0.876834 0 0.661442 0 
1 1 0 0.396179 0.396179 654.457 -0.389617 -0.057455 -0.389617 -0.057455 0.880517 0 0.664225 0 
1 1 0 0.398849 0.398849 654.457 -0.379982 -0.0576849 -0.379982 -0.0576849 0.884049 0 0.667037 0 
1 1 0 0.401505 0.401505 654.457 -0.370343 -0.0578701 -0.370343 -0.0578701 0.88743 0 0.669881 0 
1 1 0 0.404151 0.404151 654.457 -0.360701 -0.0580101 -0.360701 -0.0580101 0.890664 0 0.672763 0 
1 1 0 0.406789 0.406789 654.457 -0.351055 -0.0581046 -0.351055 -0.0581046 0.893749 0 0.675684 0 
1 1 0 0.409422 0.409422 654.457 -0.341408 -0.0581532 -0.341408 -0.0581532 0.896687 0 0.678651 0 
1 1 0 0.412053 0.412053 654.457 -0.33176 -0.0581555 -0.33176 -0.0581555 0.899478 0 0.681668 0 
1 1 0 0.414685 0.414685 654.457 -0.322113 -0.0581114 -0.322113 -0.0581114 0.902121 0 0.684741 0 
1 1 0 0.417321 0.417321 654.457 -0.312467 -0.0580204 -0.312467 -0.0580204 0.904616 0 0.687876 0 
1 1 0 0.419965 0.419965 654.457 -0.302824 -0.0578824 -0.302824 -0.0578824 0.906962 0 0.69108 0 
1 1 0 0.42262 0.42262 654.457 -0.293184 -0.0576971 -0.293184 -0.0576971 0.909157 0 0.694361 0 
1 1 0 0.425292 0.425292 654.457 -0.28355 -0.0574643 -0.28355 -0.0574643 0.911199 0 0.697726 0 
1 1 0 0.427983 0.427983 654.457 -0.273923 -0.057184 -0.273923 -0.057184 0.913084 0 0.701187 0 
1 1 0 0.4307 0.4307 654.457 -0.264305 -0.0568558 -0.264305 -0.0568558 0.914808 0 0.704753 0 
1 1 0 0.433448 0.433448 654.457 -0.254697 -0.0564798 -0.254697 -0.0564798 0.916367 0 0.708439 0 
1 1 0 0.436232 0.436232 654.457 -0.245102 -0.0560559 -0.245102 -0.0560559 0.917754 0 0.712258 0 
1 1 0 0.439059 0.439059 654.457 -0.235521 -0.0555839 -0.235521 -0.0555839 0.918961 0 0.716227 0 
1 1 0 0.441935 0.441935 654.457 -0.225957 -0.0550638 -0.225957 -0.0550638 0.919979 0 0.720366 0 
1 1 0 0.444869 0.444869 654.457 -0.216414 -0.0544955 -0.216414 -0.0544955 0.920794 0 0.724698 0 
1 1 0 0.447869 0.447869 654.457 -0.206894 -0.0538791 -0.206894 -0.0538791 0.921392 0 0.72925 0 
1 1 0 0.450943 0.450943 654.457 -0.197401 -0.0532144 -0.197401 -0.0532144 0.921753 0 0.734055 0 
1 1 0 0.454103 0.454103 654.457 -0.18794 -0.0525014 -0.18794 -0.0525014 0.921854 0 0.739153 0 
1 1 0 0.457359 0.457359 654.457 -0.178515 -0.0517398 -0.178515 -0.0517398 0.921662 0 0.74459 0 
1 1 0 0.460723 0.460723 654.457 -0.169132 -0.0509295 -0.169132 -0.0509295 0.921137 0 0.750429 0 
1 1 0 0.464208 0.464208 654.457 -0.159797 -0.05007 -0.159797 -0.05007 0.920224 0 0.756744 0 
1 1 0 0.46783 0.46783 654.457 -0.150519 -0.0491609 -0.150519 -0.0491609 0.918848 0 0.763636 0 
1 1 0 0.471603 0.471603 654.457 -0.141308 -0.0482014 -0.141308 -0.0482014 0.9169 0 0.77124 0 
1 1 0 0.475545 0.475545 654.457 -0.132173 -0.0471903 -0.132173 -0.0471903 0.91422 0 0.779749 0 
1 1 0 0.479672 0.479672 654.457 -0.123127 -0.0461261 -0.123127 -0.0461261 0.910547 0 0.789459 0 
1 1 0 0.484005 0.484005 654.457 -0.114185 -0.0450065 -0.114185 -0.0450065 0.905414 0 0.800876 0 
1 1 0 0.488562 0.488562 654.457 -0.105361 -0.0438288 -0.105361 -0.0438288 0.897809 0 0.815058 0 
1 1 0 0.493363 0.493363 654.457 -0.0966774 -0.0425894 -0.0966774 -0.0425894 0.884306 0 0.835482 0 
1 1 0 0.498428 0.498428 216.802 -0.0881547 -0.0412837 -0.0881547 -0.0412837 0.863553 0.0250339 0.863553 -0.0250339 
1 1 0 0.503778 0.503778 122.956 -0.0798187 -0.0399063 -0.0798187 -0.0399063 0.867442 0.0443658 0.867442 -0.0443658 
1 1 0 0.50943 0.50943 93.4661 -0.0716985 -0.038451 -0.0716985 -0.038451 0.871592 0.0586805 0.871592 -0.0586805 
1 1 0 0.515402 0.515402 77.4821 -0.0638269 -0.0369111 -0.0638269 -0.0369111 0.87604 0.071196 0.87604 -0.071196 
1 1 0 0.521711 0.521711 66.9934 -0.0562415 -0.0352799 -0.0562415 -0.0352799 0.880821 0.0828536 0.880821 -0.0828536 
1 1 0 0.52837 0.52837 59.3801 -0.048984 -0.0335519 -0.048984 -0.0335519 0.885974 0.0940989 0.885974 -0.0940989 
1 1 0 0.53539 0.53539 53.4957 -0.042101 -0.0317241 -0.042101 -0.0317241 0.891537 0.105197 0.891537 -0.105197 
1 1 0 0.542778 0.542778 48.7481 -0.0356432 -0.0297978 -0.0356432 -0.0297978 0.897548 0.116331 0.897548 -0.116331 
1 1 0 0.550535 0.550535 44.7969 -0.029663 -0.0277807 -0.029663 -0.0277807 0.904041 0.127638 0.904041 -0.127638 
1 1 0 0.558653 0.558653 41.4317 -0.024212 -0.0256885 -0.024212 -0.0256885 0.911045 0.139231 0.911045 -0.139231 
1 1 0 0.567116 0.567116 38.5151 -0.0193346 -0.023546 -0.0193346 -0.023546 0.918582 0.151197 0.918582 -0.151197 
1 1 0 0.575896 0.575896 35.9538 -0.0150619 -0.0213861 -0.0150619 -0.0213861 0.926662 0.16361 0.926662 -0.16361 
1 1 0 0.584954 0.584954 33.6818 -0.0114052 -0.0192474 -0.0114052 -0.0192474 0.935287 0.176526 0.935287 -0.176526 
1 1 0 0.594248 0.594248 31.6507 -0.00835225 -0.01717 -0.00835225 -0.01717 0.944452 0.189991 0.944452 -0.189991 
1 1 0 0.603729 0.603729 29.8235 -0.00586744 -0.0151905 -0.00586744 -0.0151905 0.954142 0.204045 0.954142 -0.204045 
1 1 0 0.613357 0.613357 28.1707 -0.00389645 -0.0133381 -0.00389645 -0.0133381 0.964345 0.218727 0.964345 -0.218727 
1 1 0 0.621177 0.621177 26.9516 -0.00264084 -0.0119562 -0.00264084 -0.0119562 0.972905 0.231013 0.972905 -0.231013 
2 1 0 0.63097 0.63097 25.5556 -0.00142653 -0.0103777 -0.00142653 -0.0103777 0.984001 0.246925 0.984001 -0.246925 
2 1 0 0.640828 0.640828 24.2744 -0.000534557 -0.00895975 -0.000534557 -0.00895975 0.995581 0.26361 0.995581 -0.26361 
2 1 0 0.650728 0.650728 23.0943 9.88812e-05 -0.00769959 9.88812e-05 -0.00769959 1.00764 0.281116 1.00764 -0.281116 
2 1 0 0.660657 0.660657 22.0026 0.0005298 -0.00658955 0.0005298 -0.00658955 1.02017 0.299511 1.02017 -0.299511 
2 1 0 0.670606 0.670606 20.989 0.000805547 -0.00561893 0.000805547 -0.00561893 1.03317 0.318866 1.03317 -0.318866 
2 1 0 0.680569 0.680569 20.0447 0.000964979 -0.00477535 0.000964979 -0.00477535 1.04663 0.339258 1.04663 -0.339258 
2 1 0 0.690542 0.690542 19.1623 0.00103923 -0.00404589 0.00103923 -0.00404589 1.06054 0.360767 1.06054 -0.360767 
2 1 0 0.700523 0.700523 18.3356 0.00105276 -0.00341778 0.00105276 -0.00341778 1.07491 0.383476 1.07491 -0.383476 
2 1 0 0.710509 0.710509 17.5591 0.00102444 -0.00287883 0.00102444 -0.00287883 1.08971 0.407474 1.08971 -0.407474 
2 1 0 0.720498 0.720498 16.8286 0.000968588 -0.00241784 0.000968588 -0.00241784 1.10495 0.432851 1.10495 -0.432851 
2 1 0 0.73049 0.73049 16.1399 0.000895893 -0.0020246 0.000895893 -0.0020246 1.1206 0.459704 1.1206 -0.459704 
2 1 0 0.740485 0.740485 15.4898 0.000814204 -0.00168997 0.000814204 -0.00168997 1.13665 0.488133 1.13665 -0.488133 
2 1 0 0.75048 0.75048 14.8752 0.000729156 -0.0014059 0.000729156 -0.0014059 1.15307 0.518243 1.15307 -0.518243 
2 1 0 0.760477 0.760477 14.2935 0.000644702 -0.00116528 0.000644702 -0.00116528 1.16985 0.550147 1.16985 -0.550147 
2 1 0 0.770475 0.770475 13.7423 0.000563516 -0.000961955 0.000563516 -0.000961955 1.18695 0.583963 1.18695 -0.583963 
2 1 0 0.780473 0.780473 13.2195 0.000487325 -0.00079056 0.000487325 -0.00079056 1.20435 0.619813 1.20435 -0.619813 
2 1 0 0.790472 0.790472 12.7232 0.000417154 -0.000646469 0.000417154 -0.000646469 1.222 0.657832 1.222 -0.657832 
2 1 0 0.800471 0.800471 12.2517 0.000353518 -0.00052569 0.000353518 -0.00052569 1.23985 0.698157 1.23985 -0.698157 
2 1 0 0.81047 0.81047 11.8033 0.000296569 -0.000424789 0.000296569 -0.000424789 1.25787 0.740936 1.25787 -0.740936 
2 1 0 0.82047 0.82047 11.3767 0.000246207 -0.000340813 0.000246207 -0.000340813 1.27598 0.786326 1.27598 -0.786326 
2 1 0 0.83047 0.83047 10.9705 0.000202159 -0.000271228 0.000202159 -0.000271228 1.29411 0.834491 1.29411 -0.834491 
2 1 0 0.840469 0.840469 10.5834 0.000164041 -0.000213858 0.000164041 -0.000213858 1.3122 0.885609 1.3122 -0.885609 
2 1 0 0.850469 0.850469 10.2143 0.000131403 -0.000166836 0.000131403 -0.000166836 1.33014 0.939863 1.33014 -0.939863 
2 1 0 0.860469 0.860469 9.8623 0.000103763 -0.00012856 0.000103763 -0.00012856 1.34785 0.997452 1.34785 -0.997452 
2 1 0 0.870469 0.870469 9.52626 8.06258e-05 -9.76537e-05 8.06258e-05 -9.76537e-05 1.36519 1.05858 1.36519 -1.05858 
2 1 0 0.880469 0.880469 9.20532 6.15015e-05 -7.29369e-05 6.15015e-05 -7.29369e-05 1.38205 1.12347 1.38205 -1.12347 
2 1 0 0.890469 0.890469 8.89865 4.59168e-05 -5.33956e-05 4.59168e-05 -5.33956e-05 1.39827 1.19236 1.39827 -1.19236 
2 1 0 0.900469 0.900469 8.60546 3.34214e-05 -3.81588e-05 3.34214e-05 -3.81588e-05 1.41368 1.26548 1.41368 -1.26548 
2 1 0 0.910469 0.910469 8.32501 2.35923e-05 -2.64782e-05 2.35923e-05 -2.64782e-05 1.4281 1.34311 1.4281 -1.34311 
2 1 0 0.920469 0.920469 8.05661 1.60364e-05 -1.77107e-05 1.60364e-05 -1.77107e-05 1.44132 1.4255 1.44132 -1.4255 
2 1 0 0.930469 0.930469 7.79964 1.03909e-05 -1.13036e-05 1.03909e-05 -1.13036e-05 1.4531 1.51295 1.4531 -1.51295 
2 1 0 0.940469 0.940469 7.55347 6.32363e-06 -6.78187e-06 6.32363e-06 -6.78187e-06 1.46316 1.60575 1.46316 -1.60575 
2 1 0 0.950469 0.950469 7.31756 3.53187e-06 -3.73733e-06 3.53187e-06 -3.73733e-06 1.47122 1.70423 1.47122 -1.70423 
2 1 0 0.960469 0.960469 7.09137 1.74124e-06 -1.81933e-06 1.74124e-06 -1.81933e-06 1.47694 1.80871 1.47694 -1.80871 
2 1 0 0.970469 0.970469 6.8744 7.04045e-07 -7.26857e-07 7.04045e-07 -7.26857e-07 1.47994 1.91953 1.47994 -1.91953 
2 1 0 0.980469 0.980469 6.6662 1.97571e-07 -2.0167e-07 1.97571e-07 -2.0167e-07 1.4798 2.03706 1.4798 -2.03706 
2 1 0 0.990469 0.990469 6.46632 2.22753e-08 -2.2494e-08 2.22753e-08 -2.2494e-08 1.47607 2.16166 1.47607 -2.16166 
2 1 0 1.00047 1.00047 6.27435 -2.57433e-12 2.53876e-12 -2.57433e-12 2.53876e-12 1.46823 2.29372 1.46823 -2.29372 
