2 1 0 0 0 0 0 0 0 0 0.0377587 0 -0.00640879 0 
2 1 0 0.001 0.001 0 0 0 0 0 2.70745 0 0.369352 0 
2 1 0 0.002 0.002 0 0 0 0 0 2.69669 0 0.370825 0 
2 1 0 0.004 0.004 0 0 0 0 0 2.67539 0 0.373777 0 
2 1 0 0.008 0.008 0 0 0 0 0 2.63368 0 0.379697 0 
2 1 0 0.013 0.013 0 0 0 0 0 2.58314 0 0.387126 0 
2 1 0 0.018 0.018 0 0 0 0 0 2.53431 0 0.394585 0 
2 1 0 0.023 0.023 0 0 0 0 0 2.48712 0 0.402072 0 
2 1 0 0.028 0.028 0 0 0 0 0 2.44151 0 0.409583 0 
2 1 0 0.033 0.033 0 0 0 0 0 2.39742 0 0.417116 0 
2 1 0 0.038 0.038 0 0 0 0 0 2.35478 0 0.424669 0 
2 1 0 0.043 0.043 0 0 0 0 0 2.31355 0 0.432239 0 
2 1 0 0.048 0.048 0 0 0 0 0 2.27366 0 0.439824 0 
2 1 0 0.053 0.053 0 0 0 0 0 2.23507 0 0.44742 0 
2 1 0 0.058 0.058 0 0 0 0 0 2.19773 0 0.455025 0 
2 1 0 0.063 0.063 0 0 0 0 0 2.16159 0 0.462636 0 
2 1 0 0.068 0.068 0 0 0 0 0 2.12661 0 0.470252 0 
2 1 0 0.073 0.073 0 0 0 0 0 2.09274 0 0.477869 0 
2 1 0 0.078 0.078 0 0 0 0 0 2.05995 0 0.485486 0 
2 1 0 0.083 0.083 0 0 0 0 0 2.02819 0 0.493098 0 
2 1 0 0.088 0.088 0 0 0 0 0 1.99742 0 0.500705 0 
2 1 0 0.093 0.093 0 0 0 0 0 1.96762 0 0.508304 0 
2 1 0 0.098 0.098 0 0 0 0 0 1.93875 0 0.515891 0 
2 1 0 0.103 0.103 0 0 0 0 0 1.91077 0 0.523466 0 
2 1 0 0.108 0.108 0 0 0 0 0 1.88366 0 0.531026 0 
2 1 0 0.113 0.113 0 0 0 0 0 1.85738 0 0.538568 0 
2 1 0 0.118 0.118 0 0 0 0 0 1.83191 0 0.54609 0 
2 1 0 0.123 0.123 0 0 0 0 0 1.80722 0 0.55359 0 
2 1 0 0.128 0.128 0 0 0 0 0 1.78328 0 0.561067 0 
2 1 0 0.133 0.133 0 0 0 0 0 1.76006 0 0.568517 0 
2 1 0 0.138 0.138 0 0 0 0 0 1.73755 0 0.57594 0 
2 1 0 0.143 0.143 0 0 0 0 0 1.71572 0 0.583333 0 
2 1 0 0.148 0.148 0 0 0 0 0 1.69455 0 0.590694 0 
2 1 0 0.153 0.153 0 0 0 0 0 1.67401 0 0.598022 0 
2 1 0 0.158 0.158 0 0 0 0 0 1.65409 0 0.605315 0 
2 1 0 0.163 0.163 0 0 0 0 0 1.63477 0 0.612571 0 
2 1 0 0.168 0.168 0 0 0 0 0 1.61603 0 0.619789 0 
2 1 0 0.173 0.173 0 0 0 0 0 1.59784 0 0.626966 0 
2 1 0 0.178 0.178 0 0 0 0 0 1.5802 0 0.634103 0 
2 1 0 0.183 0.183 0 0 0 0 0 1.56309 0 0.641197 0 
2 1 0 0.188 0.188 0 0 0 0 0 1.54648 0 0.648247 0 
2 1 0 0.193 0.193 0 0 0 0 0 1.53037 0 0.655252 0 
2 1 0 0.198 0.198 0 0 0 0 0 1.51474 0 0.662211 0 
2 1 0 0.203 0.203 0 0 0 0 0 1.49958 0 0.669122 0 
2 1 0 0.208 0.208 0 0 0 0 0 1.48487 0 0.675985 0 
2 1 0 0.213 0.213 0 0 0 0 0 1.4706 0 0.682799 0 
2 1 0 0.218 0.218 0 0 0 0 0 1.45676 0 0.689564 0 
2 1 0 0.223 0.223 0 0 0 0 0 1.44333 0 0.696277 0 
2 1 0 0.228 0.228 0 0 0 0 0 1.43031 0 0.70294 0 
2 1 0 0.233 0.233 0 0 0 0 0 1.41768 0 0.70955 0 
2 1 0 0.238 0.238 0 0 0 0 0 1.40543 0 0.716108 0 
2 1 0 0.243 0.243 0 0 0 0 0 1.39355 0 0.722614 0 
2 1 0 0.248 0.248 0 0 0 0 0 1.38203 0 0.729067 0 
2 1 0 0.253 0.253 0 0 0 0 0 1.37087 0 0.735467 0 
2 1 0 0.258 0.258 0 0 0 0 0 1.36005 0 0.741813 0 
2 1 0 0.263 0.263 0 0 0 0 0 1.34956 0 0.748107 0 
2 1 0 0.268 0.268 0 0 0 0 0 1.3394 0 0.754347 0 
2 1 0 0.273 0.273 0 0 0 0 0 1.32955 0 0.760535 0 
2 1 0 0.278 0.278 0 0 0 0 0 1.32002 0 0.76667 0 
2 1 0 0.283 0.283 0 0 0 0 0 1.31078 0 0.772753 0 
2 1 0 0.288 0.288 0 0 0 0 0 1.30184 0 0.778785 0 
2 1 0 0.293 0.293 0 0 0 0 0 1.29319 0 0.784766 0 
2 1 0 0.298 0.298 0 0 0 0 0 1.28481 0 0.790696 0 
2 1 0 0.303 0.303 0 0 0 0 0 1.27671 0 0.796577 0 
2 1 0 0.308 0.308 0 0 0 0 0 1.26888 0 0.802411 0 
2 1 0 0.313 0.313 0 0 0 0 0 1.2613 0 0.808197 0 
2 1 0 0.318 0.318 0 0 0 0 0 1.25398 0 0.813937 0 
2 1 0 0.323 0.323 0 0 0 0 0 1.24691 0 0.819633 0 
2 1 0 0.328 0.328 0 0 0 0 0 1.24008 0 0.825286 0 
2 1 0 0.333 0.333 0 0 0 0 0 1.23348 0 0.830899 0 
2 1 0 0.338 0.338 0 0 0 0 0 1.22711 0 0.836472 0 
2 1 0 0.343 0.343 0 0 0 0 0 1.22097 0 0.842009 0 
2 1 0 0.348 0.348 0 0 0 0 0 1.21505 0 0.847511 0 
2 1 0 0.353 0.353 0 0 0 0 0 1.20934 0 0.852982 0 
2 1 0 0.358 0.358 0 0 0 0 0 1.20383 0 0.858424 0 
2 1 0 0.363 0.363 0 0 0 0 0 1.19853 0 0.86384 0 
2 1 0 0.368 0.368 0 0 0 0 0 1.19342 0 0.869235 0 
2 1 0 0.373 0.373 0 0 0 0 0 1.1885 0 0.874611 0 
2 1 0 0.378 0.378 0 0 0 0 0 1.18376 0 0.879973 0 
2 1 0 0.383 0.383 0 0 0 0 0 1.1792 0 0.885325 0 
2 1 0 0.388 0.388 0 0 0 0 0 1.17481 0 0.890674 0 
2 1 0 0.393 0.393 0 0 0 0 0 1.17058 0 0.896024 0 
2 1 0 0.398 0.398 0 0 0 0 0 1.1665 0 0.901382 0 
2 1 0 0.403 0.403 0 0 0 0 0 1.16257 0 0.906756 0 
2 1 0 0.408 0.408 0 0 0 0 0 1.15878 0 0.912153 0 
2 1 0 0.413 0.413 0 0 0 0 0 1.15512 0 0.917581 0 
2 1 0 0.418 0.418 0 0 0 0 0 1.15157 0 0.923052 0 
2 1 0 0.423 0.423 0 0 0 0 0 1.14813 0 0.928577 0 
2 1 0 0.428 0.428 0 0 0 0 0 1.14478 0 0.934169 0 
2 1 0 0.433 0.433 0 0 0 0 0 1.1415 0 0.939844 0 
2 1 0 0.438 0.438 0 0 0 0 0 1.13829 0 0.945619 0 
2 1 0 0.443 0.443 0 0 0 0 0 1.13511 0 0.951515 0 
2 1 0 0.448 0.448 0 0 0 0 0 1.13194 0 0.957558 0 
2 1 0 0.453 0.453 0 0 0 0 0 1.12875 0 0.963779 0 
2 1 0 0.458 0.458 0 0 0 0 0 1.12551 0 0.970216 0 
2 1 0 0.463 0.463 0 0 0 0 0 1.12216 0 0.976919 0 
2 1 0 0.468 0.468 0 0 0 0 0 1.11865 0 0.983952 0 
2 1 0 0.473 0.473 0 0 0 0 0 1.11487 0 0.991405 0 
2 1 0 0.478 0.478 0 0 0 0 0 1.11071 0 0.99941 0 
2 1 0 0.478352 0.478352 0 0 0 0 0 1.1104 0 0.999998 0 
2 1 0 0.483352 0.483352 0 0 0 0 0 1.10559 0 1.00883 0 
2 1 0 0.488352 0.488352 0 0 0 0 0 1.09978 0 1.01882 0 
2 1 0 0.493352 0.493352 0 0 0 0 0 1.09208 0 1.03086 0 
2 1 0 0.498352 0.498352 0 0 0 0 0 1.079 0 1.04846 0 
2 1 0 0.503352 0.503352 306.928 0 0 0 0 1.06607 0.0218269 1.06607 -0.0218269 
2 1 0 0.508352 0.508352 194.276 0 0 0 0 1.0685 0.0345691 1.0685 -0.0345691 
2 1 0 0.513352 0.513352 153.419 0 0 0 0 1.07102 0.0438876 1.07102 -0.0438876 
2 1 0 0.518352 0.518352 130.571 0 0 0 0 1.07362 0.0517032 1.07362 -0.0517032 
2 1 0 0.523352 0.523352 115.417 0 0 0 0 1.07631 0.0586511 1.07631 -0.0586511 
2 1 0 0.528352 0.528352 104.373 0 0 0 0 1.07909 0.0650388 1.07909 -0.0650388 
2 1 0 0.533352 0.533352 95.8248 0 0 0 0 1.08195 0.071045 1.08195 -0.071045 
2 1 0 0.538352 0.538352 88.9241 0 0 0 0 1.08491 0.0767854 1.08491 -0.0767854 
2 1 0 0.543352 0.543352 83.1773 0 0 0 0 1.08796 0.0823409 1.08796 -0.0823409 
2 1 0 0.548352 0.548352 78.2756 0 0 0 0 1.0911 0.0877715 1.0911 -0.0877715 
2 1 0 0.553352 0.553352 74.0146 0 0 0 0 1.09434 0.0931234 1.09434 -0.0931234 
2 1 0 0.558352 0.558352 70.2534 0 0 0 0 1.09767 0.0984336 1.09767 -0.0984336 
2 1 0 0.563352 0.563352 66.891 0 0 0 0 1.10109 0.103733 1.10109 -0.103733 
2 1 0 0.568352 0.568352 63.8535 0 0 0 0 1.10461 0.109046 1.10461 -0.109046 
2 1 0 0.573352 0.573352 61.0851 0 0 0 0 1.10823 0.114396 1.10823 -0.114396 
2 1 0 0.578352 0.578352 58.5429 0 0 0 0 1.11195 0.119801 1.11195 -0.119801 
2 1 0 0.583352 0.583352 56.1934 0 0 0 0 1.11576 0.12528 1.11576 -0.12528 
2 1 0 0.588352 0.588352 54.0101 0 0 0 0 1.11968 0.130847 1.11968 -0.130847 
2 1 0 0.593352 0.593352 51.9716 0 0 0 0 1.1237 0.136517 1.1237 -0.136517 
2 1 0 0.598352 0.598352 50.0605 0 0 0 0 1.12782 0.142303 1.12782 -0.142303 
2 1 0 0.603352 0.603352 48.2625 0 0 0 0 1.13204 0.148216 1.13204 -0.148216 
2 1 0 0.608352 0.608352 46.5656 0 0 0 0 1.13637 0.15427 1.13637 -0.15427 
2 1 0 0.613352 0.613352 44.96 0 0 0 0 1.1408 0.160474 1.1408 -0.160474 
2 1 0 0.618352 0.618352 43.437 0 0 0 0 1.14534 0.166839 1.14534 -0.166839 
2 1 0 0.623352 0.623352 41.9895 0 0 0 0 1.14998 0.173376 1.14998 -0.173376 
2 1 0 0.628352 0.628352 40.6112 0 0 0 0 1.15473 0.180095 1.15473 -0.180095 
2 1 0 0.633352 0.633352 39.2968 0 0 0 0 1.1596 0.187005 1.1596 -0.187005 
2 1 0 0.638352 0.638352 38.0414 0 0 0 0 1.16457 0.194116 1.16457 -0.194116 
2 1 0 0.643352 0.643352 36.8411 0 0 0 0 1.16964 0.201438 1.16964 -0.201438 
2 1 0 0.648352 0.648352 35.6919 0 0 0 0 1.17483 0.20898 1.17483 -0.20898 
2 1 0 0.653352 0.653352 34.5908 0 0 0 0 1.18013 0.216753 1.18013 -0.216753 
2 1 0 0.658352 0.658352 33.5346 0 0 0 0 1.18554 0.224765 1.18554 -0.224765 
2 1 0 0.663352 0.663352 32.5209 0 0 0 0 1.19107 0.233026 1.19107 -0.233026 
2 1 0 0.668352 0.668352 31.5471 0 0 0 0 1.1967 0.241547 1.1967 -0.241547 
2 1 0 0.673352 0.673352 30.6111 0 0 0 0 1.20245 0.250338 1.20245 -0.250338 
2 1 0 0.678352 0.678352 29.7109 0 0 0 0 1.2083 0.259408 1.2083 -0.259408 
2 1 0 0.683352 0.683352 28.8446 0 0 0 0 1.21427 0.268768 1.21427 -0.268768 
2 1 0 0.688352 0.688352 28.0106 0 0 0 0 1.22035 0.278429 1.22035 -0.278429 
2 1 0 0.693352 0.693352 27.2072 0 0 0 0 1.22654 0.288401 1.22654 -0.288401 
2 1 0 0.698352 0.698352 26.433 0 0 0 0 1.23285 0.298697 1.23285 -0.298697 
2 1 0 0.703352 0.703352 25.6867 0 0 0 0 1.23926 0.309327 1.23926 -0.309327 
2 1 0 0.708352 0.708352 24.9669 0 0 0 0 1.24578 0.320304 1.24578 -0.320304 
2 1 0 0.713352 0.713352 24.2724 0 0 0 0 1.2524 0.331639 1.2524 -0.331639 
2 1 0 0.718352 0.718352 23.6022 0 0 0 0 1.25913 0.343346 1.25913 -0.343346 
2 1 0 0.723352 0.723352 22.9552 0 0 0 0 1.26597 0.355436 1.26597 -0.355436 
2 1 0 0.728352 0.728352 22.3304 0 0 0 0 1.27291 0.367925 1.27291 -0.367925 
2 1 0 0.733352 0.733352 21.7269 0 0 0 0 1.27995 0.380824 1.27995 -0.380824 
2 1 0 0.738352 0.738352 21.1437 0 0 0 0 1.28709 0.39415 1.28709 -0.39415 
2 1 0 0.743352 0.743352 20.5801 0 0 0 0 1.29432 0.407916 1.29432 -0.407916 
2 1 0 0.748352 0.748352 20.0352 0 0 0 0 1.30165 0.422138 1.30165 -0.422138 
2 1 0 0.753352 0.753352 19.5082 0 0 0 0 1.30906 0.436831 1.30906 -0.436831 
2 1 0 0.758352 0.758352 18.9986 0 0 0 0 1.31656 0.452012 1.31656 -0.452012 
2 1 0 0.763352 0.763352 18.5055 0 0 0 0 1.32414 0.467699 1.32414 -0.467699 
2 1 0 0.768352 0.768352 18.0283 0 0 0 0 1.33179 0.483907 1.33179 -0.483907 
2 1 0 0.773352 0.773352 17.5664 0 0 0 0 1.33952 0.500656 1.33952 -0.500656 
2 1 0 0.778352 0.778352 17.1193 0 0 0 0 1.34731 0.517963 1.34731 -0.517963 
2 1 0 0.783352 0.783352 16.6863 0 0 0 0 1.35516 0.535849 1.35516 -0.535849 
2 1 0 0.788352 0.788352 16.2669 0 0 0 0 1.36306 0.554334 1.36306 -0.554334 
2 1 0 0.793352 0.793352 15.8607 0 0 0 0 1.371 0.573437 1.371 -0.573437 
2 1 0 0.798352 0.798352 15.467 0 0 0 0 1.37899 0.593181 1.37899 -0.593181 
2 1 0 0.803352 0.803352 15.0855 0 0 0 0 1.38699 0.613587 1.38699 -0.613587 
2 1 0 0.808352 0.808352 14.7157 0 0 0 0 1.39502 0.634679 1.39502 -0.634679 
2 1 0 0.813352 0.813352 14.3572 0 0 0 0 1.40305 0.656481 1.40305 -0.656481 
2 1 0 0.818352 0.818352 14.0095 0 0 0 0 1.41108 0.679015 1.41108 -0.679015 
2 1 0 0.823352 0.823352 13.6722 0 0 0 0 1.4191 0.702309 1.4191 -0.702309 
2 1 0 0.828352 0.828352 13.3451 0 0 0 0 1.42708 0.726388 1.42708 -0.726388 
2 1 0 0.833352 0.833352 13.0277 0 0 0 0 1.43502 0.751279 1.43502 -0.751279 
2 1 0 0.838352 0.838352 12.7197 0 0 0 0 1.44291 0.77701 1.44291 -0.77701 
2 1 0 0.843352 0.843352 12.4207 0 0 0 0 1.45071 0.80361 1.45071 -0.80361 
2 1 0 0.848352 0.848352 12.1304 0 0 0 0 1.45843 0.831109 1.45843 -0.831109 
2 1 0 0.853352 0.853352 11.8486 0 0 0 0 1.46603 0.859537 1.46603 -0.859537 
2 1 0 0.858352 0.858352 11.575 0 0 0 0 1.47349 0.888925 1.47349 -0.888925 
2 1 0 0.863352 0.863352 11.3091 0 0 0 0 1.48081 0.919308 1.48081 -0.919308 
2 1 0 0.868352 0.868352 11.0509 0 0 0 0 1.48794 0.950718 1.48794 -0.950718 
2 1 0 0.873352 0.873352 10.8 0 0 0 0 1.49487 0.98319 1.49487 -0.98319 
2 1 0 0.878352 0.878352 10.5562 0 0 0 0 1.50156 1.01676 1.50156 -1.01676 
2 1 0 0.883352 0.883352 10.3192 0 0 0 0 1.508 1.05146 1.508 -1.05146 
2 1 0 0.888352 0.888352 10.0888 0 0 0 0 1.51414 1.08734 1.51414 -1.08734 
2 1 0 0.893352 0.893352 9.86485 0 0 0 0 1.51995 1.12443 1.51995 -1.12443 
2 1 0 0.898352 0.898352 9.64705 0 0 0 0 1.52541 1.16277 1.52541 -1.16277 
2 1 0 0.903352 0.903352 9.43523 0 0 0 0 1.53046 1.2024 1.53046 -1.2024 
2 1 0 0.908352 0.908352 9.2292 0 0 0 0 1.53507 1.24337 1.53507 -1.24337 
2 1 0 0.913352 0.913352 9.02876 0 0 0 0 1.53919 1.28571 1.53919 -1.28571 
2 1 0 0.918352 0.918352 8.83373 0 0 0 0 1.54277 1.32948 1.54277 -1.32948 
2 1 0 0.923352 0.923352 8.64394 0 0 0 0 1.54578 1.37471 1.54578 -1.37471 
2 1 0 0.928352 0.928352 8.45921 0 0 0 0 1.54814 1.42146 1.54814 -1.42146 
2 1 0 0.933352 0.933352 8.2794 0 0 0 0 1.54981 1.46976 1.54981 -1.46976 
2 1 0 0.938352 0.938352 8.10434 0 0 0 0 1.55073 1.51968 1.55073 -1.51968 
2 1 0 0.943352 0.943352 7.93388 0 0 0 0 1.55082 1.57125 1.55082 -1.57125 
2 1 0 0.948352 0.948352 7.76788 0 0 0 0 1.55002 1.62453 1.55002 -1.62453 
2 1 0 0.953352 0.953352 7.6062 0 0 0 0 1.54825 1.67957 1.54825 -1.67957 
2 1 0 0.958352 0.958352 7.4487 0 0 0 0 1.54544 1.73643 1.54544 -1.73643 
2 1 0 0.963352 0.963352 7.29526 0 0 0 0 1.5415 1.79514 1.5415 -1.79514 
2 1 0 0.968352 0.968352 7.14575 0 0 0 0 1.53634 1.85577 1.53634 -1.85577 
2 1 0 0.973352 0.973352 7.00005 0 0 0 0 1.52986 1.91836 1.52986 -1.91836 
2 1 0 0.978352 0.978352 6.85804 0 0 0 0 1.52197 1.98298 1.52197 -1.98298 
2 1 0 0.983352 0.983352 6.71962 0 0 0 0 1.51255 2.04967 1.51255 -2.04967 
2 1 0 0.988352 0.988352 6.58467 0 0 0 0 1.5015 2.11848 1.5015 -2.11848 
2 1 0 0.993352 0.993352 6.45309 0 0 0 0 1.48869 2.18948 1.48869 -2.18948 
2 1 0 0.998352 0.998352 6.32479 0 0 0 0 1.47398 2.26271 1.47398 -2.26271 
2 1 0 1.00335 1.00335 6.19965 0 0 0 0 1.45725 2.33823 1.45725 -2.33823 
2 2 0 0.478352 0.478352 6.19965 0 0 0 0 1.45725 2.33823 1.45725 -2.33823 
2 2 0 0.478352 0.478352 6.19965 0.000191399 0.000461916 0.000191399 0.000461916 1.45725 2.33823 1.45725 -2.33823 
2 2 0 0.478384 0.478384 6.19965 0.000382822 0.000923561 0.000382822 0.000923561 1.11031 0 0.999948 0 
2 2 0 0.478415 0.478415 6.19965 0.000766013 0.0018467 0.000766013 0.0018467 1.11023 0 0.999895 0 
2 2 0 0.478477 0.478477 6.19965 0.00153378 0.00369241 0.00153378 0.00369241 1.11005 0 0.999791 0 
2 2 0 0.478602 0.478602 6.19965 0.00307491 0.00738151 0.00307491 0.00738151 1.10971 0 0.999581 0 
2 2 0 0.478758 0.478758 6.19965 0.00501184 0.0119885 0.00501184 0.0119885 1.10927 0 0.999318 0 
2 2 0 0.478913 0.478913 6.19965 0.00696056 0.0165905 0.00696056 0.0165905 1.10883 0 0.999056 0 
2 2 0 0.479069 0.479069 6.19965 0.00892115 0.0211874 0.00892115 0.0211874 1.10839 0 0.998792 0 
2 2 0 0.479224 0.479224 6.19965 0.0108937 0.0257793 0.0108937 0.0257793 1.10794 0 0.998529 0 
2 2 0 0.47938 0.47938 6.19965 0.0128783 0.0303659 0.0128783 0.0303659 1.10749 0 0.998265 0 
2 2 0 0.479535 0.479535 6.19965 0.0148751 0.0349473 0.0148751 0.0349473 1.10703 0 0.998001 0 
2 2 0 0.47969 0.47969 6.19965 0.0168842 0.0395233 0.0168842 0.0395233 1.10658 0 0.997736 0 
2 2 0 0.479845 0.479845 6.19965 0.0189056 0.0440938 0.0189056 0.0440938 1.10612 0 0.997471 0 
2 2 0 0.48 0.48 6.19965 0.0209395 0.0486589 0.0209395 0.0486589 1.10565 0 0.997206 0 
2 2 0 0.480155 0.480155 6.19965 0.022986 0.0532183 0.022986 0.0532183 1.10518 0 0.99694 0 
2 2 0 0.480309 0.480309 6.19965 0.0250451 0.057772 0.0250451 0.057772 1.10471 0 0.996674 0 
2 2 0 0.480464 0.480464 6.19965 0.027117 0.0623199 0.027117 0.0623199 1.10423 0 0.996408 0 
2 2 0 0.480618 0.480618 6.19965 0.0292017 0.066862 0.0292017 0.066862 1.10375 0 0.996142 0 
2 2 0 0.480772 0.480772 6.19965 0.0312994 0.0713981 0.0312994 0.0713981 1.10327 0 0.995875 0 
2 2 0 0.480926 0.480926 6.19965 0.0334102 0.0759281 0.0334102 0.0759281 1.10278 0 0.995608 0 
2 2 0 0.48108 0.48108 6.19965 0.0355342 0.080452 0.0355342 0.080452 1.10229 0 0.995341 0 
2 2 0 0.481233 0.481233 6.19965 0.0376714 0.0849696 0.0376714 0.0849696 1.10179 0 0.995074 0 
2 2 0 0.481387 0.481387 6.19965 0.0398221 0.0894808 0.0398221 0.0894808 1.10129 0 0.994806 0 
2 2 0 0.48154 0.48154 6.19965 0.0419862 0.0939856 0.0419862 0.0939856 1.10079 0 0.994538 0 
2 2 0 0.481693 0.481693 6.19965 0.044164 0.0984839 0.044164 0.0984839 1.10028 0 0.99427 0 
2 2 0 0.481845 0.481845 6.19965 0.0463555 0.102975 0.0463555 0.102975 1.09977 0 0.994002 0 
2 2 0 0.481998 0.481998 6.19965 0.0485608 0.10746 0.0485608 0.10746 1.09925 0 0.993733 0 
2 2 0 0.48215 0.48215 6.19965 0.05078 0.111938 0.05078 0.111938 1.09873 0 0.993465 0 
2 2 0 0.482302 0.482302 6.19965 0.0530133 0.116409 0.0530133 0.116409 1.09821 0 0.993196 0 
2 2 0 0.482453 0.482453 6.19965 0.0552607 0.120873 0.0552607 0.120873 1.09768 0 0.992927 0 
2 2 0 0.482604 0.482604 6.19965 0.0575225 0.12533 0.0575225 0.12533 1.09714 0 0.992658 0 
2 2 0 0.482755 0.482755 6.19965 0.0597986 0.129779 0.0597986 0.129779 1.0966 0 0.992389 0 
2 2 0 0.482906 0.482906 6.19965 0.0620892 0.134221 0.0620892 0.134221 1.09606 0 0.99212 0 
2 2 0 0.483056 0.483056 6.19965 0.0643944 0.138655 0.0643944 0.138655 1.09551 0 0.991851 0 
2 2 0 0.483206 0.483206 6.19965 0.0667143 0.143082 0.0667143 0.143082 1.09496 0 0.991582 0 
2 2 0 0.483356 0.483356 6.19965 0.0690491 0.147501 0.0690491 0.147501 1.0944 0 0.991312 0 
2 2 0 0.483505 0.483505 6.19965 0.0713988 0.151912 0.0713988 0.151912 1.09384 0 0.991043 0 
2 2 0 0.483654 0.483654 6.19965 0.0737637 0.156315 0.0737637 0.156315 1.09327 0 0.990774 0 
2 2 0 0.483802 0.483802 6.19965 0.0761437 0.16071 0.0761437 0.16071 1.0927 0 0.990505 0 
2 2 0 0.48395 0.48395 6.19965 0.078539 0.165096 0.078539 0.165096 1.09212 0 0.990236 0 
2 2 0 0.484098 0.484098 6.19965 0.0809498 0.169474 0.0809498 0.169474 1.09154 0 0.989966 0 
2 2 0 0.484245 0.484245 6.19965 0.0833761 0.173844 0.0833761 0.173844 1.09095 0 0.989697 0 
2 2 0 0.484392 0.484392 6.19965 0.0858181 0.178204 0.0858181 0.178204 1.09036 0 0.989429 0 
2 2 0 0.484538 0.484538 6.19965 0.0882759 0.182556 0.0882759 0.182556 1.08976 0 0.98916 0 
2 2 0 0.484684 0.484684 6.19965 0.0907496 0.186899 0.0907496 0.186899 1.08916 0 0.988891 0 
2 2 0 0.484829 0.484829 6.19965 0.0932393 0.191232 0.0932393 0.191232 1.08855 0 0.988623 0 
2 2 0 0.484974 0.484974 6.19965 0.0957453 0.195557 0.0957453 0.195557 1.08794 0 0.988355 0 
2 2 0 0.485118 0.485118 6.19965 0.0982675 0.199872 0.0982675 0.199872 1.08732 0 0.988087 0 
2 2 0 0.485262 0.485262 6.19965 0.100806 0.204177 0.100806 0.204177 1.08669 0 0.987819 0 
2 2 0 0.485405 0.485405 6.19965 0.103361 0.208472 0.103361 0.208472 1.08606 0 0.987552 0 
2 2 0 0.485548 0.485548 6.19965 0.105933 0.212758 0.105933 0.212758 1.08542 0 0.987285 0 
2 2 0 0.48569 0.48569 6.19965 0.108522 0.217033 0.108522 0.217033 1.08478 0 0.987019 0 
2 2 0 0.485831 0.485831 6.19965 0.111127 0.221299 0.111127 0.221299 1.08413 0 0.986752 0 
2 2 0 0.485972 0.485972 6.19965 0.11375 0.225553 0.11375 0.225553 1.08348 0 0.986487 0 
2 2 0 0.486112 0.486112 6.19965 0.116389 0.229797 0.116389 0.229797 1.08282 0 0.986222 0 
2 2 0 0.486252 0.486252 6.19965 0.119046 0.234031 0.119046 0.234031 1.08215 0 0.985957 0 
2 2 0 0.486391 0.486391 6.19965 0.121721 0.238253 0.121721 0.238253 1.08148 0 0.985693 0 
2 2 0 0.486529 0.486529 6.19965 0.124413 0.242464 0.124413 0.242464 1.0808 0 0.985429 0 
2 2 0 0.486666 0.486666 6.19965 0.127122 0.246664 0.127122 0.246664 1.08012 0 0.985166 0 
2 2 0 0.486803 0.486803 6.19965 0.12985 0.250853 0.12985 0.250853 1.07943 0 0.984904 0 
2 2 0 0.486939 0.486939 6.19965 0.132595 0.25503 0.132595 0.25503 1.07873 0 0.984643 0 
2 2 0 0.487074 0.487074 6.19965 0.135358 0.259194 0.135358 0.259194 1.07802 0 0.984382 0 
2 2 0 0.487208 0.487208 6.19965 0.13814 0.263347 0.13814 0.263347 1.07731 0 0.984122 0 
2 2 0 0.487342 0.487342 6.19965 0.14094 0.267488 0.14094 0.267488 1.07659 0 0.983863 0 
2 2 0 0.487474 0.487474 6.19965 0.143758 0.271616 0.143758 0.271616 1.07587 0 0.983605 0 
2 2 0 0.487606 0.487606 6.19965 0.146595 0.275731 0.146595 0.275731 1.07514 0 0.983348 0 
2 2 0 0.487737 0.487737 6.19965 0.149451 0.279833 0.149451 0.279833 1.0744 0 0.983091 0 
2 2 0 0.487867 0.487867 6.19965 0.152325 0.283922 0.152325 0.283922 1.07365 0 0.982836 0 
2 2 0 0.487996 0.487996 6.19965 0.155219 0.287998 0.155219 0.287998 1.0729 0 0.982583 0 
2 2 0 0.488124 0.488124 6.19965 0.158131 0.29206 0.158131 0.29206 1.07214 0 0.98233 0 
2 2 0 0.488251 0.488251 6.19965 0.161063 0.296109 0.161063 0.296109 1.07137 0 0.982079 0 
2 2 0 0.488377 0.488377 6.19965 0.164014 0.300143 0.164014 0.300143 1.07059 0 0.981829 0 
2 2 0 0.488502 0.488502 6.19965 0.166984 0.304163 0.166984 0.304163 1.06981 0 0.98158 0 
2 2 0 0.488626 0.488626 6.19965 0.169974 0.308169 0.169974 0.308169 1.06902 0 0.981333 0 
2 2 0 0.488749 0.488749 6.19965 0.172984 0.31216 0.172984 0.31216 1.06822 0 0.981087 0 
2 2 0 0.488871 0.488871 6.19965 0.176014 0.316135 0.176014 0.316135 1.06741 0 0.980843 0 
2 2 0 0.488992 0.488992 6.19965 0.179063 0.320096 0.179063 0.320096 1.06659 0 0.980601 0 
2 2 0 0.489111 0.489111 6.19965 0.182133 0.324041 0.182133 0.324041 1.06577 0 0.980361 0 
2 2 0 0.48923 0.48923 6.19965 0.185223 0.32797 0.185223 0.32797 1.06493 0 0.980123 0 
2 2 0 0.489347 0.489347 6.19965 0.188333 0.331883 0.188333 0.331883 1.06409 0 0.979886 0 
2 2 0 0.489463 0.489463 6.19965 0.191464 0.33578 0.191464 0.33578 1.06324 0 0.979652 0 
2 2 0 0.489577 0.489577 6.19965 0.194615 0.339661 0.194615 0.339661 1.06238 0 0.97942 0 
2 2 0 0.48969 0.48969 6.19965 0.197787 0.343524 0.197787 0.343524 1.06151 0 0.97919 0 
2 2 0 0.489802 0.489802 6.19965 0.20098 0.34737 0.20098 0.34737 1.06063 0 0.978963 0 
2 2 0 0.489913 0.489913 6.19965 0.204194 0.351199 0.204194 0.351199 1.05975 0 0.978739 0 
2 2 0 0.490022 0.490022 6.19965 0.207429 0.35501 0.207429 0.35501 1.05885 0 0.978517 0 
2 2 0 0.49013 0.49013 6.19965 0.210685 0.358803 0.210685 0.358803 1.05794 0 0.978298 0 
2 2 0 0.490236 0.490236 6.19965 0.213962 0.362578 0.213962 0.362578 1.05702 0 0.978082 0 
2 2 0 0.490341 0.490341 6.19965 0.217261 0.366334 0.217261 0.366334 1.05609 0 0.977869 0 
2 2 0 0.490444 0.490444 6.19965 0.220581 0.370071 0.220581 0.370071 1.05516 0 0.97766 0 
2 2 0 0.490546 0.490546 6.19965 0.223923 0.373789 0.223923 0.373789 1.05421 0 0.977454 0 
2 2 0 0.490646 0.490646 6.19965 0.227287 0.377487 0.227287 0.377487 1.05325 0 0.977251 0 
2 2 0 0.490744 0.490744 6.19965 0.230672 0.381166 0.230672 0.381166 1.05228 0 0.977053 0 
2 2 0 0.490841 0.490841 6.19965 0.23408 0.384824 0.23408 0.384824 1.05129 0 0.976859 0 
2 2 0 0.490936 0.490936 6.19965 0.237509 0.388461 0.237509 0.388461 1.0503 0 0.976669 0 
2 2 0 0.491029 0.491029 6.19965 0.240961 0.392077 0.240961 0.392077 1.04929 0 0.976483 0 
2 2 0 0.49112 0.49112 6.19965 0.244435 0.395673 0.244435 0.395673 1.04827 0 0.976302 0 
2 2 0 0.49121 0.49121 6.19965 0.247931 0.399246 0.247931 0.399246 1.04724 0 0.976126 0 
2 2 0 0.491297 0.491297 6.19965 0.251449 0.402798 0.251449 0.402798 1.0462 0 0.975956 0 
2 2 0 0.491383 0.491383 6.19965 0.25499 0.406327 0.25499 0.406327 1.04514 0 0.975791 0 
2 2 0 0.491467 0.491467 6.19965 0.258554 0.409833 0.258554 0.409833 1.04407 0 0.975632 0 
2 2 0 0.491549 0.491549 6.19965 0.26214 0.413316 0.26214 0.413316 1.04299 0 0.97548 0 
2 2 0 0.491629 0.491629 6.19965 0.26575 0.416776 0.26575 0.416776 1.04189 0 0.975334 0 
2 2 0 0.491706 0.491706 6.19965 0.269382 0.420211 0.269382 0.420211 1.04077 0 0.975195 0 
2 2 0 0.491782 0.491782 6.19965 0.273037 0.423623 0.273037 0.423623 1.03964 0 0.975064 0 
2 2 0 0.491855 0.491855 6.19965 0.276714 0.427009 0.276714 0.427009 1.0385 0 0.974941 0 
2 2 0 0.491927 0.491927 6.19965 0.280415 0.430371 0.280415 0.430371 1.03734 0 0.974826 0 
2 2 0 0.491995 0.491995 6.19965 0.284139 0.433706 0.284139 0.433706 1.03616 0 0.97472 0 
2 2 0 0.492062 0.492062 6.19965 0.287887 0.437016 0.287887 0.437016 1.03496 0 0.974624 0 
2 2 0 0.492126 0.492126 6.19965 0.291657 0.4403 0.291657 0.4403 1.03375 0 0.974539 0 
2 2 0 0.492188 0.492188 6.19965 0.295451 0.443556 0.295451 0.443556 1.03251 0 0.974465 0 
2 2 0 0.492248 0.492248 6.19965 0.299268 0.446785 0.299268 0.446785 1.03126 0 0.974402 0 
2 2 0 0.492304 0.492304 6.19965 0.303108 0.449987 0.303108 0.449987 1.02998 0 0.974353 0 
2 2 0 0.492359 0.492359 6.19965 0.306972 0.45316 0.306972 0.45316 1.02868 0 0.974318 0 
2 2 0 0.49241 0.49241 6.19965 0.310859 0.456305 0.310859 0.456305 1.02736 0 0.974298 0 
2 2 0 0.49246 0.49246 6.19965 0.31477 0.45942 0.31477 0.45942 1.02602 0 0.974295 0 
2 2 0 0.492506 0.492506 6.19965 0.318704 0.462506 0.318704 0.462506 1.02464 0 0.97431 0 
2 2 0 0.492549 0.492549 6.19965 0.322662 0.465562 0.322662 0.465562 1.02324 0 0.974344 0 
2 2 0 0.49259 0.49259 6.19965 0.326643 0.468587 0.326643 0.468587 1.02181 0 0.974401 0 
2 2 0 0.492628 0.492628 6.19965 0.330647 0.471581 0.330647 0.471581 1.02035 0 0.974482 0 
2 2 0 0.492663 0.492663 6.19965 0.334675 0.474543 0.334675 0.474543 1.01885 0 0.97459 0 
2 2 0 0.492695 0.492695 6.19965 0.338727 0.477473 0.338727 0.477473 1.01731 0 0.974729 0 
2 2 0 0.492724 0.492724 6.19965 0.342801 0.480371 0.342801 0.480371 1.01573 0 0.974903 0 
2 2 0 0.49275 0.49275 6.19965 0.3469 0.483235 0.3469 0.483235 1.0141 0 0.975117 0 
2 2 0 0.492772 0.492772 6.19965 0.351021 0.486066 0.351021 0.486066 1.01241 0 0.975377 0 
2 2 0 0.492792 0.492792 6.19965 0.355167 0.488862 0.355167 0.488862 1.01066 0 0.975691 0 
2 2 0 0.492808 0.492808 6.19965 0.359335 0.491624 0.359335 0.491624 1.00884 0 0.976071 0 
2 2 0 0.492821 0.492821 6.19965 0.363526 0.49435 0.363526 0.49435 1.00693 0 0.97653 0 
2 2 0 0.49283 0.49283 6.19965 0.367741 0.497041 0.367741 0.497041 1.00491 0 0.977091 0 
2 2 0 0.492836 0.492836 6.19965 0.371979 0.499695 0.371979 0.499695 1.00274 0 0.977786 0 
2 2 0 0.492838 0.492838 6.19965 0.376239 0.502312 0.376239 0.502312 1.00038 0 0.978669 0 
2 2 0 0.492838 0.492838 6.19965 0.376885 0.502704 0.376885 0.502704 1 0 0.978824 0 
1 2 0 0.492836 0.492836 6.19965 0.381172 0.505277 0.381172 0.505277 0.997282 0 0.980057 0 
1 2 0 0.492831 0.492831 6.19965 0.385482 0.507813 0.385482 0.507813 0.99393 0 0.981913 0 
1 2 0 0.492822 0.492822 4326.64 0.389815 0.510309 0.389815 0.510309 0.987169 0.00143357 0.987169 -0.00143357 
1 2 0 0.492809 0.492809 976.375 0.39417 0.512766 0.39417 0.512766 0.986411 0.00634786 0.986411 -0.00634786 
1 2 0 0.492792 0.492792 698.537 0.398547 0.515182 0.398547 0.515182 0.98565 0.00886595 0.98565 -0.00886595 
1 2 0 0.492771 0.492771 572.19 0.402947 0.517558 0.402947 0.517558 0.984884 0.0108154 0.984884 -0.0108154 
1 2 0 0.492746 0.492746 496.07 0.407368 0.519893 0.407368 0.519893 0.984114 0.0124654 0.984114 -0.0124654 
1 2 0 0.492717 0.492717 443.812 0.411812 0.522185 0.411812 0.522185 0.983339 0.0139224 0.983339 -0.0139224 
1 2 0 0.492684 0.492684 405.089 0.416277 0.524435 0.416277 0.524435 0.98256 0.0152414 0.98256 -0.0152414 
1 2 0 0.492646 0.492646 374.913 0.420764 0.526642 0.420764 0.526642 0.981776 0.0164552 0.981776 -0.0164552 
1 2 0 0.492605 0.492605 350.544 0.425272 0.528805 0.425272 0.528805 0.980988 0.0175852 0.980988 -0.0175852 
1 2 0 0.492559 0.492559 330.333 0.429802 0.530923 0.429802 0.530923 0.980195 0.0186463 0.980195 -0.0186463 
1 2 0 0.492508 0.492508 313.22 0.434352 0.532996 0.434352 0.532996 0.979398 0.0196493 0.979398 -0.0196493 
1 2 0 0.492453 0.492453 298.491 0.438922 0.535023 0.438922 0.535023 0.978597 0.0206023 0.978597 -0.0206023 
1 2 0 0.492393 0.492393 285.643 0.443513 0.537003 0.443513 0.537003 0.977791 0.0215116 0.977791 -0.0215116 
1 2 0 0.492329 0.492329 274.309 0.448124 0.538936 0.448124 0.538936 0.976981 0.0223821 0.976981 -0.0223821 
1 2 0 0.49226 0.49226 264.218 0.452755 0.540821 0.452755 0.540821 0.976166 0.0232179 0.976166 -0.0232179 
1 2 0 0.492186 0.492186 255.161 0.457405 0.542658 0.457405 0.542658 0.975347 0.0240222 0.975347 -0.0240222 
1 2 0 0.492107 0.492107 246.975 0.462075 0.544445 0.462075 0.544445 0.974523 0.0247978 0.974523 -0.0247978 
1 2 0 0.492024 0.492024 239.533 0.466763 0.546182 0.466763 0.546182 0.973695 0.0255468 0.973695 -0.0255468 
1 2 0 0.491935 0.491935 232.732 0.471469 0.547868 0.471469 0.547868 0.972863 0.0262713 0.972863 -0.0262713 
1 2 0 0.491841 0.491841 226.487 0.476194 0.549503 0.476194 0.549503 0.972026 0.0269728 0.972026 -0.0269728 
1 2 0 0.491742 0.491742 220.73 0.480936 0.551086 0.480936 0.551086 0.971185 0.0276528 0.971185 -0.0276528 
1 2 0 0.491637 0.491637 215.402 0.485695 0.552616 0.485695 0.552616 0.970339 0.0283124 0.970339 -0.0283124 
1 2 0 0.491528 0.491528 210.457 0.490471 0.554093 0.490471 0.554093 0.969489 0.0289527 0.969489 -0.0289527 
1 2 0 0.491412 0.491412 205.853 0.495264 0.555515 0.495264 0.555515 0.968635 0.0295746 0.968635 -0.0295746 
1 2 0 0.491291 0.491291 201.555 0.500072 0.556882 0.500072 0.556882 0.967776 0.0301789 0.967776 -0.0301789 
1 2 0 0.491165 0.491165 197.533 0.504896 0.558194 0.504896 0.558194 0.966913 0.0307662 0.966913 -0.0307662 
1 2 0 0.491033 0.491033 193.763 0.509734 0.559449 0.509734 0.559449 0.966046 0.0313372 0.966046 -0.0313372 
1 2 0 0.490895 0.490895 190.22 0.514587 0.560647 0.514587 0.560647 0.965175 0.0318924 0.965175 -0.0318924 
1 2 0 0.490751 0.490751 186.887 0.519453 0.561787 0.519453 0.561787 0.964299 0.0324322 0.964299 -0.0324322 
1 2 0 0.490602 0.490602 183.745 0.524333 0.562869 0.524333 0.562869 0.963419 0.032957 0.963419 -0.032957 
1 2 0 0.490446 0.490446 180.78 0.529225 0.563891 0.529225 0.563891 0.962535 0.0334673 0.962535 -0.0334673 
1 2 0 0.490284 0.490284 177.978 0.53413 0.564853 0.53413 0.564853 0.961647 0.0339632 0.961647 -0.0339632 
1 2 0 0.490117 0.490117 175.328 0.539045 0.565755 0.539045 0.565755 0.960755 0.0344451 0.960755 -0.0344451 
1 2 0 0.489942 0.489942 172.818 0.543971 0.566595 0.543971 0.566595 0.959859 0.0349132 0.959859 -0.0349132 
1 2 0 0.489762 0.489762 170.44 0.548907 0.567374 0.548907 0.567374 0.958958 0.0353676 0.958958 -0.0353676 
1 2 0 0.489575 0.489575 168.184 0.553853 0.568089 0.553853 0.568089 0.958054 0.0358086 0.958054 -0.0358086 
1 2 0 0.489382 0.489382 166.044 0.558807 0.568741 0.558807 0.568741 0.957146 0.0362362 0.957146 -0.0362362 
1 2 0 0.489182 0.489182 164.012 0.563768 0.56933 0.563768 0.56933 0.956233 0.0366506 0.956233 -0.0366506 
1 2 0 0.488976 0.488976 162.082 0.568737 0.569853 0.568737 0.569853 0.955317 0.0370519 0.955317 -0.0370519 
1 2 0 0.488763 0.488763 160.249 0.573712 0.570311 0.573712 0.570311 0.954398 0.03744 0.954398 -0.03744 
1 2 0 0.488543 0.488543 158.508 0.578692 0.570703 0.578692 0.570703 0.953474 0.0378152 0.953474 -0.0378152 
1 2 0 0.488316 0.488316 156.853 0.583677 0.571028 0.583677 0.571028 0.952547 0.0381774 0.952547 -0.0381774 
1 2 0 0.488082 0.488082 155.281 0.588665 0.571287 0.588665 0.571287 0.951616 0.0385265 0.951616 -0.0385265 
1 2 0 0.487842 0.487842 153.788 0.593656 0.571477 0.593656 0.571477 0.950681 0.0388627 0.950681 -0.0388627 
1 2 0 0.487594 0.487594 152.371 0.598649 0.571599 0.598649 0.571599 0.949743 0.0391859 0.949743 -0.0391859 
1 2 0 0.48734 0.48734 151.026 0.603643 0.571652 0.603643 0.571652 0.948802 0.0394961 0.948802 -0.0394961 
1 2 0 0.487078 0.487078 149.75 0.608636 0.571636 0.608636 0.571636 0.947857 0.0397933 0.947857 -0.0397933 
1 2 0 0.486809 0.486809 148.542 0.613629 0.57155 0.613629 0.57155 0.946909 0.0400773 0.946909 -0.0400773 
1 2 0 0.486532 0.486532 147.397 0.618619 0.571393 0.618619 0.571393 0.945957 0.0403482 0.945957 -0.0403482 
1 2 0 0.486249 0.486249 146.316 0.623607 0.571166 0.623607 0.571166 0.945003 0.0406059 0.945003 -0.0406059 
1 2 0 0.485958 0.485958 145.294 0.62859 0.570867 0.62859 0.570867 0.944045 0.0408503 0.944045 -0.0408503 
1 2 0 0.485659 0.485659 144.331 0.633568 0.570497 0.633568 0.570497 0.943084 0.0410813 0.943084 -0.0410813 
1 2 0 0.485354 0.485354 143.425 0.638539 0.570054 0.638539 0.570054 0.942121 0.0412989 0.942121 -0.0412989 
1 2 0 0.48504 0.48504 142.575 0.643503 0.569539 0.643503 0.569539 0.941154 0.0415029 0.941154 -0.0415029 
1 2 0 0.484719 0.484719 141.779 0.648459 0.568952 0.648459 0.568952 0.940185 0.0416933 0.940185 -0.0416933 
1 2 0 0.484391 0.484391 141.036 0.653405 0.568291 0.653405 0.568291 0.939213 0.0418699 0.939213 -0.0418699 
1 2 0 0.484055 0.484055 140.345 0.65834 0.567558 0.65834 0.567558 0.938238 0.0420327 0.938238 -0.0420327 
1 2 0 0.483711 0.483711 139.705 0.663263 0.56675 0.663263 0.56675 0.937261 0.0421815 0.937261 -0.0421815 
1 2 0 0.483359 0.483359 139.115 0.668172 0.56587 0.668172 0.56587 0.936282 0.0423163 0.936282 -0.0423163 
1 2 0 0.483 0.483 138.575 0.673068 0.564916 0.673068 0.564916 0.9353 0.0424368 0.9353 -0.0424368 
1 2 0 0.482633 0.482633 138.085 0.677948 0.563888 0.677948 0.563888 0.934317 0.042543 0.934317 -0.042543 
1 2 0 0.482258 0.482258 137.643 0.682811 0.562786 0.682811 0.562786 0.933331 0.0426348 0.933331 -0.0426348 
1 2 0 0.481876 0.481876 137.249 0.687657 0.561611 0.687657 0.561611 0.932343 0.042712 0.932343 -0.042712 
1 2 0 0.481485 0.481485 136.903 0.692483 0.560362 0.692483 0.560362 0.931353 0.0427745 0.931353 -0.0427745 
1 2 0 0.481087 0.481087 136.606 0.697289 0.559039 0.697289 0.559039 0.930361 0.0428222 0.930361 -0.0428222 
1 2 0 0.480681 0.480681 136.356 0.702074 0.557643 0.702074 0.557643 0.929368 0.0428549 0.929368 -0.0428549 
1 2 0 0.480267 0.480267 136.155 0.706835 0.556174 0.706835 0.556174 0.928373 0.0428725 0.928373 -0.0428725 
1 2 0 0.479846 0.479846 136.001 0.711574 0.554631 0.711574 0.554631 0.927377 0.0428749 0.927377 -0.0428749 
1 2 0 0.479416 0.479416 135.896 0.716287 0.553016 0.716287 0.553016 0.926379 0.0428619 0.926379 -0.0428619 
1 2 0 0.478979 0.478979 135.84 0.720974 0.551329 0.720974 0.551329 0.92538 0.0428334 0.92538 -0.0428334 
1 2 0 0.478534 0.478534 135.833 0.725633 0.54957 0.725633 0.54957 0.924379 0.0427892 0.924379 -0.0427892 
1 2 0 0.478081 0.478081 135.876 0.730265 0.547739 0.730265 0.547739 0.923378 0.0427293 0.923378 -0.0427293 
1 2 0 0.477621 0.477621 135.97 0.734866 0.545837 0.734866 0.545837 0.922375 0.0426534 0.922375 -0.0426534 
1 2 0 0.477152 0.477152 136.115 0.739438 0.543865 0.739438 0.543865 0.921372 0.0425614 0.921372 -0.0425614 
1 2 0 0.476676 0.476676 136.313 0.743977 0.541822 0.743977 0.541822 0.920368 0.0424532 0.920368 -0.0424532 
1 2 0 0.476193 0.476193 136.565 0.748484 0.53971 0.748484 0.53971 0.919363 0.0423286 0.919363 -0.0423286 
1 2 0 0.475701 0.475701 136.871 0.752957 0.53753 0.752957 0.53753 0.918357 0.0421875 0.918357 -0.0421875 
1 2 0 0.475202 0.475202 137.234 0.757396 0.535281 0.757396 0.535281 0.917351 0.0420297 0.917351 -0.0420297 
1 2 0 0.474695 0.474695 137.655 0.761799 0.532965 0.761799 0.532965 0.916344 0.0418549 0.916344 -0.0418549 
1 2 0 0.474181 0.474181 138.136 0.766165 0.530583 0.766165 0.530583 0.915337 0.0416632 0.915337 -0.0416632 
1 2 0 0.473659 0.473659 138.679 0.770494 0.528135 0.770494 0.528135 0.91433 0.0414542 0.91433 -0.0414542 
1 2 0 0.47313 0.47313 139.287 0.774785 0.525622 0.774785 0.525622 0.913322 0.0412277 0.913322 -0.0412277 
1 2 0 0.472593 0.472593 139.96 0.779037 0.523045 0.779037 0.523045 0.912314 0.0409837 0.912314 -0.0409837 
1 2 0 0.472048 0.472048 140.704 0.783249 0.520405 0.783249 0.520405 0.911306 0.0407218 0.911306 -0.0407218 
1 2 0 0.471496 0.471496 141.52 0.78742 0.517703 0.78742 0.517703 0.910298 0.0404418 0.910298 -0.0404418 
1 2 0 0.470937 0.470937 142.412 0.79155 0.51494 0.79155 0.51494 0.909289 0.0401436 0.909289 -0.0401436 
1 2 0 0.47037 0.47037 143.385 0.795638 0.512116 0.795638 0.512116 0.908281 0.0398267 0.908281 -0.0398267 
1 2 0 0.469796 0.469796 144.442 0.799684 0.509234 0.799684 0.509234 0.907273 0.0394911 0.907273 -0.0394911 
1 2 0 0.469215 0.469215 145.588 0.803686 0.506293 0.803686 0.506293 0.906264 0.0391362 0.906264 -0.0391362 
1 2 0 0.468626 0.468626 146.829 0.807645 0.503296 0.807645 0.503296 0.905256 0.038762 0.905256 -0.038762 
1 2 0 0.46803 0.46803 148.17 0.81156 0.500242 0.81156 0.500242 0.904247 0.0383678 0.904247 -0.0383678 
1 2 0 0.467427 0.467427 149.619 0.81543 0.497133 0.81543 0.497133 0.903239 0.0379535 0.903239 -0.0379535 
1 2 0 0.466816 0.466816 151.183 0.819255 0.493971 0.819255 0.493971 0.902231 0.0375185 0.902231 -0.0375185 
1 2 0 0.466199 0.466199 152.87 0.823035 0.490756 0.823035 0.490756 0.901222 0.0370625 0.901222 -0.0370625 
1 2 0 0.465574 0.465574 154.691 0.826769 0.48749 0.826769 0.48749 0.900214 0.0365847 0.900214 -0.0365847 
1 2 0 0.464942 0.464942 156.656 0.830457 0.484173 0.830457 0.484173 0.899206 0.0360848 0.899206 -0.0360848 
1 2 0 0.464303 0.464303 158.779 0.834099 0.480806 0.834099 0.480806 0.898197 0.035562 0.898197 -0.035562 
1 2 0 0.463656 0.463656 161.073 0.837695 0.477392 0.837695 0.477392 0.897189 0.0350156 0.897189 -0.0350156 
1 2 0 0.463003 0.463003 163.555 0.841244 0.47393 0.841244 0.47393 0.89618 0.0344449 0.89618 -0.0344449 
1 2 0 0.462342 0.462342 166.245 0.844746 0.470423 0.844746 0.470423 0.895172 0.0338489 0.895172 -0.0338489 
1 2 0 0.461674 0.461674 169.165 0.848202 0.466871 0.848202 0.466871 0.894163 0.0332266 0.894163 -0.0332266 
1 2 0 0.460999 0.460999 172.341 0.85161 0.463275 0.85161 0.463275 0.893153 0.0325768 0.893153 -0.0325768 
1 2 0 0.460317 0.460317 175.805 0.854972 0.459636 0.854972 0.459636 0.892143 0.0318983 0.892143 -0.0318983 
1 2 0 0.459628 0.459628 179.594 0.858286 0.455956 0.858286 0.455956 0.891133 0.0311895 0.891133 -0.0311895 
1 2 0 0.458931 0.458931 183.751 0.861554 0.452236 0.861554 0.452236 0.890122 0.0304488 0.890122 -0.0304488 
1 2 0 0.458227 0.458227 188.33 0.864775 0.448477 0.864775 0.448477 0.889111 0.029674 0.889111 -0.029674 
1 2 0 0.457516 0.457516 193.398 0.867949 0.444679 0.867949 0.444679 0.888098 0.028863 0.888098 -0.028863 
1 2 0 0.456797 0.456797 199.036 0.871076 0.440844 0.871076 0.440844 0.887085 0.0280129 0.887085 -0.0280129 
1 2 0 0.456071 0.456071 205.345 0.874157 0.436973 0.874157 0.436973 0.886071 0.0271206 0.886071 -0.0271206 
1 2 0 0.455338 0.455338 212.458 0.877192 0.433067 0.877192 0.433067 0.885055 0.0261821 0.885055 -0.0261821 
1 2 0 0.454597 0.454597 220.543 0.88018 0.429126 0.88018 0.429126 0.884039 0.0251928 0.884039 -0.0251928 
1 2 0 0.453848 0.453848 229.826 0.883122 0.425153 0.883122 0.425153 0.88302 0.0241468 0.88302 -0.0241468 
1 2 0 0.453092 0.453092 240.614 0.886018 0.421148 0.886018 0.421148 0.882 0.0230371 0.882 -0.0230371 
1 2 0 0.452328 0.452328 253.337 0.888869 0.417111 0.888869 0.417111 0.880978 0.0218543 0.880978 -0.0218543 
1 2 0 0.451557 0.451557 268.62 0.891674 0.413045 0.891674 0.413045 0.879955 0.0205864 0.879955 -0.0205864 
1 2 0 0.450777 0.450777 287.417 0.894434 0.408949 0.894434 0.408949 0.878929 0.0192172 0.878929 -0.0192172 
1 2 0 0.44999 0.44999 311.263 0.89715 0.404825 0.89715 0.404825 0.877901 0.0177238 0.877901 -0.0177238 
1 2 0 0.449194 0.449194 342.836 0.899821 0.400673 0.899821 0.400673 0.87687 0.0160723 0.87687 -0.0160723 
1 2 0 0.44839 0.44839 387.347 0.902448 0.396495 0.902448 0.396495 0.875836 0.0142082 0.875836 -0.0142082 
1 2 0 0.447578 0.447578 456.768 0.905031 0.392291 0.905031 0.392291 0.874799 0.0120343 0.874799 -0.0120343 
1 2 0 0.446757 0.446757 587.983 0.90757 0.388063 0.90757 0.388063 0.873759 0.00933734 0.873759 -0.00933734 
1 2 0 0.445928 0.445928 1018.63 0.910066 0.38381 0.910066 0.38381 0.872716 0.00538322 0.872716 -0.00538322 
1 2 0 0.44509 0.44509 1018.63 0.912519 0.379534 0.912519 0.379534 0.866212 0 0.877126 0 
1 2 0 0.444243 0.444243 1018.63 0.91493 0.375236 0.91493 0.375236 0.86118 0 0.880055 0 
1 2 0 0.443387 0.443387 1018.63 0.917298 0.370917 0.917298 0.370917 0.857361 0 0.881764 0 
1 2 0 0.442521 0.442521 1018.63 0.919625 0.366576 0.919625 0.366576 0.854039 0 0.882966 0 
1 2 0 0.441647 0.441647 1018.63 0.92191 0.362215 0.92191 0.362215 0.851007 0 0.883868 0 
1 2 0 0.440762 0.440762 1018.63 0.924154 0.357835 0.924154 0.357835 0.848168 0 0.884567 0 
1 2 0 0.439868 0.439868 1018.63 0.926358 0.353437 0.926358 0.353437 0.84547 0 0.885115 0 
1 2 0 0.438963 0.438963 1018.63 0.928521 0.34902 0.928521 0.34902 0.842878 0 0.885544 0 
1 2 0 0.438048 0.438048 1018.63 0.930644 0.344587 0.930644 0.344587 0.840371 0 0.885876 0 
1 2 0 0.437123 0.437123 1018.63 0.932727 0.340136 0.932727 0.340136 0.837933 0 0.886127 0 
1 2 0 0.436187 0.436187 1018.63 0.934771 0.33567 0.934771 0.33567 0.835551 0 0.886308 0 
1 2 0 0.43524 0.43524 1018.63 0.936776 0.331189 0.936776 0.331189 0.833215 0 0.886427 0 
1 2 0 0.434281 0.434281 1018.63 0.938743 0.326692 0.938743 0.326692 0.83092 0 0.886491 0 
1 2 0 0.433311 0.433311 1018.63 0.940672 0.322182 0.940672 0.322182 0.828658 0 0.886505 0 
1 2 0 0.432329 0.432329 1018.63 0.942562 0.317659 0.942562 0.317659 0.826424 0 0.886474 0 
1 2 0 0.431334 0.431334 1018.63 0.944416 0.313123 0.944416 0.313123 0.824214 0 0.886401 0 
1 2 0 0.430327 0.430327 1018.63 0.946232 0.308574 0.946232 0.308574 0.822025 0 0.886289 0 
1 2 0 0.429307 0.429307 1018.63 0.948012 0.304014 0.948012 0.304014 0.819853 0 0.886139 0 
1 2 0 0.428274 0.428274 1018.63 0.949755 0.299443 0.949755 0.299443 0.817696 0 0.885954 0 
1 2 0 0.427227 0.427227 1018.63 0.951463 0.294862 0.951463 0.294862 0.81555 0 0.885735 0 
1 2 0 0.426165 0.426165 1018.63 0.953135 0.29027 0.953135 0.29027 0.813414 0 0.885483 0 
1 2 0 0.42509 0.42509 1018.63 0.954771 0.28567 0.954771 0.28567 0.811285 0 0.8852 0 
1 2 0 0.423999 0.423999 1018.63 0.956373 0.28106 0.956373 0.28106 0.809161 0 0.884886 0 
1 2 0 0.422893 0.422893 1018.63 0.95794 0.276443 0.95794 0.276443 0.80704 0 0.884543 0 
1 2 0 0.421771 0.421771 1018.63 0.959473 0.271818 0.959473 0.271818 0.804921 0 0.884169 0 
1 2 0 0.420632 0.420632 1018.63 0.960972 0.267185 0.960972 0.267185 0.802801 0 0.883766 0 
1 2 0 0.419476 0.419476 1018.63 0.962437 0.262546 0.962437 0.262546 0.800679 0 0.883335 0 
1 2 0 0.418303 0.418303 1018.63 0.963869 0.257902 0.963869 0.257902 0.798554 0 0.882874 0 
1 2 0 0.417112 0.417112 1018.63 0.965269 0.253251 0.965269 0.253251 0.796422 0 0.882385 0 
1 2 0 0.415902 0.415902 1018.63 0.966635 0.248596 0.966635 0.248596 0.794284 0 0.881867 0 
1 2 0 0.414672 0.414672 1018.63 0.967969 0.243937 0.967969 0.243937 0.792137 0 0.881319 0 
1 2 0 0.413423 0.413423 1018.63 0.969272 0.239274 0.969272 0.239274 0.78998 0 0.880743 0 
1 2 0 0.412152 0.412152 1018.63 0.970542 0.234608 0.970542 0.234608 0.787811 0 0.880136 0 
1 2 0 0.41086 0.41086 1018.63 0.971781 0.229939 0.971781 0.229939 0.785628 0 0.8795 0 
1 2 0 0.409546 0.409546 1018.63 0.972989 0.225269 0.972989 0.225269 0.783429 0 0.878834 0 
1 2 0 0.408208 0.408208 1018.63 0.974166 0.220597 0.974166 0.220597 0.781213 0 0.878136 0 
1 2 0 0.406847 0.406847 1018.63 0.975313 0.215924 0.975313 0.215924 0.778979 0 0.877406 0 
1 2 0 0.40546 0.40546 1018.63 0.976429 0.211251 0.976429 0.211251 0.776723 0 0.876645 0 
1 2 0 0.404047 0.404047 1018.63 0.977515 0.20658 0.977515 0.20658 0.774445 0 0.87585 0 
1 2 0 0.402608 0.402608 1018.63 0.978572 0.201909 0.978572 0.201909 0.772141 0 0.875021 0 
1 2 0 0.40114 0.40114 1018.63 0.979599 0.197241 0.979599 0.197241 0.769811 0 0.874157 0 
1 2 0 0.399643 0.399643 1018.63 0.980597 0.192575 0.980597 0.192575 0.767452 0 0.873256 0 
1 2 0 0.398116 0.398116 1018.63 0.981565 0.187914 0.981565 0.187914 0.765061 0 0.872319 0 
1 2 0 0.396557 0.396557 1018.63 0.982505 0.183257 0.982505 0.183257 0.762637 0 0.871343 0 
1 2 0 0.394966 0.394966 1018.63 0.983417 0.178605 0.983417 0.178605 0.760176 0 0.870328 0 
1 2 0 0.39334 0.39334 1018.63 0.9843 0.17396 0.9843 0.17396 0.757677 0 0.869271 0 
1 2 0 0.391678 0.391678 1018.63 0.985155 0.169322 0.985155 0.169322 0.755135 0 0.868171 0 
1 2 0 0.389978 0.389978 1018.63 0.985982 0.164693 0.985982 0.164693 0.752549 0 0.867027 0 
1 2 0 0.38824 0.38824 1018.63 0.986782 0.160073 0.986782 0.160073 0.749915 0 0.865837 0 
1 2 0 0.386461 0.386461 1018.63 0.987554 0.155465 0.987554 0.155465 0.747231 0 0.864598 0 
1 2 0 0.384639 0.384639 1018.63 0.9883 0.150868 0.9883 0.150868 0.744492 0 0.863309 0 
1 2 0 0.382772 0.382772 1018.63 0.989018 0.146285 0.989018 0.146285 0.741694 0 0.861968 0 
1 2 0 0.38086 0.38086 1018.63 0.98971 0.141717 0.98971 0.141717 0.738835 0 0.860572 0 
1 2 0 0.378898 0.378898 1018.63 0.990375 0.137166 0.990375 0.137166 0.73591 0 0.859118 0 
1 2 0 0.376885 0.376885 1018.63 0.991014 0.132633 0.991014 0.132633 0.732914 0 0.857604 0 
1 2 0 0.374819 0.374819 1018.63 0.991627 0.128121 0.991627 0.128121 0.729843 0 0.856026 0 
1 2 0 0.372697 0.372697 1018.63 0.992214 0.123631 0.992214 0.123631 0.726692 0 0.854383 0 
1 2 0 0.370517 0.370517 1018.63 0.992776 0.119167 0.992776 0.119167 0.723456 0 0.85267 0 
1 2 0 0.368276 0.368276 1018.63 0.993312 0.114729 0.993312 0.114729 0.720129 0 0.850883 0 
1 2 0 0.36597 0.36597 1018.63 0.993824 0.110321 0.993824 0.110321 0.716706 0 0.84902 0 
1 2 0 0.363598 0.363598 1018.63 0.99431 0.105946 0.99431 0.105946 0.713181 0 0.847076 0 
1 2 0 0.361156 0.361156 1018.63 0.994773 0.101607 0.994773 0.101607 0.709547 0 0.845047 0 
1 2 0 0.35864 0.35864 1018.63 0.995211 0.0973071 0.995211 0.0973071 0.705798 0 0.842929 0 
1 2 0 0.356048 0.356048 1018.63 0.995625 0.0930505 0.995625 0.0930505 0.701926 0 0.840716 0 
1 2 0 0.353377 0.353377 1018.63 0.996015 0.088841 0.996015 0.088841 0.697925 0 0.838404 0 
1 2 0 0.350622 0.350622 1018.63 0.996383 0.084683 0.996383 0.084683 0.693787 0 0.835989 0 
1 2 0 0.347782 0.347782 1018.63 0.996727 0.0805812 0.996727 0.0805812 0.689504 0 0.833464 0 
1 2 0 0.344852 0.344852 1018.63 0.99705 0.0765408 0.99705 0.0765408 0.68507 0 0.830825 0 
1 2 0 0.34183 0.34183 1018.63 0.99735 0.072567 0.99735 0.072567 0.680475 0 0.828065 0 
1 2 0 0.338713 0.338713 1018.63 0.997629 0.0686656 0.997629 0.0686656 0.675713 0 0.825181 0 
1 2 0 0.335499 0.335499 1018.63 0.997887 0.0648426 0.997887 0.0648426 0.670777 0 0.822166 0 
1 2 0 0.332184 0.332184 1018.63 0.998125 0.0611044 0.998125 0.0611044 0.665659 0 0.819016 0 
1 2 0 0.328768 0.328768 1018.63 0.998343 0.0574573 0.998343 0.0574573 0.660353 0 0.815725 0 
1 2 0 0.325249 0.325249 1018.63 0.998542 0.0539081 0.998542 0.0539081 0.654853 0 0.812289 0 
1 2 0 0.321626 0.321626 1018.63 0.998723 0.0504632 0.998723 0.0504632 0.649155 0 0.808705 0 
1 2 0 0.3179 0.3179 1018.63 0.998886 0.0471292 0.998886 0.0471292 0.643254 0 0.804968 0 
1 2 0 0.314072 0.314072 1018.63 0.999034 0.0439123 0.999034 0.0439123 0.63715 0 0.801077 0 
1 2 0 0.310144 0.310144 1018.63 0.999165 0.0408183 0.999165 0.0408183 0.63084 0 0.79703 0 
1 2 0 0.306117 0.306117 1018.63 0.999282 0.0378523 0.999282 0.0378523 0.624326 0 0.792826 0 
1 2 0 0.301995 0.301995 1018.63 0.999386 0.0350188 0.999386 0.0350188 0.61761 0 0.788465 0 
1 2 0 0.297783 0.297783 1018.63 0.999477 0.0323213 0.999477 0.0323213 0.610695 0 0.783949 0 
1 2 0 0.293485 0.293485 1018.63 0.999557 0.0297624 0.999557 0.0297624 0.603589 0 0.779279 0 
1 2 0 0.289107 0.289107 1018.63 0.999626 0.0273435 0.999626 0.0273435 0.596297 0 0.77446 0 
1 2 0 0.284654 0.284654 1018.63 0.999686 0.0250649 0.999686 0.0250649 0.588827 0 0.769494 0 
1 2 0 0.280132 0.280132 1018.63 0.999737 0.0229259 0.999737 0.0229259 0.581191 0 0.764385 0 
1 2 0 0.275548 0.275548 1018.63 0.999781 0.0209244 0.999781 0.0209244 0.573397 0 0.75914 0 
1 2 0 0.270907 0.270907 1018.63 0.999818 0.0190578 0.999818 0.0190578 0.565456 0 0.753764 0 
1 2 0 0.266216 0.266216 1018.63 0.99985 0.0173221 0.99985 0.0173221 0.55738 0 0.748261 0 
1 2 0 0.26148 0.26148 1018.63 0.999877 0.0157128 0.999877 0.0157128 0.549181 0 0.742638 0 
1 2 0 0.256705 0.256705 1018.63 0.999899 0.0142249 0.999899 0.0142249 0.540868 0 0.736899 0 
1 2 0 0.251896 0.251896 1018.63 0.999917 0.0128528 0.999917 0.0128528 0.532454 0 0.731051 0 
1 2 0 0.247056 0.247056 1018.63 0.999933 0.0115906 0.999933 0.0115906 0.52395 0 0.725099 0 
1 2 0 0.242191 0.242191 1018.63 0.999946 0.0104321 0.999946 0.0104321 0.515365 0 0.719048 0 
1 2 0 0.237304 0.237304 1018.63 0.999956 0.0093712 0.999956 0.0093712 0.506711 0 0.712902 0 
1 2 0 0.232398 0.232398 1018.63 0.999965 0.00840175 0.999965 0.00840175 0.497996 0 0.706667 0 
1 2 0 0.227476 0.227476 1018.63 0.999972 0.00751765 0.999972 0.00751765 0.48923 0 0.700345 0 
1 2 0 0.22254 0.22254 1018.63 0.999977 0.00671298 0.999977 0.00671298 0.480422 0 0.693941 0 
1 2 0 0.217594 0.217594 1018.63 0.999982 0.00598202 0.999982 0.00598202 0.47158 0 0.687459 0 
1 2 0 0.212637 0.212637 1018.63 0.999986 0.00531927 0.999986 0.00531927 0.462711 0 0.680902 0 
1 2 0 0.207673 0.207673 1018.63 0.999989 0.00471951 0.999989 0.00471951 0.453824 0 0.674274 0 
1 2 0 0.202702 0.202702 1018.63 0.999991 0.00417779 0.999991 0.00417779 0.444926 0 0.667577 0 
1 2 0 0.197726 0.197726 1018.63 0.999993 0.00368942 0.999993 0.00368942 0.436023 0 0.660814 0 
1 2 0 0.192745 0.192745 1018.63 0.999995 0.00325001 0.999995 0.00325001 0.427122 0 0.653988 0 
1 2 0 0.18776 0.18776 1018.63 0.999996 0.00285545 0.999996 0.00285545 0.418229 0 0.647102 0 
1 2 0 0.182773 0.182773 1018.63 0.999997 0.0025019 0.999997 0.0025019 0.409352 0 0.640158 0 
1 2 0 0.177782 0.177782 1018.63 0.999998 0.00218578 0.999998 0.00218578 0.400494 0 0.633158 0 
1 2 0 0.17279 0.17279 1018.63 0.999998 0.00190376 0.999998 0.00190376 0.391664 0 0.626106 0 
1 2 0 0.167796 0.167796 1018.63 0.999999 0.00165277 0.999999 0.00165277 0.382865 0 0.619003 0 
1 2 0 0.162801 0.162801 1018.63 0.999999 0.00142994 0.999999 0.00142994 0.374103 0 0.611852 0 
1 2 0 0.157805 0.157805 1018.63 0.999999 0.00123263 0.999999 0.00123263 0.365383 0 0.604656 0 
1 2 0 0.152808 0.152808 1018.63 0.999999 0.00105842 0.999999 0.00105842 0.356712 0 0.597415 0 
1 2 0 0.14781 0.14781 1018.63 1 0.000905056 1 0.000905056 0.348092 0 0.590134 0 
1 2 0 0.142812 0.142812 1018.63 1 0.000770473 1 0.000770473 0.339531 0 0.582813 0 
1 2 0 0.137814 0.137814 1018.63 1 0.000652774 1 0.000652774 0.331031 0 0.575456 0 
1 2 0 0.132815 0.132815 1018.63 1 0.000550218 1 0.000550218 0.322597 0 0.568065 0 
1 2 0 0.127815 0.127815 1018.63 1 0.00046121 1 0.00046121 0.314235 0 0.560641 0 
1 2 0 0.122816 0.122816 1018.63 1 0.000384287 1 0.000384287 0.305948 0 0.553189 0 
1 2 0 0.117816 0.117816 1018.63 1 0.000318117 1 0.000318117 0.297741 0 0.545709 0 
1 2 0 0.112817 0.112817 1018.63 1 0.000261481 1 0.000261481 0.289617 0 0.538204 0 
1 2 0 0.107817 0.107817 1018.63 1 0.000213271 1 0.000213271 0.28158 0 0.530677 0 
1 2 0 0.102817 0.102817 1018.63 1 0.000172479 1 0.000172479 0.273635 0 0.523131 0 
1 2 0 0.0978172 0.0978172 1018.63 1 0.000138192 1 0.000138192 0.265785 0 0.515567 0 
1 2 0 0.0928172 0.0928172 1018.63 1 0.000109581 1 0.000109581 0.258033 0 0.507988 0 
1 2 0 0.0878173 0.0878173 1018.63 1 8.59e-05 1 8.59e-05 0.250383 0 0.500397 0 
1 2 0 0.0828173 0.0828173 1018.63 1 6.64755e-05 1 6.64755e-05 0.242837 0 0.492797 0 
1 2 0 0.0778174 0.0778174 1018.63 1 5.07035e-05 1 5.07035e-05 0.2354 0 0.48519 0 
1 2 0 0.0728174 0.0728174 1018.63 1 3.80434e-05 1 3.80434e-05 0.228074 0 0.477578 0 
1 2 0 0.0678174 0.0678174 1018.63 1 2.8013e-05 1 2.8013e-05 0.220861 0 0.469964 0 
1 2 0 0.0628174 0.0628174 1018.63 1 2.01847e-05 1 2.01847e-05 0.213765 0 0.462351 0 
1 2 0 0.0578174 0.0578174 1018.63 1 1.41806e-05 1 1.41806e-05 0.206788 0 0.454742 0 
1 2 0 0.0528174 0.0528174 1018.63 1 9.66881e-06 1 9.66881e-06 0.199931 0 0.447138 0 
1 2 0 0.0478174 0.0478174 1018.63 1 6.36008e-06 1 6.36008e-06 0.193198 0 0.439544 0 
1 2 0 0.0428174 0.0428174 1018.63 1 4.00407e-06 1 4.00407e-06 0.18659 0 0.431961 0 
1 2 0 0.0378174 0.0378174 1018.63 1 2.38636e-06 1 2.38636e-06 0.180108 0 0.424392 0 
1 2 0 0.0328174 0.0328174 1018.63 1 1.32551e-06 1 1.32551e-06 0.173756 0 0.41684 0 
1 2 0 0.0278174 0.0278174 1018.63 1 6.70308e-07 1 6.70308e-07 0.167533 0 0.409308 0 
1 2 0 0.0228174 0.0228174 1018.63 1 2.97277e-07 1 2.97277e-07 0.161441 0 0.401798 0 
1 2 0 0.0178174 0.0178174 1018.63 1 1.08295e-07 1 1.08295e-07 0.155482 0 0.394312 0 
1 2 0 0.0128174 0.0128174 1018.63 1 2.8419e-08 1 2.8419e-08 0.149656 0 0.386854 0 
1 2 0 0.00781739 0.00781739 1018.63 1 3.85373e-09 1 3.85373e-09 0.143964 0 0.379426 0 
1 2 0 0.00281739 0.00281739 1018.63 1 6.3722e-11 1 6.3722e-11 0.138407 0 0.372031 0 
1 2 0 -0.00218261 -0.00218261 1018.63 1 2.24966e-11 1 2.24966e-11 0.132985 0 0.364671 0 
2 2 0 0.478352 0.478352 1018.63 0 0 0 0 0.132985 0 0.364671 0 
1 2 0 0.478352 0.478352 1018.63 -0.000191399 -0.000461916 -0.000191399 -0.000461916 0.132985 0 0.364671 0 
2 2 0 0.478384 0.478384 1018.63 -0.000382822 -0.000923561 -0.000382822 -0.000923561 1.11031 0 0.999948 0 
2 2 0 0.478415 0.478415 1018.63 -0.000766013 -0.0018467 -0.000766013 -0.0018467 1.11023 0 0.999895 0 
2 2 0 0.478477 0.478477 1018.63 -0.00153378 -0.00369241 -0.00153378 -0.00369241 1.11005 0 0.999791 0 
2 2 0 0.478602 0.478602 1018.63 -0.00307491 -0.00738151 -0.00307491 -0.00738151 1.10971 0 0.999581 0 
2 2 0 0.478758 0.478758 1018.63 -0.00501184 -0.0119885 -0.00501184 -0.0119885 1.10927 0 0.999318 0 
2 2 0 0.478913 0.478913 1018.63 -0.00696056 -0.0165905 -0.00696056 -0.0165905 1.10883 0 0.999056 0 
2 2 0 0.479069 0.479069 1018.63 -0.00892115 -0.0211874 -0.00892115 -0.0211874 1.10839 0 0.998792 0 
2 2 0 0.479224 0.479224 1018.63 -0.0108937 -0.0257793 -0.0108937 -0.0257793 1.10794 0 0.998529 0 
2 2 0 0.47938 0.47938 1018.63 -0.0128783 -0.0303659 -0.0128783 -0.0303659 1.10749 0 0.998265 0 
2 2 0 0.479535 0.479535 1018.63 -0.0148751 -0.0349473 -0.0148751 -0.0349473 1.10703 0 0.998001 0 
2 2 0 0.47969 0.47969 1018.63 -0.0168842 -0.0395233 -0.0168842 -0.0395233 1.10658 0 0.997736 0 
2 2 0 0.479845 0.479845 1018.63 -0.0189056 -0.0440938 -0.0189056 -0.0440938 1.10612 0 0.997471 0 
2 2 0 0.48 0.48 1018.63 -0.0209395 -0.0486589 -0.0209395 -0.0486589 1.10565 0 0.997206 0 
2 2 0 0.480155 0.480155 1018.63 -0.022986 -0.0532183 -0.022986 -0.0532183 1.10518 0 0.99694 0 
2 2 0 0.480309 0.480309 1018.63 -0.0250451 -0.057772 -0.0250451 -0.057772 1.10471 0 0.996674 0 
2 2 0 0.480464 0.480464 1018.63 -0.027117 -0.0623199 -0.027117 -0.0623199 1.10423 0 0.996408 0 
2 2 0 0.480618 0.480618 1018.63 -0.0292017 -0.066862 -0.0292017 -0.066862 1.10375 0 0.996142 0 
2 2 0 0.480772 0.480772 1018.63 -0.0312994 -0.0713981 -0.0312994 -0.0713981 1.10327 0 0.995875 0 
2 2 0 0.480926 0.480926 1018.63 -0.0334102 -0.0759281 -0.0334102 -0.0759281 1.10278 0 0.995608 0 
2 2 0 0.48108 0.48108 1018.63 -0.0355342 -0.080452 -0.0355342 -0.080452 1.10229 0 0.995341 0 
2 2 0 0.481233 0.481233 1018.63 -0.0376714 -0.0849696 -0.0376714 -0.0849696 1.10179 0 0.995074 0 
2 2 0 0.481387 0.481387 1018.63 -0.0398221 -0.0894808 -0.0398221 -0.0894808 1.10129 0 0.994806 0 
2 2 0 0.48154 0.48154 1018.63 -0.0419862 -0.0939856 -0.0419862 -0.0939856 1.10079 0 0.994538 0 
2 2 0 0.481693 0.481693 1018.63 -0.044164 -0.0984839 -0.044164 -0.0984839 1.10028 0 0.99427 0 
2 2 0 0.481845 0.481845 1018.63 -0.0463555 -0.102975 -0.0463555 -0.102975 1.09977 0 0.994002 0 
2 2 0 0.481998 0.481998 1018.63 -0.0485608 -0.10746 -0.0485608 -0.10746 1.09925 0 0.993733 0 
2 2 0 0.48215 0.48215 1018.63 -0.05078 -0.111938 -0.05078 -0.111938 1.09873 0 0.993465 0 
2 2 0 0.482302 0.482302 1018.63 -0.0530133 -0.116409 -0.0530133 -0.116409 1.09821 0 0.993196 0 
2 2 0 0.482453 0.482453 1018.63 -0.0552607 -0.120873 -0.0552607 -0.120873 1.09768 0 0.992927 0 
2 2 0 0.482604 0.482604 1018.63 -0.0575225 -0.12533 -0.0575225 -0.12533 1.09714 0 0.992658 0 
2 2 0 0.482755 0.482755 1018.63 -0.0597986 -0.129779 -0.0597986 -0.129779 1.0966 0 0.992389 0 
2 2 0 0.482906 0.482906 1018.63 -0.0620892 -0.134221 -0.0620892 -0.134221 1.09606 0 0.99212 0 
2 2 0 0.483056 0.483056 1018.63 -0.0643944 -0.138655 -0.0643944 -0.138655 1.09551 0 0.991851 0 
2 2 0 0.483206 0.483206 1018.63 -0.0667143 -0.143082 -0.0667143 -0.143082 1.09496 0 0.991582 0 
2 2 0 0.483356 0.483356 1018.63 -0.0690491 -0.147501 -0.0690491 -0.147501 1.0944 0 0.991312 0 
2 2 0 0.483505 0.483505 1018.63 -0.0713988 -0.151912 -0.0713988 -0.151912 1.09384 0 0.991043 0 
2 2 0 0.483654 0.483654 1018.63 -0.0737637 -0.156315 -0.0737637 -0.156315 1.09327 0 0.990774 0 
2 2 0 0.483802 0.483802 1018.63 -0.0761437 -0.16071 -0.0761437 -0.16071 1.0927 0 0.990505 0 
2 2 0 0.48395 0.48395 1018.63 -0.078539 -0.165096 -0.078539 -0.165096 1.09212 0 0.990236 0 
2 2 0 0.484098 0.484098 1018.63 -0.0809498 -0.169474 -0.0809498 -0.169474 1.09154 0 0.989966 0 
2 2 0 0.484245 0.484245 1018.63 -0.0833761 -0.173844 -0.0833761 -0.173844 1.09095 0 0.989697 0 
2 2 0 0.484392 0.484392 1018.63 -0.0858181 -0.178204 -0.0858181 -0.178204 1.09036 0 0.989429 0 
2 2 0 0.484538 0.484538 1018.63 -0.0882759 -0.182556 -0.0882759 -0.182556 1.08976 0 0.98916 0 
2 2 0 0.484684 0.484684 1018.63 -0.0907496 -0.186899 -0.0907496 -0.186899 1.08916 0 0.988891 0 
2 2 0 0.484829 0.484829 1018.63 -0.0932393 -0.191232 -0.0932393 -0.191232 1.08855 0 0.988623 0 
2 2 0 0.484974 0.484974 1018.63 -0.0957453 -0.195557 -0.0957453 -0.195557 1.08794 0 0.988355 0 
2 2 0 0.485118 0.485118 1018.63 -0.0982675 -0.199872 -0.0982675 -0.199872 1.08732 0 0.988087 0 
2 2 0 0.485262 0.485262 1018.63 -0.100806 -0.204177 -0.100806 -0.204177 1.08669 0 0.987819 0 
2 2 0 0.485405 0.485405 1018.63 -0.103361 -0.208472 -0.103361 -0.208472 1.08606 0 0.987552 0 
2 2 0 0.485548 0.485548 1018.63 -0.105933 -0.212758 -0.105933 -0.212758 1.08542 0 0.987285 0 
2 2 0 0.48569 0.48569 1018.63 -0.108522 -0.217033 -0.108522 -0.217033 1.08478 0 0.987019 0 
2 2 0 0.485831 0.485831 1018.63 -0.111127 -0.221299 -0.111127 -0.221299 1.08413 0 0.986752 0 
2 2 0 0.485972 0.485972 1018.63 -0.11375 -0.225553 -0.11375 -0.225553 1.08348 0 0.986487 0 
2 2 0 0.486112 0.486112 1018.63 -0.116389 -0.229797 -0.116389 -0.229797 1.08282 0 0.986222 0 
2 2 0 0.486252 0.486252 1018.63 -0.119046 -0.234031 -0.119046 -0.234031 1.08215 0 0.985957 0 
2 2 0 0.486391 0.486391 1018.63 -0.121721 -0.238253 -0.121721 -0.238253 1.08148 0 0.985693 0 
2 2 0 0.486529 0.486529 1018.63 -0.124413 -0.242464 -0.124413 -0.242464 1.0808 0 0.985429 0 
2 2 0 0.486666 0.486666 1018.63 -0.127122 -0.246664 -0.127122 -0.246664 1.08012 0 0.985166 0 
2 2 0 0.486803 0.486803 1018.63 -0.12985 -0.250853 -0.12985 -0.250853 1.07943 0 0.984904 0 
2 2 0 0.486939 0.486939 1018.63 -0.132595 -0.25503 -0.132595 -0.25503 1.07873 0 0.984643 0 
2 2 0 0.487074 0.487074 1018.63 -0.135358 -0.259194 -0.135358 -0.259194 1.07802 0 0.984382 0 
2 2 0 0.487208 0.487208 1018.63 -0.13814 -0.263347 -0.13814 -0.263347 1.07731 0 0.984122 0 
2 2 0 0.487342 0.487342 1018.63 -0.14094 -0.267488 -0.14094 -0.267488 1.07659 0 0.983863 0 
2 2 0 0.487474 0.487474 1018.63 -0.143758 -0.271616 -0.143758 -0.271616 1.07587 0 0.983605 0 
2 2 0 0.487606 0.487606 1018.63 -0.146595 -0.275731 -0.146595 -0.275731 1.07514 0 0.983348 0 
2 2 0 0.487737 0.487737 1018.63 -0.149451 -0.279833 -0.149451 -0.279833 1.0744 0 0.983091 0 
2 2 0 0.487867 0.487867 1018.63 -0.152325 -0.283922 -0.152325 -0.283922 1.07365 0 0.982836 0 
2 2 0 0.487996 0.487996 1018.63 -0.155219 -0.287998 -0.155219 -0.287998 1.0729 0 0.982583 0 
2 2 0 0.488124 0.488124 1018.63 -0.158131 -0.29206 -0.158131 -0.29206 1.07214 0 0.98233 0 
2 2 0 0.488251 0.488251 1018.63 -0.161063 -0.296109 -0.161063 -0.296109 1.07137 0 0.982079 0 
2 2 0 0.488377 0.488377 1018.63 -0.164014 -0.300143 -0.164014 -0.300143 1.07059 0 0.981829 0 
2 2 0 0.488502 0.488502 1018.63 -0.166984 -0.304163 -0.166984 -0.304163 1.06981 0 0.98158 0 
2 2 0 0.488626 0.488626 1018.63 -0.169974 -0.308169 -0.169974 -0.308169 1.06902 0 0.981333 0 
2 2 0 0.488749 0.488749 1018.63 -0.172984 -0.31216 -0.172984 -0.31216 1.06822 0 0.981087 0 
2 2 0 0.488871 0.488871 1018.63 -0.176014 -0.316135 -0.176014 -0.316135 1.06741 0 0.980843 0 
2 2 0 0.488992 0.488992 1018.63 -0.179063 -0.320096 -0.179063 -0.320096 1.06659 0 0.980601 0 
2 2 0 0.489111 0.489111 1018.63 -0.182133 -0.324041 -0.182133 -0.324041 1.06577 0 0.980361 0 
2 2 0 0.48923 0.48923 1018.63 -0.185223 -0.32797 -0.185223 -0.32797 1.06493 0 0.980123 0 
2 2 0 0.489347 0.489347 1018.63 -0.188333 -0.331883 -0.188333 -0.331883 1.06409 0 0.979886 0 
2 2 0 0.489463 0.489463 1018.63 -0.191464 -0.33578 -0.191464 -0.33578 1.06324 0 0.979652 0 
2 2 0 0.489577 0.489577 1018.63 -0.194615 -0.339661 -0.194615 -0.339661 1.06238 0 0.97942 0 
2 2 0 0.48969 0.48969 1018.63 -0.197787 -0.343524 -0.197787 -0.343524 1.06151 0 0.97919 0 
2 2 0 0.489802 0.489802 1018.63 -0.20098 -0.34737 -0.20098 -0.34737 1.06063 0 0.978963 0 
2 2 0 0.489913 0.489913 1018.63 -0.204194 -0.351199 -0.204194 -0.351199 1.05975 0 0.978739 0 
2 2 0 0.490022 0.490022 1018.63 -0.207429 -0.35501 -0.207429 -0.35501 1.05885 0 0.978517 0 
2 2 0 0.49013 0.49013 1018.63 -0.210685 -0.358803 -0.210685 -0.358803 1.05794 0 0.978298 0 
2 2 0 0.490236 0.490236 1018.63 -0.213962 -0.362578 -0.213962 -0.362578 1.05702 0 0.978082 0 
2 2 0 0.490341 0.490341 1018.63 -0.217261 -0.366334 -0.217261 -0.366334 1.05609 0 0.977869 0 
2 2 0 0.490444 0.490444 1018.63 -0.220581 -0.370071 -0.220581 -0.370071 1.05516 0 0.97766 0 
2 2 0 0.490546 0.490546 1018.63 -0.223923 -0.373789 -0.223923 -0.373789 1.05421 0 0.977454 0 
2 2 0 0.490646 0.490646 1018.63 -0.227287 -0.377487 -0.227287 -0.377487 1.05325 0 0.977251 0 
2 2 0 0.490744 0.490744 1018.63 -0.230672 -0.381166 -0.230672 -0.381166 1.05228 0 0.977053 0 
2 2 0 0.490841 0.490841 1018.63 -0.23408 -0.384824 -0.23408 -0.384824 1.05129 0 0.976859 0 
2 2 0 0.490936 0.490936 1018.63 -0.237509 -0.388461 -0.237509 -0.388461 1.0503 0 0.976669 0 
2 2 0 0.491029 0.491029 1018.63 -0.240961 -0.392077 -0.240961 -0.392077 1.04929 0 0.976483 0 
2 2 0 0.49112 0.49112 1018.63 -0.244435 -0.395673 -0.244435 -0.395673 1.04827 0 0.976302 0 
2 2 0 0.49121 0.49121 1018.63 -0.247931 -0.399246 -0.247931 -0.399246 1.04724 0 0.976126 0 
2 2 0 0.491297 0.491297 1018.63 -0.251449 -0.402798 -0.251449 -0.402798 1.0462 0 0.975956 0 
2 2 0 0.491383 0.491383 1018.63 -0.25499 -0.406327 -0.25499 -0.406327 1.04514 0 0.975791 0 
2 2 0 0.491467 0.491467 1018.63 -0.258554 -0.409833 -0.258554 -0.409833 1.04407 0 0.975632 0 
2 2 0 0.491549 0.491549 1018.63 -0.26214 -0.413316 -0.26214 -0.413316 1.04299 0 0.97548 0 
2 2 0 0.491629 0.491629 1018.63 -0.26575 -0.416776 -0.26575 -0.416776 1.04189 0 0.975334 0 
2 2 0 0.491706 0.491706 1018.63 -0.269382 -0.420211 -0.269382 -0.420211 1.04077 0 0.975195 0 
2 2 0 0.491782 0.491782 1018.63 -0.273037 -0.423623 -0.273037 -0.423623 1.03964 0 0.975064 0 
2 2 0 0.491855 0.491855 1018.63 -0.276714 -0.427009 -0.276714 -0.427009 1.0385 0 0.974941 0 
2 2 0 0.491927 0.491927 1018.63 -0.280415 -0.430371 -0.280415 -0.430371 1.03734 0 0.974826 0 
2 2 0 0.491995 0.491995 1018.63 -0.284139 -0.433706 -0.284139 -0.433706 1.03616 0 0.97472 0 
2 2 0 0.492062 0.492062 1018.63 -0.287887 -0.437016 -0.287887 -0.437016 1.03496 0 0.974624 0 
2 2 0 0.492126 0.492126 1018.63 -0.291657 -0.4403 -0.291657 -0.4403 1.03375 0 0.974539 0 
2 2 0 0.492188 0.492188 1018.63 -0.295451 -0.443556 -0.295451 -0.443556 1.03251 0 0.974465 0 
2 2 0 0.492248 0.492248 1018.63 -0.299268 -0.446785 -0.299268 -0.446785 1.03126 0 0.974402 0 
2 2 0 0.492304 0.492304 1018.63 -0.303108 -0.449987 -0.303108 -0.449987 1.02998 0 0.974353 0 
2 2 0 0.492359 0.492359 1018.63 -0.306972 -0.45316 -0.306972 -0.45316 1.02868 0 0.974318 0 
2 2 0 0.49241 0.49241 1018.63 -0.310859 -0.456305 -0.310859 -0.456305 1.02736 0 0.974298 0 
2 2 0 0.49246 0.49246 1018.63 -0.31477 -0.45942 -0.31477 -0.45942 1.02602 0 0.974295 0 
2 2 0 0.492506 0.492506 1018.63 -0.318704 -0.462506 -0.318704 -0.462506 1.02464 0 0.97431 0 
2 2 0 0.492549 0.492549 1018.63 -0.322662 -0.465562 -0.322662 -0.465562 1.02324 0 0.974344 0 
2 2 0 0.49259 0.49259 1018.63 -0.326643 -0.468587 -0.326643 -0.468587 1.02181 0 0.974401 0 
2 2 0 0.492628 0.492628 1018.63 -0.330647 -0.471581 -0.330647 -0.471581 1.02035 0 0.974482 0 
2 2 0 0.492663 0.492663 1018.63 -0.334675 -0.474543 -0.334675 -0.474543 1.01885 0 0.97459 0 
2 2 0 0.492695 0.492695 1018.63 -0.338727 -0.477473 -0.338727 -0.477473 1.01731 0 0.974729 0 
2 2 0 0.492724 0.492724 1018.63 -0.342801 -0.480371 -0.342801 -0.480371 1.01573 0 0.974903 0 
2 2 0 0.49275 0.49275 1018.63 -0.3469 -0.483235 -0.3469 -0.483235 1.0141 0 0.975117 0 
2 2 0 0.492772 0.492772 1018.63 -0.351021 -0.486066 -0.351021 -0.486066 1.01241 0 0.975377 0 
2 2 0 0.492792 0.492792 1018.63 -0.355167 -0.488862 -0.355167 -0.488862 1.01066 0 0.975691 0 
2 2 0 0.492808 0.492808 1018.63 -0.359335 -0.491624 -0.359335 -0.491624 1.00884 0 0.976071 0 
2 2 0 0.492821 0.492821 1018.63 -0.363526 -0.49435 -0.363526 -0.49435 1.00693 0 0.97653 0 
2 2 0 0.49283 0.49283 1018.63 -0.367741 -0.497041 -0.367741 -0.497041 1.00491 0 0.977091 0 
2 2 0 0.492836 0.492836 1018.63 -0.371979 -0.499695 -0.371979 -0.499695 1.00274 0 0.977786 0 
2 2 0 0.492838 0.492838 1018.63 -0.376239 -0.502312 -0.376239 -0.502312 1.00038 0 0.978669 0 
2 2 0 0.492838 0.492838 1018.63 -0.376885 -0.502704 -0.376885 -0.502704 1 0 0.978824 0 
1 2 0 0.492836 0.492836 1018.63 -0.381172 -0.505277 -0.381172 -0.505277 0.997282 0 0.980057 0 
1 2 0 0.492831 0.492831 1018.63 -0.385482 -0.507813 -0.385482 -0.507813 0.99393 0 0.981913 0 
1 2 0 0.492822 0.492822 4326.64 -0.389815 -0.510309 -0.389815 -0.510309 0.987169 0.00143357 0.987169 -0.00143357 
1 2 0 0.492809 0.492809 976.375 -0.39417 -0.512766 -0.39417 -0.512766 0.986411 0.00634786 0.986411 -0.00634786 
1 2 0 0.492792 0.492792 698.537 -0.398547 -0.515182 -0.398547 -0.515182 0.98565 0.00886595 0.98565 -0.00886595 
1 2 0 0.492771 0.492771 572.19 -0.402947 -0.517558 -0.402947 -0.517558 0.984884 0.0108154 0.984884 -0.0108154 
1 2 0 0.492746 0.492746 496.07 -0.407368 -0.519893 -0.407368 -0.519893 0.984114 0.0124654 0.984114 -0.0124654 
1 2 0 0.492717 0.492717 443.812 -0.411812 -0.522185 -0.411812 -0.522185 0.983339 0.0139224 0.983339 -0.0139224 
1 2 0 0.492684 0.492684 405.089 -0.416277 -0.524435 -0.416277 -0.524435 0.98256 0.0152414 0.98256 -0.0152414 
1 2 0 0.492646 0.492646 374.913 -0.420764 -0.526642 -0.420764 -0.526642 0.981776 0.0164552 0.981776 -0.0164552 
1 2 0 0.492605 0.492605 350.544 -0.425272 -0.528805 -0.425272 -0.528805 0.980988 0.0175852 0.980988 -0.0175852 
1 2 0 0.492559 0.492559 330.333 -0.429802 -0.530923 -0.429802 -0.530923 0.980195 0.0186463 0.980195 -0.0186463 
1 2 0 0.492508 0.492508 313.22 -0.434352 -0.532996 -0.434352 -0.532996 0.979398 0.0196493 0.979398 -0.0196493 
1 2 0 0.492453 0.492453 298.491 -0.438922 -0.535023 -0.438922 -0.535023 0.978597 0.0206023 0.978597 -0.0206023 
1 2 0 0.492393 0.492393 285.643 -0.443513 -0.537003 -0.443513 -0.537003 0.977791 0.0215116 0.977791 -0.0215116 
1 2 0 0.492329 0.492329 274.309 -0.448124 -0.538936 -0.448124 -0.538936 0.976981 0.0223821 0.976981 -0.0223821 
1 2 0 0.49226 0.49226 264.218 -0.452755 -0.540821 -0.452755 -0.540821 0.976166 0.0232179 0.976166 -0.0232179 
1 2 0 0.492186 0.492186 255.161 -0.457405 -0.542658 -0.457405 -0.542658 0.975347 0.0240222 0.975347 -0.0240222 
1 2 0 0.492107 0.492107 246.975 -0.462075 -0.544445 -0.462075 -0.544445 0.974523 0.0247978 0.974523 -0.0247978 
1 2 0 0.492024 0.492024 239.533 -0.466763 -0.546182 -0.466763 -0.546182 0.973695 0.0255468 0.973695 -0.0255468 
1 2 0 0.491935 0.491935 232.732 -0.471469 -0.547868 -0.471469 -0.547868 0.972863 0.0262713 0.972863 -0.0262713 
1 2 0 0.491841 0.491841 226.487 -0.476194 -0.549503 -0.476194 -0.549503 0.972026 0.0269728 0.972026 -0.0269728 
1 2 0 0.491742 0.491742 220.73 -0.480936 -0.551086 -0.480936 -0.551086 0.971185 0.0276528 0.971185 -0.0276528 
1 2 0 0.491637 0.491637 215.402 -0.485695 -0.552616 -0.485695 -0.552616 0.970339 0.0283124 0.970339 -0.0283124 
1 2 0 0.491528 0.491528 210.457 -0.490471 -0.554093 -0.490471 -0.554093 0.969489 0.0289527 0.969489 -0.0289527 
1 2 0 0.491412 0.491412 205.853 -0.495264 -0.555515 -0.495264 -0.555515 0.968635 0.0295746 0.968635 -0.0295746 
1 2 0 0.491291 0.491291 201.555 -0.500072 -0.556882 -0.500072 -0.556882 0.967776 0.0301789 0.967776 -0.0301789 
1 2 0 0.491165 0.491165 197.533 -0.504896 -0.558194 -0.504896 -0.558194 0.966913 0.0307662 0.966913 -0.0307662 
1 2 0 0.491033 0.491033 193.763 -0.509734 -0.559449 -0.509734 -0.559449 0.966046 0.0313372 0.966046 -0.0313372 
1 2 0 0.490895 0.490895 190.22 -0.514587 -0.560647 -0.514587 -0.560647 0.965175 0.0318924 0.965175 -0.0318924 
1 2 0 0.490751 0.490751 186.887 -0.519453 -0.561787 -0.519453 -0.561787 0.964299 0.0324322 0.964299 -0.0324322 
1 2 0 0.490602 0.490602 183.745 -0.524333 -0.562869 -0.524333 -0.562869 0.963419 0.032957 0.963419 -0.032957 
1 2 0 0.490446 0.490446 180.78 -0.529225 -0.563891 -0.529225 -0.563891 0.962535 0.0334673 0.962535 -0.0334673 
1 2 0 0.490284 0.490284 177.978 -0.53413 -0.564853 -0.53413 -0.564853 0.961647 0.0339632 0.961647 -0.0339632 
1 2 0 0.490117 0.490117 175.328 -0.539045 -0.565755 -0.539045 -0.565755 0.960755 0.0344451 0.960755 -0.0344451 
1 2 0 0.489942 0.489942 172.818 -0.543971 -0.566595 -0.543971 -0.566595 0.959859 0.0349132 0.959859 -0.0349132 
1 2 0 0.489762 0.489762 170.44 -0.548907 -0.567374 -0.548907 -0.567374 0.958958 0.0353676 0.958958 -0.0353676 
1 2 0 0.489575 0.489575 168.184 -0.553853 -0.568089 -0.553853 -0.568089 0.958054 0.0358086 0.958054 -0.0358086 
1 2 0 0.489382 0.489382 166.044 -0.558807 -0.568741 -0.558807 -0.568741 0.957146 0.0362362 0.957146 -0.0362362 
1 2 0 0.489182 0.489182 164.012 -0.563768 -0.56933 -0.563768 -0.56933 0.956233 0.0366506 0.956233 -0.0366506 
1 2 0 0.488976 0.488976 162.082 -0.568737 -0.569853 -0.568737 -0.569853 0.955317 0.0370519 0.955317 -0.0370519 
1 2 0 0.488763 0.488763 160.249 -0.573712 -0.570311 -0.573712 -0.570311 0.954398 0.03744 0.954398 -0.03744 
1 2 0 0.488543 0.488543 158.508 -0.578692 -0.570703 -0.578692 -0.570703 0.953474 0.0378152 0.953474 -0.0378152 
1 2 0 0.488316 0.488316 156.853 -0.583677 -0.571028 -0.583677 -0.571028 0.952547 0.0381774 0.952547 -0.0381774 
1 2 0 0.488082 0.488082 155.281 -0.588665 -0.571287 -0.588665 -0.571287 0.951616 0.0385265 0.951616 -0.0385265 
1 2 0 0.487842 0.487842 153.788 -0.593656 -0.571477 -0.593656 -0.571477 0.950681 0.0388627 0.950681 -0.0388627 
1 2 0 0.487594 0.487594 152.371 -0.598649 -0.571599 -0.598649 -0.571599 0.949743 0.0391859 0.949743 -0.0391859 
1 2 0 0.48734 0.48734 151.026 -0.603643 -0.571652 -0.603643 -0.571652 0.948802 0.0394961 0.948802 -0.0394961 
1 2 0 0.487078 0.487078 149.75 -0.608636 -0.571636 -0.608636 -0.571636 0.947857 0.0397933 0.947857 -0.0397933 
1 2 0 0.486809 0.486809 148.542 -0.613629 -0.57155 -0.613629 -0.57155 0.946909 0.0400773 0.946909 -0.0400773 
1 2 0 0.486532 0.486532 147.397 -0.618619 -0.571393 -0.618619 -0.571393 0.945957 0.0403482 0.945957 -0.0403482 
1 2 0 0.486249 0.486249 146.316 -0.623607 -0.571166 -0.623607 -0.571166 0.945003 0.0406059 0.945003 -0.0406059 
1 2 0 0.485958 0.485958 145.294 -0.62859 -0.570867 -0.62859 -0.570867 0.944045 0.0408503 0.944045 -0.0408503 
1 2 0 0.485659 0.485659 144.331 -0.633568 -0.570497 -0.633568 -0.570497 0.943084 0.0410813 0.943084 -0.0410813 
1 2 0 0.485354 0.485354 143.425 -0.638539 -0.570054 -0.638539 -0.570054 0.942121 0.0412989 0.942121 -0.0412989 
1 2 0 0.48504 0.48504 142.575 -0.643503 -0.569539 -0.643503 -0.569539 0.941154 0.0415029 0.941154 -0.0415029 
1 2 0 0.484719 0.484719 141.779 -0.648459 -0.568952 -0.648459 -0.568952 0.940185 0.0416933 0.940185 -0.0416933 
1 2 0 0.484391 0.484391 141.036 -0.653405 -0.568291 -0.653405 -0.568291 0.939213 0.0418699 0.939213 -0.0418699 
1 2 0 0.484055 0.484055 140.345 -0.65834 -0.567558 -0.65834 -0.567558 0.938238 0.0420327 0.938238 -0.0420327 
1 2 0 0.483711 0.483711 139.705 -0.663263 -0.56675 -0.663263 -0.56675 0.937261 0.0421815 0.937261 -0.0421815 
1 2 0 0.483359 0.483359 139.115 -0.668172 -0.56587 -0.668172 -0.56587 0.936282 0.0423163 0.936282 -0.0423163 
1 2 0 0.483 0.483 138.575 -0.673068 -0.564916 -0.673068 -0.564916 0.9353 0.0424368 0.9353 -0.0424368 
1 2 0 0.482633 0.482633 138.085 -0.677948 -0.563888 -0.677948 -0.563888 0.934317 0.042543 0.934317 -0.042543 
1 2 0 0.482258 0.482258 137.643 -0.682811 -0.562786 -0.682811 -0.562786 0.933331 0.0426348 0.933331 -0.0426348 
1 2 0 0.481876 0.481876 137.249 -0.687657 -0.561611 -0.687657 -0.561611 0.932343 0.042712 0.932343 -0.042712 
1 2 0 0.481485 0.481485 136.903 -0.692483 -0.560362 -0.692483 -0.560362 0.931353 0.0427745 0.931353 -0.0427745 
1 2 0 0.481087 0.481087 136.606 -0.697289 -0.559039 -0.697289 -0.559039 0.930361 0.0428222 0.930361 -0.0428222 
1 2 0 0.480681 0.480681 136.356 -0.702074 -0.557643 -0.702074 -0.557643 0.929368 0.0428549 0.929368 -0.0428549 
1 2 0 0.480267 0.480267 136.155 -0.706835 -0.556174 -0.706835 -0.556174 0.928373 0.0428725 0.928373 -0.0428725 
1 2 0 0.479846 0.479846 136.001 -0.711574 -0.554631 -0.711574 -0.554631 0.927377 0.0428749 0.927377 -0.0428749 
1 2 0 0.479416 0.479416 135.896 -0.716287 -0.553016 -0.716287 -0.553016 0.926379 0.0428619 0.926379 -0.0428619 
1 2 0 0.478979 0.478979 135.84 -0.720974 -0.551329 -0.720974 -0.551329 0.92538 0.0428334 0.92538 -0.0428334 
1 2 0 0.478534 0.478534 135.833 -0.725633 -0.54957 -0.725633 -0.54957 0.924379 0.0427892 0.924379 -0.0427892 
1 2 0 0.478081 0.478081 135.876 -0.730265 -0.547739 -0.730265 -0.547739 0.923378 0.0427293 0.923378 -0.0427293 
1 2 0 0.477621 0.477621 135.97 -0.734866 -0.545837 -0.734866 -0.545837 0.922375 0.0426534 0.922375 -0.0426534 
1 2 0 0.477152 0.477152 136.115 -0.739438 -0.543865 -0.739438 -0.543865 0.921372 0.0425614 0.921372 -0.0425614 
1 2 0 0.476676 0.476676 136.313 -0.743977 -0.541822 -0.743977 -0.541822 0.920368 0.0424532 0.920368 -0.0424532 
1 2 0 0.476193 0.476193 136.565 -0.748484 -0.53971 -0.748484 -0.53971 0.919363 0.0423286 0.919363 -0.0423286 
1 2 0 0.475701 0.475701 136.871 -0.752957 -0.53753 -0.752957 -0.53753 0.918357 0.0421875 0.918357 -0.0421875 
1 2 0 0.475202 0.475202 137.234 -0.757396 -0.535281 -0.757396 -0.535281 0.917351 0.0420297 0.917351 -0.0420297 
1 2 0 0.474695 0.474695 137.655 -0.761799 -0.532965 -0.761799 -0.532965 0.916344 0.0418549 0.916344 -0.0418549 
1 2 0 0.474181 0.474181 138.136 -0.766165 -0.530583 -0.766165 -0.530583 0.915337 0.0416632 0.915337 -0.0416632 
1 2 0 0.473659 0.473659 138.679 -0.770494 -0.528135 -0.770494 -0.528135 0.91433 0.0414542 0.91433 -0.0414542 
1 2 0 0.47313 0.47313 139.287 -0.774785 -0.525622 -0.774785 -0.525622 0.913322 0.0412277 0.913322 -0.0412277 
1 2 0 0.472593 0.472593 139.96 -0.779037 -0.523045 -0.779037 -0.523045 0.912314 0.0409837 0.912314 -0.0409837 
1 2 0 0.472048 0.472048 140.704 -0.783249 -0.520405 -0.783249 -0.520405 0.911306 0.0407218 0.911306 -0.0407218 
1 2 0 0.471496 0.471496 141.52 -0.78742 -0.517703 -0.78742 -0.517703 0.910298 0.0404418 0.910298 -0.0404418 
1 2 0 0.470937 0.470937 142.412 -0.79155 -0.51494 -0.79155 -0.51494 0.909289 0.0401436 0.909289 -0.0401436 
1 2 0 0.47037 0.47037 143.385 -0.795638 -0.512116 -0.795638 -0.512116 0.908281 0.0398267 0.908281 -0.0398267 
1 2 0 0.469796 0.469796 144.442 -0.799684 -0.509234 -0.799684 -0.509234 0.907273 0.0394911 0.907273 -0.0394911 
1 2 0 0.469215 0.469215 145.588 -0.803686 -0.506293 -0.803686 -0.506293 0.906264 0.0391362 0.906264 -0.0391362 
1 2 0 0.468626 0.468626 146.829 -0.807645 -0.503296 -0.807645 -0.503296 0.905256 0.038762 0.905256 -0.038762 
1 2 0 0.46803 0.46803 148.17 -0.81156 -0.500242 -0.81156 -0.500242 0.904247 0.0383678 0.904247 -0.0383678 
1 2 0 0.467427 0.467427 149.619 -0.81543 -0.497133 -0.81543 -0.497133 0.903239 0.0379535 0.903239 -0.0379535 
1 2 0 0.466816 0.466816 151.183 -0.819255 -0.493971 -0.819255 -0.493971 0.902231 0.0375185 0.902231 -0.0375185 
1 2 0 0.466199 0.466199 152.87 -0.823035 -0.490756 -0.823035 -0.490756 0.901222 0.0370625 0.901222 -0.0370625 
1 2 0 0.465574 0.465574 154.691 -0.826769 -0.48749 -0.826769 -0.48749 0.900214 0.0365847 0.900214 -0.0365847 
1 2 0 0.464942 0.464942 156.656 -0.830457 -0.484173 -0.830457 -0.484173 0.899206 0.0360848 0.899206 -0.0360848 
1 2 0 0.464303 0.464303 158.779 -0.834099 -0.480806 -0.834099 -0.480806 0.898197 0.035562 0.898197 -0.035562 
1 2 0 0.463656 0.463656 161.073 -0.837695 -0.477392 -0.837695 -0.477392 0.897189 0.0350156 0.897189 -0.0350156 
1 2 0 0.463003 0.463003 163.555 -0.841244 -0.47393 -0.841244 -0.47393 0.89618 0.0344449 0.89618 -0.0344449 
1 2 0 0.462342 0.462342 166.245 -0.844746 -0.470423 -0.844746 -0.470423 0.895172 0.0338489 0.895172 -0.0338489 
1 2 0 0.461674 0.461674 169.165 -0.848202 -0.466871 -0.848202 -0.466871 0.894163 0.0332266 0.894163 -0.0332266 
1 2 0 0.460999 0.460999 172.341 -0.85161 -0.463275 -0.85161 -0.463275 0.893153 0.0325768 0.893153 -0.0325768 
1 2 0 0.460317 0.460317 175.805 -0.854972 -0.459636 -0.854972 -0.459636 0.892143 0.0318983 0.892143 -0.0318983 
1 2 0 0.459628 0.459628 179.594 -0.858286 -0.455956 -0.858286 -0.455956 0.891133 0.0311895 0.891133 -0.0311895 
1 2 0 0.458931 0.458931 183.751 -0.861554 -0.452236 -0.861554 -0.452236 0.890122 0.0304488 0.890122 -0.0304488 
1 2 0 0.458227 0.458227 188.33 -0.864775 -0.448477 -0.864775 -0.448477 0.889111 0.029674 0.889111 -0.029674 
1 2 0 0.457516 0.457516 193.398 -0.867949 -0.444679 -0.867949 -0.444679 0.888098 0.028863 0.888098 -0.028863 
1 2 0 0.456797 0.456797 199.036 -0.871076 -0.440844 -0.871076 -0.440844 0.887085 0.0280129 0.887085 -0.0280129 
1 2 0 0.456071 0.456071 205.345 -0.874157 -0.436973 -0.874157 -0.436973 0.886071 0.0271206 0.886071 -0.0271206 
1 2 0 0.455338 0.455338 212.458 -0.877192 -0.433067 -0.877192 -0.433067 0.885055 0.0261821 0.885055 -0.0261821 
1 2 0 0.454597 0.454597 220.543 -0.88018 -0.429126 -0.88018 -0.429126 0.884039 0.0251928 0.884039 -0.0251928 
1 2 0 0.453848 0.453848 229.826 -0.883122 -0.425153 -0.883122 -0.425153 0.88302 0.0241468 0.88302 -0.0241468 
1 2 0 0.453092 0.453092 240.614 -0.886018 -0.421148 -0.886018 -0.421148 0.882 0.0230371 0.882 -0.0230371 
1 2 0 0.452328 0.452328 253.337 -0.888869 -0.417111 -0.888869 -0.417111 0.880978 0.0218543 0.880978 -0.0218543 
1 2 0 0.451557 0.451557 268.62 -0.891674 -0.413045 -0.891674 -0.413045 0.879955 0.0205864 0.879955 -0.0205864 
1 2 0 0.450777 0.450777 287.417 -0.894434 -0.408949 -0.894434 -0.408949 0.878929 0.0192172 0.878929 -0.0192172 
1 2 0 0.44999 0.44999 311.263 -0.89715 -0.404825 -0.89715 -0.404825 0.877901 0.0177238 0.877901 -0.0177238 
1 2 0 0.449194 0.449194 342.836 -0.899821 -0.400673 -0.899821 -0.400673 0.87687 0.0160723 0.87687 -0.0160723 
1 2 0 0.44839 0.44839 387.347 -0.902448 -0.396495 -0.902448 -0.396495 0.875836 0.0142082 0.875836 -0.0142082 
1 2 0 0.447578 0.447578 456.768 -0.905031 -0.392291 -0.905031 -0.392291 0.874799 0.0120343 0.874799 -0.0120343 
1 2 0 0.446757 0.446757 587.983 -0.90757 -0.388063 -0.90757 -0.388063 0.873759 0.00933734 0.873759 -0.00933734 
1 2 0 0.445928 0.445928 1018.63 -0.910066 -0.38381 -0.910066 -0.38381 0.872716 0.00538322 0.872716 -0.00538322 
1 2 0 0.44509 0.44509 1018.63 -0.912519 -0.379534 -0.912519 -0.379534 0.866212 0 0.877126 0 
1 2 0 0.444243 0.444243 1018.63 -0.91493 -0.375236 -0.91493 -0.375236 0.86118 0 0.880055 0 
1 2 0 0.443387 0.443387 1018.63 -0.917298 -0.370917 -0.917298 -0.370917 0.857361 0 0.881764 0 
1 2 0 0.442521 0.442521 1018.63 -0.919625 -0.366576 -0.919625 -0.366576 0.854039 0 0.882966 0 
1 2 0 0.441647 0.441647 1018.63 -0.92191 -0.362215 -0.92191 -0.362215 0.851007 0 0.883868 0 
1 2 0 0.440762 0.440762 1018.63 -0.924154 -0.357835 -0.924154 -0.357835 0.848168 0 0.884567 0 
1 2 0 0.439868 0.439868 1018.63 -0.926358 -0.353437 -0.926358 -0.353437 0.84547 0 0.885115 0 
1 2 0 0.438963 0.438963 1018.63 -0.928521 -0.34902 -0.928521 -0.34902 0.842878 0 0.885544 0 
1 2 0 0.438048 0.438048 1018.63 -0.930644 -0.344587 -0.930644 -0.344587 0.840371 0 0.885876 0 
1 2 0 0.437123 0.437123 1018.63 -0.932727 -0.340136 -0.932727 -0.340136 0.837933 0 0.886127 0 
1 2 0 0.436187 0.436187 1018.63 -0.934771 -0.33567 -0.934771 -0.33567 0.835551 0 0.886308 0 
1 2 0 0.43524 0.43524 1018.63 -0.936776 -0.331189 -0.936776 -0.331189 0.833215 0 0.886427 0 
1 2 0 0.434281 0.434281 1018.63 -0.938743 -0.326692 -0.938743 -0.326692 0.83092 0 0.886491 0 
1 2 0 0.433311 0.433311 1018.63 -0.940672 -0.322182 -0.940672 -0.322182 0.828658 0 0.886505 0 
1 2 0 0.432329 0.432329 1018.63 -0.942562 -0.317659 -0.942562 -0.317659 0.826424 0 0.886474 0 
1 2 0 0.431334 0.431334 1018.63 -0.944416 -0.313123 -0.944416 -0.313123 0.824214 0 0.886401 0 
1 2 0 0.430327 0.430327 1018.63 -0.946232 -0.308574 -0.946232 -0.308574 0.822025 0 0.886289 0 
1 2 0 0.429307 0.429307 1018.63 -0.948012 -0.304014 -0.948012 -0.304014 0.819853 0 0.886139 0 
1 2 0 0.428274 0.428274 1018.63 -0.949755 -0.299443 -0.949755 -0.299443 0.817696 0 0.885954 0 
1 2 0 0.427227 0.427227 1018.63 -0.951463 -0.294862 -0.951463 -0.294862 0.81555 0 0.885735 0 
1 2 0 0.426165 0.426165 1018.63 -0.953135 -0.29027 -0.953135 -0.29027 0.813414 0 0.885483 0 
1 2 0 0.42509 0.42509 1018.63 -0.954771 -0.28567 -0.954771 -0.28567 0.811285 0 0.8852 0 
1 2 0 0.423999 0.423999 1018.63 -0.956373 -0.28106 -0.956373 -0.28106 0.809161 0 0.884886 0 
1 2 0 0.422893 0.422893 1018.63 -0.95794 -0.276443 -0.95794 -0.276443 0.80704 0 0.884543 0 
1 2 0 0.421771 0.421771 1018.63 -0.959473 -0.271818 -0.959473 -0.271818 0.804921 0 0.884169 0 
1 2 0 0.420632 0.420632 1018.63 -0.960972 -0.267185 -0.960972 -0.267185 0.802801 0 0.883766 0 
1 2 0 0.419476 0.419476 1018.63 -0.962437 -0.262546 -0.962437 -0.262546 0.800679 0 0.883335 0 
1 2 0 0.418303 0.418303 1018.63 -0.963869 -0.257902 -0.963869 -0.257902 0.798554 0 0.882874 0 
1 2 0 0.417112 0.417112 1018.63 -0.965269 -0.253251 -0.965269 -0.253251 0.796422 0 0.882385 0 
1 2 0 0.415902 0.415902 1018.63 -0.966635 -0.248596 -0.966635 -0.248596 0.794284 0 0.881867 0 
1 2 0 0.414672 0.414672 1018.63 -0.967969 -0.243937 -0.967969 -0.243937 0.792137 0 0.881319 0 
1 2 0 0.413423 0.413423 1018.63 -0.969272 -0.239274 -0.969272 -0.239274 0.78998 0 0.880743 0 
1 2 0 0.412152 0.412152 1018.63 -0.970542 -0.234608 -0.970542 -0.234608 0.787811 0 0.880136 0 
1 2 0 0.41086 0.41086 1018.63 -0.971781 -0.229939 -0.971781 -0.229939 0.785628 0 0.8795 0 
1 2 0 0.409546 0.409546 1018.63 -0.972989 -0.225269 -0.972989 -0.225269 0.783429 0 0.878834 0 
1 2 0 0.408208 0.408208 1018.63 -0.974166 -0.220597 -0.974166 -0.220597 0.781213 0 0.878136 0 
1 2 0 0.406847 0.406847 1018.63 -0.975313 -0.215924 -0.975313 -0.215924 0.778979 0 0.877406 0 
1 2 0 0.40546 0.40546 1018.63 -0.976429 -0.211251 -0.976429 -0.211251 0.776723 0 0.876645 0 
1 2 0 0.404047 0.404047 1018.63 -0.977515 -0.20658 -0.977515 -0.20658 0.774445 0 0.87585 0 
1 2 0 0.402608 0.402608 1018.63 -0.978572 -0.201909 -0.978572 -0.201909 0.772141 0 0.875021 0 
1 2 0 0.40114 0.40114 1018.63 -0.979599 -0.197241 -0.979599 -0.197241 0.769811 0 0.874157 0 
1 2 0 0.399643 0.399643 1018.63 -0.980597 -0.192575 -0.980597 -0.192575 0.767452 0 0.873256 0 
1 2 0 0.398116 0.398116 1018.63 -0.981565 -0.187914 -0.981565 -0.187914 0.765061 0 0.872319 0 
1 2 0 0.396557 0.396557 1018.63 -0.982505 -0.183257 -0.982505 -0.183257 0.762637 0 0.871343 0 
1 2 0 0.394966 0.394966 1018.63 -0.983417 -0.178605 -0.983417 -0.178605 0.760176 0 0.870328 0 
1 2 0 0.39334 0.39334 1018.63 -0.9843 -0.17396 -0.9843 -0.17396 0.757677 0 0.869271 0 
1 2 0 0.391678 0.391678 1018.63 -0.985155 -0.169322 -0.985155 -0.169322 0.755135 0 0.868171 0 
1 2 0 0.389978 0.389978 1018.63 -0.985982 -0.164693 -0.985982 -0.164693 0.752549 0 0.867027 0 
1 2 0 0.38824 0.38824 1018.63 -0.986782 -0.160073 -0.986782 -0.160073 0.749915 0 0.865837 0 
1 2 0 0.386461 0.386461 1018.63 -0.987554 -0.155465 -0.987554 -0.155465 0.747231 0 0.864598 0 
1 2 0 0.384639 0.384639 1018.63 -0.9883 -0.150868 -0.9883 -0.150868 0.744492 0 0.863309 0 
1 2 0 0.382772 0.382772 1018.63 -0.989018 -0.146285 -0.989018 -0.146285 0.741694 0 0.861968 0 
1 2 0 0.38086 0.38086 1018.63 -0.98971 -0.141717 -0.98971 -0.141717 0.738835 0 0.860572 0 
1 2 0 0.378898 0.378898 1018.63 -0.990375 -0.137166 -0.990375 -0.137166 0.73591 0 0.859118 0 
1 2 0 0.376885 0.376885 1018.63 -0.991014 -0.132633 -0.991014 -0.132633 0.732914 0 0.857604 0 
1 2 0 0.374819 0.374819 1018.63 -0.991627 -0.128121 -0.991627 -0.128121 0.729843 0 0.856026 0 
1 2 0 0.372697 0.372697 1018.63 -0.992214 -0.123631 -0.992214 -0.123631 0.726692 0 0.854383 0 
1 2 0 0.370517 0.370517 1018.63 -0.992776 -0.119167 -0.992776 -0.119167 0.723456 0 0.85267 0 
1 2 0 0.368276 0.368276 1018.63 -0.993312 -0.114729 -0.993312 -0.114729 0.720129 0 0.850883 0 
1 2 0 0.36597 0.36597 1018.63 -0.993824 -0.110321 -0.993824 -0.110321 0.716706 0 0.84902 0 
1 2 0 0.363598 0.363598 1018.63 -0.99431 -0.105946 -0.99431 -0.105946 0.713181 0 0.847076 0 
1 2 0 0.361156 0.361156 1018.63 -0.994773 -0.101607 -0.994773 -0.101607 0.709547 0 0.845047 0 
1 2 0 0.35864 0.35864 1018.63 -0.995211 -0.0973071 -0.995211 -0.0973071 0.705798 0 0.842929 0 
1 2 0 0.356048 0.356048 1018.63 -0.995625 -0.0930505 -0.995625 -0.0930505 0.701926 0 0.840716 0 
1 2 0 0.353377 0.353377 1018.63 -0.996015 -0.088841 -0.996015 -0.088841 0.697925 0 0.838404 0 
1 2 0 0.350622 0.350622 1018.63 -0.996383 -0.084683 -0.996383 -0.084683 0.693787 0 0.835989 0 
1 2 0 0.347782 0.347782 1018.63 -0.996727 -0.0805812 -0.996727 -0.0805812 0.689504 0 0.833464 0 
1 2 0 0.344852 0.344852 1018.63 -0.99705 -0.0765408 -0.99705 -0.0765408 0.68507 0 0.830825 0 
1 2 0 0.34183 0.34183 1018.63 -0.99735 -0.072567 -0.99735 -0.072567 0.680475 0 0.828065 0 
1 2 0 0.338713 0.338713 1018.63 -0.997629 -0.0686656 -0.997629 -0.0686656 0.675713 0 0.825181 0 
1 2 0 0.335499 0.335499 1018.63 -0.997887 -0.0648426 -0.997887 -0.0648426 0.670777 0 0.822166 0 
1 2 0 0.332184 0.332184 1018.63 -0.998125 -0.0611044 -0.998125 -0.0611044 0.665659 0 0.819016 0 
1 2 0 0.328768 0.328768 1018.63 -0.998343 -0.0574573 -0.998343 -0.0574573 0.660353 0 0.815725 0 
1 2 0 0.325249 0.325249 1018.63 -0.998542 -0.0539081 -0.998542 -0.0539081 0.654853 0 0.812289 0 
1 2 0 0.321626 0.321626 1018.63 -0.998723 -0.0504632 -0.998723 -0.0504632 0.649155 0 0.808705 0 
1 2 0 0.3179 0.3179 1018.63 -0.998886 -0.0471292 -0.998886 -0.0471292 0.643254 0 0.804968 0 
1 2 0 0.314072 0.314072 1018.63 -0.999034 -0.0439123 -0.999034 -0.0439123 0.63715 0 0.801077 0 
1 2 0 0.310144 0.310144 1018.63 -0.999165 -0.0408183 -0.999165 -0.0408183 0.63084 0 0.79703 0 
1 2 0 0.306117 0.306117 1018.63 -0.999282 -0.0378523 -0.999282 -0.0378523 0.624326 0 0.792826 0 
1 2 0 0.301995 0.301995 1018.63 -0.999386 -0.0350188 -0.999386 -0.0350188 0.61761 0 0.788465 0 
1 2 0 0.297783 0.297783 1018.63 -0.999477 -0.0323213 -0.999477 -0.0323213 0.610695 0 0.783949 0 
1 2 0 0.293485 0.293485 1018.63 -0.999557 -0.0297624 -0.999557 -0.0297624 0.603589 0 0.779279 0 
1 2 0 0.289107 0.289107 1018.63 -0.999626 -0.0273435 -0.999626 -0.0273435 0.596297 0 0.77446 0 
1 2 0 0.284654 0.284654 1018.63 -0.999686 -0.0250649 -0.999686 -0.0250649 0.588827 0 0.769494 0 
1 2 0 0.280132 0.280132 1018.63 -0.999737 -0.0229259 -0.999737 -0.0229259 0.581191 0 0.764385 0 
1 2 0 0.275548 0.275548 1018.63 -0.999781 -0.0209244 -0.999781 -0.0209244 0.573397 0 0.75914 0 
1 2 0 0.270907 0.270907 1018.63 -0.999818 -0.0190578 -0.999818 -0.0190578 0.565456 0 0.753764 0 
1 2 0 0.266216 0.266216 1018.63 -0.99985 -0.0173221 -0.99985 -0.0173221 0.55738 0 0.748261 0 
1 2 0 0.26148 0.26148 1018.63 -0.999877 -0.0157128 -0.999877 -0.0157128 0.549181 0 0.742638 0 
1 2 0 0.256705 0.256705 1018.63 -0.999899 -0.0142249 -0.999899 -0.0142249 0.540868 0 0.736899 0 
1 2 0 0.251896 0.251896 1018.63 -0.999917 -0.0128528 -0.999917 -0.0128528 0.532454 0 0.731051 0 
1 2 0 0.247056 0.247056 1018.63 -0.999933 -0.0115906 -0.999933 -0.0115906 0.52395 0 0.725099 0 
1 2 0 0.242191 0.242191 1018.63 -0.999946 -0.0104321 -0.999946 -0.0104321 0.515365 0 0.719048 0 
1 2 0 0.237304 0.237304 1018.63 -0.999956 -0.0093712 -0.999956 -0.0093712 0.506711 0 0.712902 0 
1 2 0 0.232398 0.232398 1018.63 -0.999965 -0.00840175 -0.999965 -0.00840175 0.497996 0 0.706667 0 
1 2 0 0.227476 0.227476 1018.63 -0.999972 -0.00751765 -0.999972 -0.00751765 0.48923 0 0.700345 0 
1 2 0 0.22254 0.22254 1018.63 -0.999977 -0.00671298 -0.999977 -0.00671298 0.480422 0 0.693941 0 
1 2 0 0.217594 0.217594 1018.63 -0.999982 -0.00598202 -0.999982 -0.00598202 0.47158 0 0.687459 0 
1 2 0 0.212637 0.212637 1018.63 -0.999986 -0.00531927 -0.999986 -0.00531927 0.462711 0 0.680902 0 
1 2 0 0.207673 0.207673 1018.63 -0.999989 -0.00471951 -0.999989 -0.00471951 0.453824 0 0.674274 0 
1 2 0 0.202702 0.202702 1018.63 -0.999991 -0.00417779 -0.999991 -0.00417779 0.444926 0 0.667577 0 
1 2 0 0.197726 0.197726 1018.63 -0.999993 -0.00368942 -0.999993 -0.00368942 0.436023 0 0.660814 0 
1 2 0 0.192745 0.192745 1018.63 -0.999995 -0.00325001 -0.999995 -0.00325001 0.427122 0 0.653988 0 
1 2 0 0.18776 0.18776 1018.63 -0.999996 -0.00285545 -0.999996 -0.00285545 0.418229 0 0.647102 0 
1 2 0 0.182773 0.182773 1018.63 -0.999997 -0.0025019 -0.999997 -0.0025019 0.409352 0 0.640158 0 
1 2 0 0.177782 0.177782 1018.63 -0.999998 -0.00218578 -0.999998 -0.00218578 0.400494 0 0.633158 0 
1 2 0 0.17279 0.17279 1018.63 -0.999998 -0.00190376 -0.999998 -0.00190376 0.391664 0 0.626106 0 
1 2 0 0.167796 0.167796 1018.63 -0.999999 -0.00165277 -0.999999 -0.00165277 0.382865 0 0.619003 0 
1 2 0 0.162801 0.162801 1018.63 -0.999999 -0.00142994 -0.999999 -0.00142994 0.374103 0 0.611852 0 
1 2 0 0.157805 0.157805 1018.63 -0.999999 -0.00123263 -0.999999 -0.00123263 0.365383 0 0.604656 0 
1 2 0 0.152808 0.152808 1018.63 -0.999999 -0.00105842 -0.999999 -0.00105842 0.356712 0 0.597415 0 
1 2 0 0.14781 0.14781 1018.63 -1 -0.000905056 -1 -0.000905056 0.348092 0 0.590134 0 
1 2 0 0.142812 0.142812 1018.63 -1 -0.000770473 -1 -0.000770473 0.339531 0 0.582813 0 
1 2 0 0.137814 0.137814 1018.63 -1 -0.000652774 -1 -0.000652774 0.331031 0 0.575456 0 
1 2 0 0.132815 0.132815 1018.63 -1 -0.000550218 -1 -0.000550218 0.322597 0 0.568065 0 
1 2 0 0.127815 0.127815 1018.63 -1 -0.00046121 -1 -0.00046121 0.314235 0 0.560641 0 
1 2 0 0.122816 0.122816 1018.63 -1 -0.000384287 -1 -0.000384287 0.305948 0 0.553189 0 
1 2 0 0.117816 0.117816 1018.63 -1 -0.000318117 -1 -0.000318117 0.297741 0 0.545709 0 
1 2 0 0.112817 0.112817 1018.63 -1 -0.000261481 -1 -0.000261481 0.289617 0 0.538204 0 
1 2 0 0.107817 0.107817 1018.63 -1 -0.000213271 -1 -0.000213271 0.28158 0 0.530677 0 
1 2 0 0.102817 0.102817 1018.63 -1 -0.000172479 -1 -0.000172479 0.273635 0 0.523131 0 
1 2 0 0.0978172 0.0978172 1018.63 -1 -0.000138192 -1 -0.000138192 0.265785 0 0.515567 0 
1 2 0 0.0928172 0.0928172 1018.63 -1 -0.000109581 -1 -0.000109581 0.258033 0 0.507988 0 
1 2 0 0.0878173 0.0878173 1018.63 -1 -8.59e-05 -1 -8.59e-05 0.250383 0 0.500397 0 
1 2 0 0.0828173 0.0828173 1018.63 -1 -6.64755e-05 -1 -6.64755e-05 0.242837 0 0.492797 0 
1 2 0 0.0778174 0.0778174 1018.63 -1 -5.07035e-05 -1 -5.07035e-05 0.2354 0 0.48519 0 
1 2 0 0.0728174 0.0728174 1018.63 -1 -3.80434e-05 -1 -3.80434e-05 0.228074 0 0.477578 0 
1 2 0 0.0678174 0.0678174 1018.63 -1 -2.8013e-05 -1 -2.8013e-05 0.220861 0 0.469964 0 
1 2 0 0.0628174 0.0628174 1018.63 -1 -2.01847e-05 -1 -2.01847e-05 0.213765 0 0.462351 0 
1 2 0 0.0578174 0.0578174 1018.63 -1 -1.41806e-05 -1 -1.41806e-05 0.206788 0 0.454742 0 
1 2 0 0.0528174 0.0528174 1018.63 -1 -9.66881e-06 -1 -9.66881e-06 0.199931 0 0.447138 0 
1 2 0 0.0478174 0.0478174 1018.63 -1 -6.36008e-06 -1 -6.36008e-06 0.193198 0 0.439544 0 
1 2 0 0.0428174 0.0428174 1018.63 -1 -4.00407e-06 -1 -4.00407e-06 0.18659 0 0.431961 0 
1 2 0 0.0378174 0.0378174 1018.63 -1 -2.38636e-06 -1 -2.38636e-06 0.180108 0 0.424392 0 
1 2 0 0.0328174 0.0328174 1018.63 -1 -1.32551e-06 -1 -1.32551e-06 0.173756 0 0.41684 0 
1 2 0 0.0278174 0.0278174 1018.63 -1 -6.70308e-07 -1 -6.70308e-07 0.167533 0 0.409308 0 
1 2 0 0.0228174 0.0228174 1018.63 -1 -2.97277e-07 -1 -2.97277e-07 0.161441 0 0.401798 0 
1 2 0 0.0178174 0.0178174 1018.63 -1 -1.08295e-07 -1 -1.08295e-07 0.155482 0 0.394312 0 
1 2 0 0.0128174 0.0128174 1018.63 -1 -2.8419e-08 -1 -2.8419e-08 0.149656 0 0.386854 0 
1 2 0 0.00781739 0.00781739 1018.63 -1 -3.85373e-09 -1 -3.85373e-09 0.143964 0 0.379426 0 
1 2 0 0.00281739 0.00281739 1018.63 -1 -6.3722e-11 -1 -6.3722e-11 0.138407 0 0.372031 0 
1 2 0 -0.00218261 -0.00218261 1018.63 -1 -2.24966e-11 -1 -2.24966e-11 0.132985 0 0.364671 0 
