1 1 0 0 0.4 0 0.00601028 0.0101362 1 0.00601028 0.0101362 1 9.27154 0 0.0138917 0 -1.89474e-22 0 
1 1 0 0.00141847 0.4 0 0.00742022 0.0101362 1 0.00742022 0.0101362 1 0.367879 0 0.367677 0 0.368082 0 
1 1 0 0.00283694 0.4 0 0.00883017 0.0101362 1 0.00883017 0.0101362 1 0.367879 0 0.367663 0 0.368096 0 
1 1 0 0.00567388 0.4 0 0.0116501 0.0101362 1 0.0116501 0.0101362 1 0.367613 0 0.368146 0 0.367879 0 
1 1 0 0.0113478 0.4 0 0.0172898 0.0101362 1 0.0172898 0.0101362 1 0.367423 0 0.368337 0 0.36788 0 
1 1 0 0.0184401 0.4 0 0.0243396 0.0101362 0.999999 0.0243396 0.0101362 0.999999 0.367035 0 0.368726 0 0.36788 0 
1 1 0 0.0255324 0.4 0 0.0313893 0.0101363 0.999997 0.0313893 0.0101363 0.999997 0.366503 0 0.369261 0 0.36788 0 
1 1 0 0.0326247 0.4 0 0.0384391 0.0101365 0.999992 0.0384391 0.0101365 0.999992 0.365835 0 0.369935 0 0.36788 0 
1 1 0 0.0397169 0.4 0 0.045489 0.010137 0.999981 0.045489 0.010137 0.999981 0.365036 0 0.370745 0 0.36788 0 
1 1 0 0.0468089 0.4 0 0.052539 0.0101378 0.999961 0.052539 0.0101378 0.999961 0.364108 0 0.37169 0 0.36788 0 
1 1 0 0.0539008 0.4 0 0.0595892 0.0101392 0.999927 0.0595892 0.0101392 0.999927 0.363055 0 0.372768 0 0.36788 0 
1 1 0 0.0609923 0.4 0 0.0666396 0.0101414 0.999872 0.0666396 0.0101414 0.999872 0.361879 0 0.37398 0 0.36788 0 
1 1 0 0.0680832 0.4 0 0.0736902 0.0101448 0.999788 0.0736902 0.0101448 0.999788 0.360582 0 0.375324 0 0.36788 0 
1 1 0 0.0751734 0.4 0 0.0807412 0.0101499 0.999665 0.0807412 0.0101499 0.999665 0.359168 0 0.376802 0 0.36788 0 
1 1 0 0.0822624 0.4 0 0.0877923 0.010157 0.999491 0.0877923 0.010157 0.999491 0.357639 0 0.378413 0 0.36788 0 
1 1 0 0.0893497 0.4 0 0.0948434 0.0101669 0.999251 0.0948434 0.0101669 0.999251 0.355996 0 0.380159 0 0.36788 0 
1 1 0 0.0964343 0.4 0 0.101894 0.0101803 0.998929 0.101894 0.0101803 0.998929 0.354242 0 0.382041 0 0.36788 0 
1 1 0 0.103515 0.4 0 0.108943 0.0101979 0.998504 0.108943 0.0101979 0.998504 0.352379 0 0.384061 0 0.36788 0 
1 1 0 0.11059 0.4 0 0.11599 0.0102208 0.997954 0.11599 0.0102208 0.997954 0.350409 0 0.386221 0 0.36788 0 
1 1 0 0.117657 0.4 0 0.123033 0.0102502 0.997255 0.123033 0.0102502 0.997255 0.348332 0 0.388524 0 0.36788 0 
1 1 0 0.124711 0.4 0 0.130068 0.0102872 0.996378 0.130068 0.0102872 0.996378 0.34615 0 0.390972 0 0.36788 0 
1 1 0 0.131748 0.4 0 0.13709 0.0103332 0.995294 0.13709 0.0103332 0.995294 0.343865 0 0.39357 0 0.36788 0 
1 1 0 0.13876 0.4 0 0.144095 0.0103899 0.99397 0.144095 0.0103899 0.99397 0.341477 0 0.396322 0 0.36788 0 
1 1 0 0.145741 0.4 0 0.151074 0.010459 0.992373 0.151074 0.010459 0.992373 0.338988 0 0.399232 0 0.36788 0 
1 1 0 0.152679 0.4 0 0.15802 0.0105422 0.99047 0.15802 0.0105422 0.99047 0.3364 0 0.402304 0 0.36788 0 
1 1 0 0.159561 0.4 0 0.164918 0.0106416 0.988227 0.164918 0.0106416 0.988227 0.333713 0 0.405543 0 0.36788 0 
1 1 0 0.166372 0.4 0 0.171757 0.010759 0.985613 0.171757 0.010759 0.985613 0.330931 0 0.408952 0 0.36788 0 
1 1 0 0.173095 0.4 0 0.178518 0.0108966 0.982602 0.178518 0.0108966 0.982602 0.328057 0 0.412535 0 0.36788 0 
1 1 0 0.179712 0.4 0 0.185185 0.0110561 0.979175 0.185185 0.0110561 0.979175 0.325095 0 0.416294 0 0.36788 0 
1 1 0 0.186202 0.4 0 0.19174 0.0112396 0.975317 0.19174 0.0112396 0.975317 0.32205 0 0.42023 0 0.367881 0 
1 1 0 0.192547 0.4 0 0.198163 0.0114485 0.971023 0.198163 0.0114485 0.971023 0.318928 0 0.424343 0 0.367881 0 
1 1 0 0.19873 0.4 0 0.20444 0.0116844 0.966299 0.20444 0.0116844 0.966299 0.315734 0 0.428635 0 0.367881 0 
1 1 0 0.204736 0.4 0 0.210556 0.0119486 0.961156 0.210556 0.0119486 0.961156 0.312475 0 0.433105 0 0.367881 0 
1 1 0 0.210555 0.4 0 0.216499 0.0122421 0.955612 0.216499 0.0122421 0.955612 0.309157 0 0.437754 0 0.367881 0 
1 1 0 0.216177 0.4 0 0.222265 0.0125659 0.949692 0.222265 0.0125659 0.949692 0.305784 0 0.442583 0 0.367882 0 
1 1 0 0.221601 0.4 0 0.227848 0.012921 0.943424 0.227848 0.012921 0.943424 0.302359 0 0.447595 0 0.367882 0 
1 1 0 0.226824 0.4 0 0.233249 0.0133081 0.936837 0.233249 0.0133081 0.936837 0.298887 0 0.452794 0 0.367882 0 
1 1 0 0.231851 0.4 0 0.238471 0.0137282 0.92996 0.238471 0.0137282 0.92996 0.295369 0 0.458187 0 0.367883 0 
1 1 0 0.236685 0.4 0 0.243519 0.0141822 0.922823 0.243519 0.0141822 0.922823 0.291805 0 0.463781 0 0.367883 0 
1 1 0 0.241333 0.4 0 0.248401 0.0146713 0.915452 0.248401 0.0146713 0.915452 0.288197 0 0.469587 0 0.367884 0 
1 1 0 0.245801 0.4 0 0.253124 0.0151967 0.907873 0.253124 0.0151967 0.907873 0.284543 0 0.475617 0 0.367885 0 
1 1 0 0.250099 0.4 0 0.257696 0.0157598 0.900107 0.257696 0.0157598 0.900107 0.280842 0 0.481883 0 0.367886 0 
1 1 0 0.254235 0.4 0 0.262128 0.0163623 0.892176 0.262128 0.0163623 0.892176 0.277093 0 0.488401 0 0.367887 0 
1 1 0 0.258215 0.4 0 0.266427 0.0170059 0.884098 0.266427 0.0170059 0.884098 0.273294 0 0.495189 0 0.367888 0 
1 1 0 0.262048 0.4 0 0.270603 0.0176928 0.875888 0.270603 0.0176928 0.875888 0.269442 0 0.502266 0 0.36789 0 
1 1 0 0.265741 0.4 0 0.274664 0.0184252 0.867562 0.274664 0.0184252 0.867562 0.265536 0 0.509652 0 0.367892 0 
1 1 0 0.2693 0.4 0 0.278619 0.0192057 0.859131 0.278619 0.0192057 0.859131 0.261573 0 0.51737 0 0.367894 0 
1 1 0 0.272733 0.4 0 0.282476 0.0200371 0.850605 0.282476 0.0200371 0.850605 0.25755 0 0.525448 0 0.367897 0 
1 1 0 0.276043 0.4 0 0.286241 0.0209223 0.841996 0.286241 0.0209223 0.841996 0.253465 0 0.53391 0 0.3679 0 
1 1 0 0.279236 0.4 0 0.289921 0.0218648 0.833312 0.289921 0.0218648 0.833312 0.249317 0 0.542786 0 0.367905 0 
1 1 0 0.282315 0.4 0 0.293522 0.022868 0.824562 0.293522 0.022868 0.824562 0.245104 0 0.552108 0 0.36791 0 
1 1 0 0.285283 0.4 0 0.29705 0.0239358 0.815751 0.29705 0.0239358 0.815751 0.240824 0 0.561911 0 0.367916 0 
1 1 0 0.288145 0.4 0 0.30051 0.0250726 0.806887 0.30051 0.0250726 0.806887 0.236475 0 0.572233 0 0.367924 0 
1 1 0 0.2909 0.4 0 0.303908 0.0262828 0.797976 0.303908 0.0262828 0.797976 0.232056 0 0.583114 0 0.367934 0 
1 1 0 0.293551 0.4 0 0.307248 0.0275714 0.789021 0.307248 0.0275714 0.789021 0.227566 0 0.5946 0 0.367946 0 
1 1 0 0.296099 0.4 0 0.310535 0.0289435 0.78003 0.310535 0.0289435 0.78003 0.223004 0 0.60674 0 0.367961 0 
1 1 0 0.298542 0.4 0 0.313771 0.0304049 0.771005 0.313771 0.0304049 0.771005 0.21837 0 0.619585 0 0.367979 0 
1 1 0 0.300881 0.4 0 0.316961 0.0319615 0.761953 0.316961 0.0319615 0.761953 0.213663 0 0.633194 0 0.368002 0 
1 1 0 0.303114 0.4 0 0.320109 0.0336196 0.752876 0.320109 0.0336196 0.752876 0.208884 0 0.64763 0 0.368031 0 
1 1 0 0.30524 0.4 0 0.323216 0.0353861 0.74378 0.323216 0.0353861 0.74378 0.204034 0 0.66296 0 0.368067 0 
1 1 0 0.307254 0.4 0 0.326285 0.0372681 0.734669 0.326285 0.0372681 0.734669 0.199115 0 0.679258 0 0.368111 0 
1 1 0 0.309154 0.4 0 0.32932 0.0392729 0.725548 0.32932 0.0392729 0.725548 0.194127 0 0.696605 0 0.368167 0 
1 1 0 0.310934 0.4 0 0.332321 0.0414084 0.716422 0.332321 0.0414084 0.716422 0.189074 0 0.715086 0 0.368236 0 
1 1 0 0.312591 0.4 0 0.335292 0.0436826 0.707295 0.335292 0.0436826 0.707295 0.183959 0 0.734797 0 0.368323 0 
1 1 0 0.314118 0.4 0 0.338232 0.0461037 0.698174 0.338232 0.0461037 0.698174 0.178785 0 0.755837 0 0.368432 0 
1 1 0 0.315508 0.4 0 0.341143 0.0486794 0.689066 0.341143 0.0486794 0.689066 0.173558 0 0.778309 0 0.368569 0 
1 1 0 0.316754 0.4 0 0.344026 0.0514185 0.679975 0.344026 0.0514185 0.679975 0.168283 0 0.802331 0 0.368741 0 
1 1 0 0.317847 0.4 0 0.346882 0.0543289 0.67091 0.346882 0.0543289 0.67091 0.162966 0 0.828025 0 0.368957 0 
1 1 0 0.318779 0.4 0 0.34971 0.0574186 0.661878 0.34971 0.0574186 0.661878 0.157613 0 0.855519 0 0.369228 0 
1 1 0 0.31954 0.4 0 0.352511 0.0606945 0.652886 0.352511 0.0606945 0.652886 0.152233 0 0.884944 0 0.369566 0 
1 1 0 0.320119 0.4 0 0.355284 0.0641631 0.643945 0.355284 0.0641631 0.643945 0.146833 0 0.916436 0 0.369991 0 
1 1 0 0.320507 0.4 0 0.358028 0.0678298 0.635064 0.358028 0.0678298 0.635064 0.141423 0 0.950135 0 0.37052 0 
1 1 0 0.320691 0.4 0 0.360742 0.0716986 0.626253 0.360742 0.0716986 0.626253 0.136012 0 0.986176 0 0.37118 0 
1 1 0 0.320705 0.4 0 0.361713 0.0731446 0.623093 0.361713 0.0731446 0.623093 0.134062 0 0.999781 0 0.371455 0 
2 1 0 0.320596 0.4 0 0.364383 0.077292 0.614395 0.364383 0.077292 0.614395 0.128667 0 1.03923 0 0.37234 0 
2 1 0 0.320258 0.4 0 0.367018 0.0816442 0.605792 0.367018 0.0816442 0.605792 0.123296 0 1.08132 0 0.373434 0 
2 1 0 0.319681 0.4 0 0.369616 0.0861991 0.597297 0.369616 0.0861991 0.597297 0.117961 0 1.12617 0 0.37478 0 
2 1 0 0.318856 0.4 0 0.372175 0.0909524 0.58892 0.372175 0.0909524 0.58892 0.112671 0 1.17387 0 0.376428 0 
2 1 0 0.317775 0.4 0 0.374691 0.0958975 0.580671 0.374691 0.0958975 0.580671 0.10744 0 1.22451 0 0.378435 0 
2 1 0 0.316431 0.4 0 0.377162 0.101025 0.57256 0.377162 0.101025 0.57256 0.102277 0 1.27812 0 0.380865 0 
2 1 0 0.314819 0.4 0 0.379586 0.106326 0.564595 0.379586 0.106326 0.564595 0.0971927 0 1.33472 0 0.383789 0 
2 1 0 0.312936 0.4 0 0.381959 0.111786 0.556784 0.381959 0.111786 0.556784 0.092199 0 1.3943 0 0.387287 0 
2 1 0 0.31078 0.4 0 0.384278 0.117392 0.549132 0.384278 0.117392 0.549132 0.0873062 0 1.45681 0 0.391444 0 
2 1 0 0.308353 0.4 0 0.386541 0.123128 0.541644 0.386541 0.123128 0.541644 0.0825243 0 1.52214 0 0.396351 0 
2 1 0 0.305657 0.4 0 0.388746 0.128981 0.534321 0.388746 0.128981 0.534321 0.0778636 0 1.59015 0 0.402108 0 
2 1 0 0.302698 0.4 0 0.390889 0.134933 0.527165 0.390889 0.134933 0.527165 0.0733337 0 1.66066 0 0.408821 0 
2 1 0 0.299482 0.4 0 0.392969 0.140971 0.520173 0.392969 0.140971 0.520173 0.0689439 0 1.7334 0 0.416602 0 
2 1 0 0.296019 0.4 0 0.394984 0.147079 0.513345 0.394984 0.147079 0.513345 0.0647028 0 1.80809 0 0.425571 0 
2 1 0 0.29232 0.4 0 0.396931 0.153246 0.506674 0.396931 0.153246 0.506674 0.0606182 0 1.88437 0 0.435861 0 
2 1 0 0.288399 0.4 0 0.398809 0.15946 0.500156 0.398809 0.15946 0.500156 0.0566971 0 1.9618 0 0.447612 0 
2 1 0 0.28427 0.4 0 0.400614 0.165712 0.493784 0.400614 0.165712 0.493784 0.052945 0 2.03989 0 0.460982 0 
2 1 0 0.279951 0.4 0 0.402347 0.171996 0.48755 0.402347 0.171996 0.48755 0.0493665 0 2.11808 0 0.476148 0 
2 1 0 0.275461 0.4 0 0.404003 0.178307 0.481445 0.404003 0.178307 0.481445 0.0459643 0 2.1957 0 0.493315 0 
2 1 0 0.270823 0.4 0 0.405581 0.184646 0.475461 0.405581 0.184646 0.475461 0.0427397 0 2.27198 0 0.512721 0 
2 1 0 0.266062 0.4 0 0.407079 0.191017 0.469584 0.407079 0.191017 0.469584 0.0396919 0 2.34605 0 0.534661 0 
2 1 0 0.26121 0.4 0 0.408492 0.197428 0.463805 0.408492 0.197428 0.463805 0.0368195 0 2.41682 0 0.559492 0 
2 1 0 0.256305 0.4 0 0.409816 0.203892 0.458112 0.409816 0.203892 0.458112 0.034119 0 2.48301 0 0.587682 0 
2 1 0 0.251395 0.4 0 0.411046 0.210433 0.452489 0.411046 0.210433 0.452489 0.0315852 0 2.54297 0 0.619856 0 
2 1 0 0.246546 0.4 0 0.412173 0.217086 0.446923 0.412173 0.217086 0.446923 0.0292115 0 2.59458 0 0.656896 0 
2 1 0 0.241855 0.4 0 0.413187 0.2239 0.441397 0.413187 0.2239 0.441397 0.0269906 0 2.63482 0 0.700088 0 
2 1 0 0.237466 0.4 0 0.414067 0.23095 0.435896 0.414067 0.23095 0.435896 0.0249143 0 2.65923 0 0.751471 0 
2 1 0 0.233624 0.4 0 0.414784 0.23834 0.430409 0.414784 0.23834 0.430409 0.0229758 0 2.6606 0 0.814452 0 
2 1 0 0.230761 0.4 0 0.415285 0.246206 0.424959 0.415285 0.246206 0.424959 0.0211766 0 2.62645 0 0.895139 0 
2 1 0 0.229643 0.4 0 0.415478 0.254219 0.419922 0.415478 0.254219 0.419922 0.0196176 0 2.54084 0 0.998831 0 
2 1 0 0.231135 0.4 0 0.415288 0.262897 0.415184 0.415288 0.262897 0.415184 0.0182314 0 2.36329 0 1.15552 0 
2 1 0 0.235652 0.4 0 0.414709 0.271016 0.411532 0.414709 0.271016 0.411532 0.0172036 0 2.0319 0 1.42428 0 
2 1 0 0.242278 0.4 25.3615 0.413901 0.278027 0.409023 0.413901 0.278027 0.409023 0.016508 0 1.68362 0.425857 1.68362 -0.425857 
2 1 0 0.25004 0.4 16.3343 0.412999 0.284038 0.407338 0.412999 0.284038 0.407338 0.0160388 0 1.63311 0.661133 1.63311 -0.661133 
2 1 0 0.258408 0.4 13.1328 0.41207 0.289309 0.406187 0.41207 0.289309 0.406187 0.0157132 0 1.58016 0.819504 1.58016 -0.819504 
2 1 0 0.267128 0.4 11.3692 0.411143 0.294048 0.405385 0.411143 0.294048 0.405385 0.0154816 0 1.52633 0.941377 1.52633 -0.941377 
2 1 0 0.276072 0.4 10.2119 0.410234 0.298392 0.404821 0.410234 0.298392 0.404821 0.0153152 0 1.47235 1.04067 1.47235 -1.04067 
2 1 0 0.285169 0.4 9.3755 0.409349 0.30243 0.404425 0.409349 0.30243 0.404425 0.0151962 0 1.41856 1.12426 1.41856 -1.12426 
2 1 0 0.294377 0.4 8.73268 0.408495 0.306225 0.40415 0.408495 0.306225 0.40415 0.0151133 0 1.36513 1.19611 1.36513 -1.19611 
2 1 0 0.303671 0.4 8.21706 0.407675 0.309819 0.403966 0.407675 0.309819 0.403966 0.015059 0 1.31211 1.25877 1.31211 -1.25877 
2 1 0 0.313032 0.4 7.79024 0.406891 0.313244 0.403851 0.406891 0.313244 0.403851 0.0150277 0 1.25955 1.31398 1.25955 -1.31398 
2 1 0 0.32245 0.4 7.42831 0.406146 0.316522 0.403788 0.406146 0.316522 0.403788 0.0150157 0 1.20744 1.363 1.20744 -1.363 
2 1 0 0.331916 0.4 7.11545 0.40544 0.319672 0.403766 0.40544 0.319672 0.403766 0.01502 0 1.15576 1.40675 1.15576 -1.40675 
2 1 0 0.341423 0.4 6.84083 0.404777 0.322706 0.403778 0.404777 0.322706 0.403778 0.0150385 0 1.10449 1.44594 1.10449 -1.44594 
2 1 0 0.350965 0.4 6.59665 0.404157 0.325635 0.403815 0.404157 0.325635 0.403815 0.0150693 0 1.05363 1.48113 1.05363 -1.48113 
2 1 0 0.360538 0.4 6.37721 0.40358 0.328467 0.403873 0.40358 0.328467 0.403873 0.0151109 0 1.00314 1.51277 1.00314 -1.51277 
2 1 0 0.37014 0.4 6.17817 0.403048 0.33121 0.403948 0.403048 0.33121 0.403948 0.0151622 0 0.953012 1.54123 0.953012 -1.54123 
2 1 0 0.379768 0.4 5.99624 0.402561 0.33387 0.404038 0.402561 0.33387 0.404038 0.0152222 0 0.903224 1.5668 0.903224 -1.5668 
2 1 0 0.389419 0.4 5.82882 0.402118 0.336451 0.40414 0.402118 0.336451 0.40414 0.01529 0 0.853766 1.58974 0.853766 -1.58974 
2 1 0 0.399091 0.4 5.67384 0.401721 0.338957 0.404253 0.401721 0.338957 0.404253 0.0153648 0 0.804629 1.61025 0.804629 -1.61025 
2 1 0 0.408783 0.4 5.52965 0.401368 0.341394 0.404374 0.401368 0.341394 0.404374 0.0154459 0 0.755808 1.62852 0.755808 -1.62852 
2 1 0 0.418493 0.4 5.39489 0.40106 0.343763 0.404504 0.40106 0.343763 0.404504 0.0155327 0 0.707303 1.64469 0.707303 -1.64469 
2 1 0 0.428219 0.4 5.26846 0.400795 0.346069 0.404642 0.400795 0.346069 0.404642 0.0156248 0 0.659116 1.65891 0.659116 -1.65891 
2 1 0 0.437961 0.4 5.14943 0.400574 0.348314 0.404787 0.400574 0.348314 0.404787 0.0157214 0 0.611251 1.67129 0.611251 -1.67129 
2 1 0 0.447716 0.4 5.03702 0.400395 0.3505 0.404938 0.400395 0.3505 0.404938 0.0158223 0 0.563718 1.68192 0.563718 -1.68192 
2 1 0 0.457485 0.4 4.93059 0.400257 0.352631 0.405097 0.400257 0.352631 0.405097 0.0159268 0 0.516526 1.69092 0.516526 -1.69092 
2 1 0 0.467265 0.4 4.82957 0.40016 0.354708 0.405262 0.40016 0.354708 0.405262 0.0160347 0 0.469688 1.69834 0.469688 -1.69834 
2 1 0 0.477056 0.4 4.73348 0.400101 0.356733 0.405434 0.400101 0.356733 0.405434 0.0161454 0 0.423218 1.70427 0.423218 -1.70427 
2 1 0 0.486857 0.4 4.64191 0.400081 0.35871 0.405612 0.400081 0.35871 0.405612 0.0162588 0 0.377131 1.70878 0.377131 -1.70878 
2 1 0 0.496668 0.4 4.55451 0.400097 0.360639 0.405797 0.400097 0.360639 0.405797 0.0163743 0 0.331445 1.71193 0.331445 -1.71193 
2 1 0 0.506487 0.4 4.47094 0.400149 0.362523 0.40599 0.400149 0.362523 0.40599 0.0164917 0 0.286175 1.71378 0.286175 -1.71378 
2 1 0 0.516314 0.4 4.39095 0.400235 0.364363 0.406189 0.400235 0.364363 0.406189 0.0166106 0 0.24134 1.71437 0.24134 -1.71437 
2 1 0 0.526148 0.4 4.31427 0.400354 0.366162 0.406396 0.400354 0.366162 0.406396 0.0167308 0 0.196957 1.71376 0.196957 -1.71376 
2 1 0 0.535989 0.4 4.2407 0.400504 0.367921 0.40661 0.400504 0.367921 0.40661 0.016852 0 0.153043 1.712 0.153043 -1.712 
2 1 0 0.545836 0.4 4.17003 0.400684 0.369641 0.406832 0.400684 0.369641 0.406832 0.0169738 0 0.109616 1.70914 0.109616 -1.70914 
2 1 0 0.555688 0.4 4.10209 0.400893 0.371325 0.407062 0.400893 0.371325 0.407062 0.0170962 0 0.0666932 1.70521 0.0666932 -1.70521 
2 1 0 0.565546 0.4 4.03671 0.40113 0.372973 0.407299 0.40113 0.372973 0.407299 0.0172187 0 0.0242901 1.70025 0.0242901 -1.70025 
2 1 0 0.575408 0.4 3.97376 0.401392 0.374588 0.407544 0.401392 0.374588 0.407544 0.0173412 0 -0.0175775 1.69432 -0.0175775 -1.69432 
2 1 0 0.585275 0.4 3.91309 0.40168 0.37617 0.407798 0.40168 0.37617 0.407798 0.0174635 0 -0.0588948 1.68744 -0.0588948 -1.68744 
2 1 0 0.595146 0.4 3.85459 0.401991 0.377721 0.408059 0.401991 0.377721 0.408059 0.0175854 0 -0.0996477 1.67965 -0.0996477 -1.67965 
2 1 0 0.60502 0.4 3.79814 0.402325 0.379243 0.408329 0.402325 0.379243 0.408329 0.0177066 0 -0.139823 1.671 -0.139823 -1.671 
2 1 0 0.614898 0.4 3.74365 0.402681 0.380736 0.408607 0.402681 0.380736 0.408607 0.0178269 0 -0.179409 1.66151 -0.179409 -1.66151 
2 1 0 0.624778 0.4 3.69101 0.403056 0.382201 0.408893 0.403056 0.382201 0.408893 0.0179463 0 -0.218395 1.65122 -0.218395 -1.65122 
2 1 0 0.634662 0.4 3.64013 0.403451 0.38364 0.409187 0.403451 0.38364 0.409187 0.0180645 0 -0.25677 1.64016 -0.25677 -1.64016 
2 1 0 0.644549 0.4 3.59094 0.403864 0.385054 0.40949 0.403864 0.385054 0.40949 0.0181814 0 -0.294526 1.62837 -0.294526 -1.62837 
2 1 0 0.654437 0.4 3.54335 0.404294 0.386443 0.409801 0.404294 0.386443 0.409801 0.0182968 0 -0.331653 1.61589 -0.331653 -1.61589 
2 1 0 0.664328 0.4 3.4973 0.40474 0.387809 0.41012 0.40474 0.387809 0.41012 0.0184106 0 -0.368146 1.60273 -0.368146 -1.60273 
2 1 0 0.674222 0.4 3.45272 0.405202 0.389153 0.410447 0.405202 0.389153 0.410447 0.0185226 0 -0.403998 1.58893 -0.403998 -1.58893 
2 1 0 0.684117 0.4 3.40954 0.405678 0.390476 0.410782 0.405678 0.390476 0.410782 0.0186328 0 -0.439205 1.57452 -0.439205 -1.57452 
2 1 0 0.694014 0.4 3.3677 0.406168 0.391778 0.411126 0.406168 0.391778 0.411126 0.0187409 0 -0.473761 1.55953 -0.473761 -1.55953 
2 1 0 0.703912 0.4 3.32715 0.406671 0.39306 0.411477 0.406671 0.39306 0.411477 0.018847 0 -0.507664 1.544 -0.507664 -1.544 
2 1 0 0.713812 0.4 3.28783 0.407186 0.394323 0.411836 0.407186 0.394323 0.411836 0.0189509 0 -0.540911 1.52793 -0.540911 -1.52793 
2 1 0 0.723714 0.4 3.2497 0.407712 0.395568 0.412202 0.407712 0.395568 0.412202 0.0190524 0 -0.573502 1.51138 -0.573502 -1.51138 
2 1 0 0.733616 0.4 3.2127 0.408249 0.396795 0.412577 0.408249 0.396795 0.412577 0.0191516 0 -0.605435 1.49435 -0.605435 -1.49435 
2 1 0 0.743521 0.4 3.17679 0.408796 0.398005 0.412958 0.408796 0.398005 0.412958 0.0192482 0 -0.636711 1.47688 -0.636711 -1.47688 
2 1 0 0.753426 0.4 3.14194 0.409352 0.399199 0.413347 0.409352 0.399199 0.413347 0.0193424 0 -0.66733 1.45899 -0.66733 -1.45899 
2 1 0 0.763332 0.4 3.10809 0.409918 0.400378 0.413744 0.409918 0.400378 0.413744 0.0194339 0 -0.697295 1.44071 -0.697295 -1.44071 
2 1 0 0.773239 0.4 3.07522 0.410491 0.401541 0.414147 0.410491 0.401541 0.414147 0.0195227 0 -0.726607 1.42206 -0.726607 -1.42206 
2 1 0 0.783148 0.4 3.04328 0.411073 0.402689 0.414557 0.411073 0.402689 0.414557 0.0196087 0 -0.755271 1.40307 -0.755271 -1.40307 
2 1 0 0.793057 0.4 3.01223 0.411661 0.403823 0.414974 0.411661 0.403823 0.414974 0.019692 0 -0.783288 1.38374 -0.783288 -1.38374 
2 1 0 0.802967 0.4 2.98206 0.412257 0.404944 0.415398 0.412257 0.404944 0.415398 0.0197724 0 -0.810665 1.36412 -0.810665 -1.36412 
2 1 0 0.812878 0.4 2.95272 0.412858 0.406052 0.415828 0.412858 0.406052 0.415828 0.0198499 0 -0.837404 1.34422 -0.837404 -1.34422 
2 1 0 0.82279 0.4 2.92418 0.413466 0.407146 0.416264 0.413466 0.407146 0.416264 0.0199245 0 -0.863513 1.32406 -0.863513 -1.32406 
2 1 0 0.832702 0.4 2.89643 0.414079 0.408229 0.416707 0.414079 0.408229 0.416707 0.0199962 0 -0.888996 1.30365 -0.888996 -1.30365 
2 1 0 0.842615 0.4 2.86942 0.414697 0.409299 0.417155 0.414697 0.409299 0.417155 0.0200648 0 -0.91386 1.28303 -0.91386 -1.28303 
2 1 0 0.852529 0.4 2.84313 0.41532 0.410358 0.41761 0.41532 0.410358 0.41761 0.0201305 0 -0.938111 1.26221 -0.938111 -1.26221 
2 1 0 0.862444 0.4 2.81755 0.415948 0.411406 0.41807 0.415948 0.411406 0.41807 0.0201931 0 -0.961757 1.2412 -0.961757 -1.2412 
2 1 0 0.872359 0.4 2.79264 0.416579 0.412443 0.418535 0.416579 0.412443 0.418535 0.0202527 0 -0.984804 1.22002 -0.984804 -1.22002 
2 1 0 0.882275 0.4 2.76838 0.417214 0.41347 0.419006 0.417214 0.41347 0.419006 0.0203092 0 -1.00726 1.1987 -1.00726 -1.1987 
2 1 0 0.892191 0.4 2.74475 0.417853 0.414486 0.419482 0.417853 0.414486 0.419482 0.0203627 0 -1.02914 1.17724 -1.02914 -1.17724 
2 1 0 0.902108 0.4 2.72173 0.418495 0.415493 0.419963 0.418495 0.415493 0.419963 0.0204131 0 -1.05044 1.15567 -1.05044 -1.15567 
2 1 0 0.912025 0.4 2.69929 0.419139 0.416489 0.420449 0.419139 0.416489 0.420449 0.0204604 0 -1.07117 1.13399 -1.07117 -1.13399 
2 1 0 0.921943 0.4 2.67743 0.419787 0.417477 0.42094 0.419787 0.417477 0.42094 0.0205047 0 -1.09135 1.11222 -1.09135 -1.11222 
2 1 0 0.931862 0.4 2.65612 0.420436 0.418455 0.421435 0.420436 0.418455 0.421435 0.020546 0 -1.11098 1.09038 -1.11098 -1.09038 
2 1 0 0.94178 0.4 2.63534 0.421088 0.419425 0.421935 0.421088 0.419425 0.421935 0.0205843 0 -1.13007 1.06848 -1.13007 -1.06848 
2 1 0 0.9517 0.4 2.61508 0.421742 0.420385 0.422439 0.421742 0.420385 0.422439 0.0206195 0 -1.14862 1.04653 -1.14862 -1.04653 
2 1 0 0.96162 0.4 2.59532 0.422398 0.421338 0.422946 0.422398 0.421338 0.422946 0.0206518 0 -1.16666 1.02454 -1.16666 -1.02454 
2 1 0 0.97154 0.4 2.57605 0.423055 0.422282 0.423458 0.423055 0.422282 0.423458 0.020681 0 -1.18419 1.00253 -1.18419 -1.00253 
2 1 0 0.981461 0.4 2.55724 0.423713 0.423218 0.423974 0.423713 0.423218 0.423974 0.0207074 0 -1.20122 0.980507 -1.20122 -0.980507 
2 1 0 0.991383 0.4 2.53889 0.424373 0.424147 0.424493 0.424373 0.424147 0.424493 0.0207308 0 -1.21775 0.958479 -1.21775 -0.958479 
2 1 0 1.0013 0.4 2.52098 0.425034 0.425068 0.425016 0.425034 0.425068 0.425016 -1.2338 0.936459 -1.2338 -0.936459 0.0207514 0 
1 1 0 0 0.4 0 0.00601027 1 0.0101362 0.00601027 1 0.0101362 0.0109646 0 6.11134 0 0.742999 0 
1 1 0 0.00142139 0.4 0 0.00601614 1 0.0115432 0.00601614 1 0.0115432 0.367879 0 0.368127 0 0.367632 0 
1 1 0 0.00284278 0.4 0 0.00602201 1 0.0129502 0.00602201 1 0.0129502 0.367879 0 0.36757 0 0.368189 0 
1 1 0 0.00568557 0.4 0 0.00603374 1 0.0157641 0.00603374 1 0.0157641 0.367879 0 0.367426 0 0.368334 0 
1 1 0 0.0113711 0.4 0 0.0060572 1 0.0213921 0.0060572 1 0.0213921 0.367879 0 0.36705 0 0.36871 0 
1 1 0 0.0184781 0.4 0 0.00608655 0.999998 0.0284271 0.00608655 0.999998 0.0284271 0.367879 0 0.366424 0 0.369341 0 
1 1 0 0.0255849 0.4 0 0.00611595 0.999995 0.0354621 0.00611595 0.999995 0.0354621 0.367879 0 0.365626 0 0.370147 0 
1 1 0 0.0326917 0.4 0 0.00614544 0.999986 0.0424972 0.00614544 0.999986 0.0424972 0.367879 0 0.371128 0 0.364659 0 
1 1 0 0.0397983 0.4 0 0.00617509 0.999971 0.0495325 0.00617509 0.999971 0.0495325 0.367879 0 0.363527 0 0.372284 0 
1 1 0 0.0469046 0.4 0 0.006205 0.999943 0.0565681 0.006205 0.999943 0.0565681 0.367879 0 0.373613 0 0.362234 0 
1 1 0 0.0540104 0.4 0 0.00623529 0.999898 0.063604 0.00623529 0.999898 0.063604 0.367879 0 0.360783 0 0.375115 0 
1 1 0 0.0611156 0.4 0 0.00626614 0.999828 0.0706404 0.00626614 0.999828 0.0706404 0.367879 0 0.359177 0 0.376792 0 
1 1 0 0.0682198 0.4 0 0.00629776 0.999724 0.0776774 0.00629776 0.999724 0.0776774 0.367879 0 0.35742 0 0.378644 0 
1 1 0 0.0753226 0.4 0 0.00633043 0.999574 0.0847151 0.00633043 0.999574 0.0847151 0.367879 0 0.355516 0 0.380673 0 
1 1 0 0.0824234 0.4 0 0.00636446 0.999365 0.0917534 0.00636446 0.999365 0.0917534 0.367879 0 0.353468 0 0.382878 0 
1 1 0 0.0895213 0.4 0 0.00640027 0.999082 0.0987921 0.00640027 0.999082 0.0987921 0.367879 0 0.351279 0 0.385264 0 
1 1 0 0.0966151 0.4 0 0.0064383 0.998705 0.105831 0.0064383 0.998705 0.105831 0.367879 0 0.348952 0 0.387833 0 
1 1 0 0.103703 0.4 0 0.00647913 0.998214 0.112869 0.00647913 0.998214 0.112869 0.367879 0 0.390589 0 0.34649 0 
1 1 0 0.110783 0.4 0 0.00652339 0.997586 0.119904 0.00652339 0.997586 0.119904 0.367879 0 0.343896 0 0.393536 0 
1 1 0 0.117851 0.4 0 0.0065718 0.996792 0.126936 0.0065718 0.996792 0.126936 0.367879 0 0.341171 0 0.396679 0 
1 1 0 0.124903 0.4 0 0.00662522 0.995805 0.133959 0.00662522 0.995805 0.133959 0.367879 0 0.338318 0 0.400023 0 
1 1 0 0.131931 0.4 0 0.00668457 0.994593 0.140969 0.00668457 0.994593 0.140969 0.367879 0 0.33534 0 0.403576 0 
1 1 0 0.138928 0.4 0 0.00675088 0.993123 0.147959 0.00675088 0.993123 0.147959 0.367879 0 0.332238 0 0.407344 0 
1 1 0 0.145885 0.4 0 0.00682531 0.99136 0.154923 0.00682531 0.99136 0.154923 0.367879 0 0.329014 0 0.411336 0 
1 1 0 0.15279 0.4 0 0.00690907 0.989271 0.161848 0.00690907 0.989271 0.161848 0.367879 0 0.325672 0 0.415557 0 
1 1 0 0.159626 0.4 0 0.00700344 0.986823 0.168722 0.00700344 0.986823 0.168722 0.36788 0 0.322214 0 0.420017 0 
1 1 0 0.166379 0.4 0 0.00710975 0.983988 0.175531 0.00710975 0.983988 0.175531 0.36788 0 0.318645 0 0.424721 0 
1 1 0 0.173027 0.4 0 0.00722932 0.98074 0.182256 0.00722932 0.98074 0.182256 0.36788 0 0.314971 0 0.429675 0 
1 1 0 0.179553 0.4 0 0.00736342 0.977062 0.18888 0.00736342 0.977062 0.18888 0.36788 0 0.311198 0 0.434884 0 
1 1 0 0.185934 0.4 0 0.00751327 0.972945 0.195385 0.00751327 0.972945 0.195385 0.36788 0 0.307335 0 0.440351 0 
1 1 0 0.192153 0.4 0 0.00767999 0.968389 0.201751 0.00767999 0.968389 0.201751 0.36788 0 0.303388 0 0.44608 0 
1 1 0 0.198193 0.4 0 0.00786458 0.963402 0.207965 0.00786458 0.963402 0.207965 0.36788 0 0.299367 0 0.452071 0 
1 1 0 0.204039 0.4 0 0.00806795 0.957998 0.214014 0.00806795 0.957998 0.214014 0.36788 0 0.295279 0 0.458329 0 
1 1 0 0.209682 0.4 0 0.00829091 0.9522 0.219887 0.00829091 0.9522 0.219887 0.36788 0 0.291133 0 0.464857 0 
1 1 0 0.215115 0.4 0 0.00853423 0.946035 0.22558 0.00853423 0.946035 0.22558 0.36788 0 0.286934 0 0.47166 0 
1 1 0 0.220336 0.4 0 0.00879865 0.939531 0.231091 0.00879865 0.939531 0.231091 0.36788 0 0.282688 0 0.478745 0 
1 1 0 0.225346 0.4 0 0.00908493 0.932719 0.236422 0.00908493 0.932719 0.236422 0.36788 0 0.278398 0 0.486122 0 
1 1 0 0.230147 0.4 0 0.00939388 0.925628 0.241576 0.00939388 0.925628 0.241576 0.36788 0 0.274067 0 0.493804 0 
1 1 0 0.234745 0.4 0 0.0097264 0.918286 0.246561 0.0097264 0.918286 0.246561 0.36788 0 0.269696 0 0.501807 0 
1 1 0 0.239146 0.4 0 0.0100835 0.910719 0.251382 0.0100835 0.910719 0.251382 0.36788 0 0.265285 0 0.510149 0 
1 1 0 0.243358 0.4 0 0.0104662 0.902952 0.25605 0.0104662 0.902952 0.25605 0.36788 0 0.260835 0 0.518853 0 
1 1 0 0.247387 0.4 0 0.0108758 0.895006 0.260572 0.0108758 0.895006 0.260572 0.36788 0 0.256345 0 0.527941 0 
1 1 0 0.251242 0.4 0 0.0113137 0.8869 0.264958 0.0113137 0.8869 0.264958 0.36788 0 0.251813 0 0.537443 0 
1 1 0 0.254929 0.4 0 0.0117814 0.878651 0.269218 0.0117814 0.878651 0.269218 0.36788 0 0.247237 0 0.54739 0 
1 1 0 0.258454 0.4 0 0.0122807 0.870274 0.273359 0.0122807 0.870274 0.273359 0.36788 0 0.242616 0 0.557814 0 
1 1 0 0.261824 0.4 0 0.0128135 0.861783 0.277391 0.0128135 0.861783 0.277391 0.367881 0 0.237949 0 0.568755 0 
1 1 0 0.265043 0.4 0 0.0133817 0.853188 0.281322 0.0133817 0.853188 0.281322 0.367881 0 0.233234 0 0.580254 0 
1 1 0 0.268116 0.4 0 0.0139877 0.844501 0.285158 0.0139877 0.844501 0.285158 0.367881 0 0.228468 0 0.592357 0 
1 1 0 0.271047 0.4 0 0.014634 0.835729 0.288908 0.014634 0.835729 0.288908 0.367881 0 0.223652 0 0.605112 0 
1 1 0 0.273837 0.4 0 0.0153232 0.826882 0.292577 0.0153232 0.826882 0.292577 0.367882 0 0.218784 0 0.618576 0 
1 1 0 0.276489 0.4 0 0.0160582 0.817965 0.296172 0.0160582 0.817965 0.296172 0.367882 0 0.213863 0 0.632809 0 
1 1 0 0.279003 0.4 0 0.0168422 0.808986 0.299699 0.0168422 0.808986 0.299699 0.367883 0 0.208889 0 0.647876 0 
1 1 0 0.281379 0.4 0 0.0176787 0.79995 0.303162 0.0176787 0.79995 0.303162 0.367884 0 0.203862 0 0.663851 0 
1 1 0 0.283617 0.4 0 0.0185712 0.790861 0.306568 0.0185712 0.790861 0.306568 0.367885 0 0.198782 0 0.680813 0 
1 1 0 0.285714 0.4 0 0.0195236 0.781726 0.30992 0.0195236 0.781726 0.30992 0.367886 0 0.19365 0 0.698851 0 
1 1 0 0.287667 0.4 0 0.0205403 0.772547 0.313223 0.0205403 0.772547 0.313223 0.367888 0 0.718062 0 0.188469 0 
1 1 0 0.289472 0.4 0 0.0216255 0.76333 0.31648 0.0216255 0.76333 0.31648 0.36789 0 0.183239 0 0.738552 0 
1 1 0 0.291124 0.4 0 0.0227842 0.754079 0.319695 0.0227842 0.754079 0.319695 0.367892 0 0.177964 0 0.76044 0 
1 1 0 0.292618 0.4 0 0.0240212 0.744797 0.322871 0.0240212 0.744797 0.322871 0.367896 0 0.172646 0 0.783854 0 
1 1 0 0.293944 0.4 0 0.0253418 0.735489 0.326012 0.0253418 0.735489 0.326012 0.3679 0 0.167291 0 0.808939 0 
1 1 0 0.295095 0.4 0 0.0267514 0.72616 0.329119 0.0267514 0.72616 0.329119 0.367905 0 0.835851 0 0.161902 0 
1 1 0 0.296061 0.4 0 0.0282555 0.716814 0.332195 0.0282555 0.716814 0.332195 0.367911 0 0.156487 0 0.864762 0 
1 1 0 0.29683 0.4 0 0.0298599 0.707457 0.335241 0.0298599 0.707457 0.335241 0.367919 0 0.151051 0 0.895862 0 
1 1 0 0.29739 0.4 0 0.0315701 0.698095 0.33826 0.0315701 0.698095 0.33826 0.367929 0 0.145603 0 0.929355 0 
1 1 0 0.297726 0.4 0 0.0333915 0.688735 0.341252 0.0333915 0.688735 0.341252 0.367942 0 0.140152 0 0.965467 0 
1 1 0 0.297825 0.4 0 0.0351033 0.680444 0.343882 0.0351033 0.680444 0.343882 0.367956 0 0.999864 0 0.135326 0 
2 1 0 0.297696 0.4 0 0.037148 0.671108 0.346825 0.037148 0.671108 0.346825 0.367976 0 1.04159 0 0.129897 0 
2 1 0 0.297295 0.4 0 0.0393166 0.661801 0.349742 0.0393166 0.661801 0.349742 0.368001 0 0.1245 0 1.08667 0 
2 1 0 0.296603 0.4 0 0.0416118 0.652532 0.352631 0.0416118 0.652532 0.352631 0.368032 0 0.119146 0 1.1354 0 
2 1 0 0.2956 0.4 0 0.0440349 0.643316 0.355491 0.0440349 0.643316 0.355491 0.368071 0 0.113852 0 1.18808 0 
2 1 0 0.294267 0.4 0 0.046585 0.634167 0.358321 0.046585 0.634167 0.358321 0.36812 0 0.108633 0 1.245 0 
2 1 0 0.292584 0.4 0 0.0492592 0.6251 0.361117 0.0492592 0.6251 0.361117 0.36818 0 0.103505 0 1.30645 0 
2 1 0 0.290532 0.4 0 0.0520518 0.616135 0.363877 0.0520518 0.616135 0.363877 0.368254 0 0.0984873 0 1.37274 0 
2 1 0 0.288092 0.4 0 0.0549541 0.60729 0.366596 0.0549541 0.60729 0.366596 0.368344 0 0.0935961 0 1.44413 0 
2 1 0 0.285251 0.4 0 0.0579543 0.598585 0.36927 0.0579543 0.598585 0.36927 0.368453 0 0.0888486 0 1.52084 0 
2 1 0 0.281995 0.4 0 0.0610371 0.590041 0.371894 0.0610371 0.590041 0.371894 0.368584 0 0.084261 0 1.60308 0 
2 1 0 0.278317 0.4 0 0.0641842 0.581676 0.374464 0.0641842 0.581676 0.374464 0.368738 0 0.0798476 0 1.69097 0 
2 1 0 0.274211 0.4 0 0.0673742 0.573512 0.376975 0.0673742 0.573512 0.376975 0.368918 0 0.0756211 0 1.78461 0 
2 1 0 0.269678 0.4 0 0.0705836 0.565564 0.379423 0.0705836 0.565564 0.379423 0.369125 0 0.0715916 0 1.884 0 
2 1 0 0.264723 0.4 0 0.0737868 0.557849 0.381803 0.0737868 0.557849 0.381803 0.369359 0 0.0677664 0 1.98909 0 
2 1 0 0.259356 0.4 0 0.0769576 0.550379 0.384113 0.0769576 0.550379 0.384113 0.36962 0 0.0641499 0 2.09974 0 
2 1 0 0.253588 0.4 0 0.0800692 0.543165 0.386349 0.0800692 0.543165 0.386349 0.369906 0 0.0607437 0 2.21577 0 
2 1 0 0.247438 0.4 0 0.0830959 0.536211 0.38851 0.0830959 0.536211 0.38851 0.370213 0 0.0575466 0 2.33693 0 
2 1 0 0.240925 0.4 0 0.086013 0.529523 0.390595 0.086013 0.529523 0.390595 0.370539 0 0.0545549 0 2.46291 0 
2 1 0 0.234072 0.4 0 0.0887977 0.523101 0.392602 0.0887977 0.523101 0.392602 0.370876 0 0.051763 0 2.59339 0 
2 1 0 0.226901 0.4 0 0.0914299 0.516944 0.394534 0.0914299 0.516944 0.394534 0.37122 0 0.0491633 0 2.728 0 
2 1 0 0.219436 0.4 0 0.0938916 0.511046 0.39639 0.0938916 0.511046 0.39639 0.371563 0 0.0467472 0 2.86635 0 
2 1 0 0.211704 0.4 0 0.096168 0.505403 0.398173 0.096168 0.505403 0.398173 0.371898 0 0.044505 0 3.00805 0 
2 1 0 0.203727 0.4 0 0.0982469 0.500007 0.399884 0.0982469 0.500007 0.399884 0.372218 0 0.0424265 0 3.1527 0 
2 1 0 0.195529 0.4 0 0.100119 0.49485 0.401526 0.100119 0.49485 0.401526 0.372516 0 0.0405013 0 3.29991 0 
2 1 0 0.187133 0.4 0 0.101777 0.489922 0.403101 0.101777 0.489922 0.403101 0.372787 0 0.038719 0 3.44931 0 
2 1 0 0.178562 0.4 0 0.103216 0.485214 0.404613 0.103216 0.485214 0.404613 0.373024 0 0.0370692 0 3.60053 0 
2 1 0 0.169834 0.4 0 0.104434 0.480715 0.406065 0.104434 0.480715 0.406065 0.373224 0 0.0355421 0 3.75323 0 
2 1 0 0.16097 0.4 0 0.105431 0.476416 0.407458 0.105431 0.476416 0.407458 0.373382 0 0.0341279 0 3.90709 0 
2 1 0 0.151986 0.4 0 0.106208 0.472305 0.408797 0.106208 0.472305 0.408797 0.373498 0 0.0328178 0 4.06181 0 
2 1 0 0.142898 0.4 0 0.106766 0.468374 0.410084 0.106766 0.468374 0.410084 0.373569 0 0.0316031 0 4.21712 0 
2 1 0 0.133722 0.4 0 0.107111 0.464613 0.411322 0.107111 0.464613 0.411322 0.373596 0 0.0304759 0 4.37278 0 
2 1 0 0.124471 0.4 0 0.107245 0.461011 0.412514 0.107245 0.461011 0.412514 0.37358 0 0.0294289 0 4.52854 0 
2 1 0 0.115156 0.4 0 0.107175 0.45756 0.413661 0.107175 0.45756 0.413661 0.373522 0 0.0284553 0 4.68422 0 
2 1 0 0.105788 0.4 0 0.106907 0.454252 0.414768 0.106907 0.454252 0.414768 0.373426 0 0.0275487 0 4.83962 0 
2 1 0 0.0963768 0.4 0 0.106446 0.451077 0.415835 0.106446 0.451077 0.415835 0.373294 0 0.0267034 0 4.99459 0 
2 1 0 0.0869308 0.4 0 0.105799 0.448029 0.416866 0.105799 0.448029 0.416866 0.373129 0 0.0259141 0 5.14898 0 
2 1 0 0.0774577 0.4 0 0.104973 0.445099 0.417861 0.104973 0.445099 0.417861 0.372936 0 0.0251761 0 5.30267 0 
2 1 0 0.0679638 0.4 0 0.103975 0.44228 0.418824 0.103975 0.44228 0.418824 0.372718 0 0.0244849 0 5.45553 0 
2 1 0 0.0584551 0.4 0 0.10281 0.439567 0.419755 0.10281 0.439567 0.419755 0.37248 0 0.0238367 0 5.60747 0 
2 1 0 0.0489368 0.4 0 0.101486 0.436953 0.420657 0.101486 0.436953 0.420657 0.372226 0 0.0232278 0 5.7584 0 
2 1 0 0.0394131 0.4 0 0.100009 0.434432 0.42153 0.100009 0.434432 0.42153 0.37196 0 0.0226549 0 5.90824 0 
2 1 0 0.029888 0.4 0 0.0983854 0.431998 0.422377 0.0983854 0.431998 0.422377 0.371686 0 0.022115 0 6.05693 0 
2 1 0 0.0203636 0.4 0 0.0966209 0.429648 0.423198 0.0966209 0.429648 0.423198 0.371407 0 0.0216055 0 6.20443 0 
2 1 0 0.0108441 0.4 0 0.0947218 0.427376 0.423995 0.0947218 0.427376 0.423995 0.371127 0 0.0211239 0 6.35067 0 
2 1 0 0.00133218 0.4 0 0.0926935 0.425177 0.424768 0.0926935 0.425177 0.424768 0.370849 0 0.0206681 0 6.49559 0 
2 1 0 -0.00817015 0.4 0 0.0905414 0.423049 0.42552 0.0905414 0.423049 0.42552 0.370576 0 0.020236 0 6.63917 0 
1 1 0 0 0.4 0 1 0.0101362 0.0101362 1 0.0101362 0.0101362 -1.2338 0.936459 -1.2338 -0.936459 0.0207514 0 
1 1 0 0.0014214 0.4 0 1 0.0115432 0.0101362 1 0.0115432 0.0101362 0.367481 0 0.368278 0 0.367879 0 
1 1 0 0.0028428 0.4 0 1 0.0129502 0.0101362 1 0.0129502 0.0101362 0.367415 0 0.368345 0 0.367879 0 
1 1 0 0.00568559 0.4 0 1 0.0157642 0.0101362 1 0.0157642 0.0101362 0.367245 0 0.368515 0 0.367879 0 
1 1 0 0.0113712 0.4 0 0.999999 0.0213922 0.0101362 0.999999 0.0213922 0.0101362 0.366779 0 0.368984 0 0.367879 0 
1 1 0 0.0184781 0.4 0 0.999997 0.0284272 0.0101363 0.999997 0.0284272 0.0101363 0.365979 0 0.369789 0 0.36788 0 
1 1 0 0.025585 0.4 0 0.999991 0.0354623 0.0101366 0.999991 0.0354623 0.0101366 0.364955 0 0.370827 0 0.36788 0 
1 1 0 0.0326916 0.4 0 0.999977 0.0424976 0.0101372 0.999977 0.0424976 0.0101372 0.363716 0 0.372091 0 0.36788 0 
1 1 0 0.039798 0.4 0 0.999951 0.0495331 0.0101384 0.999951 0.0495331 0.0101384 0.362267 0 0.373579 0 0.36788 0 
1 1 0 0.0469038 0.4 0 0.999906 0.0565691 0.0101404 0.999906 0.0565691 0.0101404 0.360616 0 0.375289 0 0.36788 0 
1 1 0 0.0540089 0.4 0 0.999832 0.0636057 0.0101437 0.999832 0.0636057 0.0101437 0.358768 0 0.377222 0 0.36788 0 
1 1 0 0.0611128 0.4 0 0.999716 0.0706429 0.0101488 0.999716 0.0706429 0.0101488 0.35673 0 0.379377 0 0.36788 0 
1 1 0 0.0682149 0.4 0 0.999545 0.077681 0.0101564 0.999545 0.077681 0.0101564 0.354507 0 0.381756 0 0.36788 0 
1 1 0 0.0753144 0.4 0 0.999301 0.0847197 0.0101673 0.999301 0.0847197 0.0101673 0.352105 0 0.384361 0 0.36788 0 
1 1 0 0.0824099 0.4 0 0.998962 0.0917587 0.0101825 0.998962 0.0917587 0.0101825 0.349529 0 0.387193 0 0.36788 0 
1 1 0 0.0894995 0.4 0 0.998503 0.0987972 0.0102031 0.998503 0.0987972 0.0102031 0.346784 0 0.390258 0 0.36788 0 
1 1 0 0.0965805 0.4 0 0.997895 0.105834 0.0102305 0.997895 0.105834 0.0102305 0.343875 0 0.393559 0 0.36788 0 
1 1 0 0.103649 0.4 0 0.997108 0.112866 0.0102661 0.997108 0.112866 0.0102661 0.340806 0 0.397103 0 0.36788 0 
1 1 0 0.110698 0.4 0 0.996105 0.119888 0.0103117 0.996105 0.119888 0.0103117 0.337582 0 0.400895 0 0.36788 0 
1 1 0 0.11772 0.4 0 0.994848 0.126895 0.0103692 0.994848 0.126895 0.0103692 0.334207 0 0.404944 0 0.36788 0 
1 1 0 0.124707 0.4 0 0.993296 0.133879 0.0104409 0.993296 0.133879 0.0104409 0.330686 0 0.409256 0 0.36788 0 
1 1 0 0.131643 0.4 0 0.991409 0.140829 0.0105289 0.991409 0.140829 0.0105289 0.327023 0 0.41384 0 0.36788 0 
1 1 0 0.138515 0.4 0 0.989145 0.147732 0.0106358 0.989145 0.147732 0.0106358 0.323224 0 0.418704 0 0.36788 0 
1 1 0 0.145302 0.4 0 0.986467 0.154569 0.0107639 0.986467 0.154569 0.0107639 0.319297 0 0.423853 0 0.36788 0 
1 1 0 0.151982 0.4 0 0.983344 0.161322 0.0109158 0.983344 0.161322 0.0109158 0.315251 0 0.429293 0 0.36788 0 
1 1 0 0.158531 0.4 0 0.979753 0.167969 0.0110939 0.979753 0.167969 0.0110939 0.311096 0 0.435027 0 0.36788 0 
1 1 0 0.164926 0.4 0 0.975681 0.174487 0.0113002 0.975681 0.174487 0.0113002 0.306844 0 0.441055 0 0.36788 0 
1 1 0 0.171143 0.4 0 0.971126 0.180855 0.0115366 0.971126 0.180855 0.0115366 0.302508 0 0.447377 0 0.36788 0 
1 1 0 0.177162 0.4 0 0.966099 0.187054 0.0118046 0.966099 0.187054 0.0118046 0.2981 0 0.453991 0 0.36788 0 
1 1 0 0.182968 0.4 0 0.96062 0.193069 0.0121055 0.96062 0.193069 0.0121055 0.293634 0 0.460897 0 0.36788 0 
1 1 0 0.188549 0.4 0 0.954717 0.198891 0.0124404 0.954717 0.198891 0.0124404 0.289119 0 0.468095 0 0.367881 0 
1 1 0 0.193898 0.4 0 0.948422 0.204514 0.0128101 0.948422 0.204514 0.0128101 0.284564 0 0.475587 0 0.367881 0 
1 1 0 0.199016 0.4 0 0.941771 0.209937 0.0132154 0.941771 0.209937 0.0132154 0.279975 0 0.483381 0 0.367881 0 
1 1 0 0.203905 0.4 0 0.9348 0.215163 0.0136571 0.9348 0.215163 0.0136571 0.275359 0 0.491485 0 0.367881 0 
1 1 0 0.208569 0.4 0 0.927545 0.2202 0.0141362 0.927545 0.2202 0.0141362 0.270717 0 0.499912 0 0.367881 0 
1 1 0 0.213017 0.4 0 0.920036 0.225055 0.0146536 0.920036 0.225055 0.0146536 0.26605 0 0.508681 0 0.367882 0 
1 1 0 0.217257 0.4 0 0.912304 0.229738 0.0152107 0.912304 0.229738 0.0152107 0.261358 0 0.517812 0 0.367882 0 
1 1 0 0.221298 0.4 0 0.904375 0.234259 0.015809 0.904375 0.234259 0.015809 0.256641 0 0.527329 0 0.367883 0 
1 1 0 0.22515 0.4 0 0.896273 0.23863 0.01645 0.896273 0.23863 0.01645 0.251896 0 0.537261 0 0.367883 0 
1 1 0 0.228821 0.4 0 0.888017 0.242861 0.0171359 0.888017 0.242861 0.0171359 0.247122 0 0.547639 0 0.367884 0 
1 1 0 0.232318 0.4 0 0.879626 0.246961 0.0178687 0.879626 0.246961 0.0178687 0.242316 0 0.558498 0 0.367885 0 
1 1 0 0.235651 0.4 0 0.871115 0.250942 0.0186511 0.871115 0.250942 0.0186511 0.237477 0 0.569878 0 0.367886 0 
1 1 0 0.238824 0.4 0 0.862497 0.254811 0.0194856 0.862497 0.254811 0.0194856 0.232601 0 0.581821 0 0.367888 0 
1 1 0 0.241843 0.4 0 0.853785 0.258578 0.0203756 0.853785 0.258578 0.0203756 0.227688 0 0.594373 0 0.36789 0 
1 1 0 0.244714 0.4 0 0.844989 0.26225 0.0213241 0.844989 0.26225 0.0213241 0.222735 0 0.607587 0 0.367892 0 
1 1 0 0.247438 0.4 0 0.836117 0.265835 0.022335 0.836117 0.265835 0.022335 0.217741 0 0.621518 0 0.367895 0 
1 1 0 0.250019 0.4 0 0.827178 0.269339 0.0234122 0.827178 0.269339 0.0234122 0.212704 0 0.636228 0 0.367898 0 
1 1 0 0.252458 0.4 0 0.81818 0.272769 0.0245601 0.81818 0.272769 0.0245601 0.207625 0 0.651785 0 0.367902 0 
1 1 0 0.254756 0.4 0 0.809128 0.276129 0.0257832 0.809128 0.276129 0.0257832 0.202503 0 0.668262 0 0.367907 0 
1 1 0 0.256911 0.4 0 0.800029 0.279425 0.0270867 0.800029 0.279425 0.0270867 0.197338 0 0.685739 0 0.367914 0 
1 1 0 0.258923 0.4 0 0.790888 0.282661 0.0284758 0.790888 0.282661 0.0284758 0.192132 0 0.704306 0 0.367922 0 
1 1 0 0.260789 0.4 0 0.781712 0.285841 0.0299564 0.781712 0.285841 0.0299564 0.186885 0 0.72406 0 0.367932 0 
1 1 0 0.262505 0.4 0 0.772504 0.28897 0.0315345 0.772504 0.28897 0.0315345 0.1816 0 0.745107 0 0.367944 0 
1 1 0 0.264066 0.4 0 0.763271 0.292049 0.0332165 0.763271 0.292049 0.0332165 0.17628 0 0.767563 0 0.36796 0 
1 1 0 0.265467 0.4 0 0.754018 0.295082 0.0350094 0.754018 0.295082 0.0350094 0.170927 0 0.791556 0 0.367979 0 
1 1 0 0.266701 0.4 0 0.74475 0.298071 0.0369201 0.74475 0.298071 0.0369201 0.165548 0 0.817224 0 0.368004 0 
1 1 0 0.26776 0.4 0 0.735474 0.301018 0.038956 0.735474 0.301018 0.038956 0.160145 0 0.844721 0 0.368035 0 
1 1 0 0.268635 0.4 0 0.726196 0.303924 0.0411246 0.726196 0.303924 0.0411246 0.154727 0 0.874209 0 0.368074 0 
1 1 0 0.269315 0.4 0 0.716922 0.306791 0.0434334 0.716922 0.306791 0.0434334 0.149299 0 0.905869 0 0.368124 0 
1 1 0 0.269789 0.4 0 0.707662 0.309617 0.04589 0.707662 0.309617 0.04589 0.143871 0 0.939891 0 0.368186 0 
1 1 0 0.270046 0.4 0 0.698424 0.312405 0.0485015 0.698424 0.312405 0.0485015 0.13845 0 0.976481 0 0.368264 0 
1 1 0 0.270089 0.4 0 0.692905 0.314055 0.0501431 0.692905 0.314055 0.0501431 0.135211 0 0.999721 0 0.36832 0 
2 1 0 0.269968 0.4 0 0.683722 0.316778 0.0530165 0.683722 0.316778 0.0530165 0.129825 0 1.04088 0 0.368434 0 
2 1 0 0.269594 0.4 0 0.674589 0.319459 0.056061 0.674589 0.319459 0.056061 0.124475 0 1.08519 0 0.368576 0 
2 1 0 0.26895 0.4 0 0.665519 0.322096 0.059281 0.665519 0.322096 0.059281 0.119175 0 1.1329 0 0.368755 0 
2 1 0 0.268023 0.4 0 0.656526 0.324685 0.0626795 0.656526 0.324685 0.0626795 0.113937 0 1.18427 0 0.368979 0 
2 1 0 0.266798 0.4 0 0.647624 0.327226 0.0662577 0.647624 0.327226 0.0662577 0.108776 0 1.23952 0 0.369259 0 
2 1 0 0.265261 0.4 0 0.63883 0.329713 0.0700144 0.63883 0.329713 0.0700144 0.103704 0 1.29891 0 0.369607 0 
2 1 0 0.263399 0.4 0 0.630159 0.332143 0.0739462 0.630159 0.332143 0.0739462 0.0987377 0 1.36266 0 0.370037 0 
2 1 0 0.261202 0.4 0 0.62163 0.334512 0.0780471 0.62163 0.334512 0.0780471 0.0938889 0 1.43099 0 0.370567 0 
2 1 0 0.258662 0.4 0 0.613259 0.336815 0.0823084 0.613259 0.336815 0.0823084 0.0891709 0 1.50407 0 0.371215 0 
2 1 0 0.255771 0.4 0 0.605061 0.339048 0.0867189 0.605061 0.339048 0.0867189 0.0845952 0 1.58207 0 0.372003 0 
2 1 0 0.252528 0.4 0 0.597051 0.341207 0.091265 0.597051 0.341207 0.091265 0.0801719 0 1.6651 0 0.372953 0 
2 1 0 0.248931 0.4 0 0.589243 0.343287 0.0959308 0.589243 0.343287 0.0959308 0.0759094 0 1.75326 0 0.374089 0 
2 1 0 0.244984 0.4 0 0.581648 0.345286 0.100699 0.581648 0.345286 0.100699 0.0718141 0 1.84658 0 0.375439 0 
2 1 0 0.240692 0.4 0 0.574275 0.347199 0.105552 0.574275 0.347199 0.105552 0.0678905 0 1.94507 0 0.377028 0 
2 1 0 0.236063 0.4 0 0.567129 0.349024 0.110469 0.567129 0.349024 0.110469 0.0641412 0 2.04869 0 0.378882 0 
2 1 0 0.231108 0.4 0 0.560216 0.350759 0.115433 0.560216 0.350759 0.115433 0.0605669 0 2.15736 0 0.38103 0 
2 1 0 0.225839 0.4 0 0.553536 0.352402 0.120426 0.553536 0.352402 0.120426 0.0571667 0 2.27098 0 0.383496 0 
2 1 0 0.220269 0.4 0 0.54709 0.353952 0.125428 0.54709 0.353952 0.125428 0.0539384 0 2.38939 0 0.386305 0 
2 1 0 0.214414 0.4 0 0.540875 0.355408 0.130425 0.540875 0.355408 0.130425 0.0508786 0 2.51243 0 0.389482 0 
2 1 0 0.208289 0.4 0 0.534887 0.35677 0.135402 0.534887 0.35677 0.135402 0.0479829 0 2.63987 0 0.393049 0 
2 1 0 0.201909 0.4 0 0.529121 0.358037 0.140346 0.529121 0.358037 0.140346 0.0452463 0 2.77149 0 0.397027 0 
2 1 0 0.195289 0.4 0 0.52357 0.35921 0.145245 0.52357 0.35921 0.145245 0.042663 0 2.90702 0 0.401436 0 
2 1 0 0.188447 0.4 0 0.518229 0.36029 0.15009 0.518229 0.36029 0.15009 0.0402272 0 3.04617 0 0.406296 0 
2 1 0 0.181395 0.4 0 0.513088 0.361277 0.154873 0.513088 0.361277 0.154873 0.0379325 0 3.18863 0 0.411625 0 
2 1 0 0.17415 0.4 0 0.508141 0.362171 0.159588 0.508141 0.362171 0.159588 0.0357725 0 3.33404 0 0.417441 0 
2 1 0 0.166724 0.4 0 0.50338 0.362974 0.164231 0.50338 0.362974 0.164231 0.0337409 0 3.48205 0 0.423765 0 
2 1 0 0.159133 0.4 0 0.498797 0.363686 0.168797 0.498797 0.363686 0.168797 0.031831 0 3.63226 0 0.430615 0 
2 1 0 0.151387 0.4 0 0.494383 0.364309 0.173286 0.494383 0.364309 0.173286 0.0300366 0 3.78425 0 0.438013 0 
2 1 0 0.143501 0.4 0 0.490133 0.364843 0.177697 0.490133 0.364843 0.177697 0.028351 0 3.93757 0 0.445983 0 
2 1 0 0.135486 0.4 0 0.486037 0.365288 0.182031 0.486037 0.365288 0.182031 0.0267683 0 4.09177 0 0.454554 0 
2 1 0 0.127353 0.4 0 0.48209 0.365646 0.18629 0.48209 0.365646 0.18629 0.0252821 0 4.24632 0 0.463756 0 
2 1 0 0.119111 0.4 0 0.478283 0.365917 0.190478 0.478283 0.365917 0.190478 0.0238863 0 4.40076 0 0.47363 0 
2 1 0 0.110772 0.4 0 0.47461 0.366099 0.1946 0.47461 0.366099 0.1946 0.0225755 0 4.55448 0 0.484217 0 
2 1 0 0.102347 0.4 0 0.471067 0.366194 0.198661 0.471067 0.366194 0.198661 0.021344 0 4.7069 0 0.495571 0 
2 1 0 0.0938464 0.4 0 0.467645 0.3662 0.202669 0.467645 0.3662 0.202669 0.0201865 0 4.85739 0 0.507754 0 
2 1 0 0.0852793 0.4 0 0.464341 0.366116 0.206632 0.464341 0.366116 0.206632 0.0190977 0 5.00527 0 0.520846 0 
2 1 0 0.0766563 0.4 0 0.461148 0.365939 0.210561 0.461148 0.365939 0.210561 0.0180726 0 5.14981 0 0.53494 0 
2 1 0 0.0679881 0.4 0 0.458061 0.365665 0.214471 0.458061 0.365665 0.214471 0.0171064 0 5.29022 0 0.550154 0 
2 1 0 0.0592864 0.4 0 0.455075 0.365289 0.218375 0.455075 0.365289 0.218375 0.0161945 0 5.42559 0 0.566633 0 
2 1 0 0.0505642 0.4 0 0.452186 0.364804 0.222295 0.452186 0.364804 0.222295 0.0153324 0 5.55491 0 0.584561 0 
2 1 0 0.041837 0.4 0 0.449389 0.364199 0.226253 0.449389 0.364199 0.226253 0.0145157 0 5.67698 0 0.604174 0 
2 1 0 0.033124 0.4 0 0.446679 0.363462 0.230282 0.446679 0.363462 0.230282 0.0137401 0 5.79036 0 0.62578 0 
2 1 0 0.0244525 0.4 0 0.444055 0.362571 0.23442 0.444055 0.362571 0.23442 0.0130015 0 5.89326 0 0.64978 0 
2 1 0 0.0158579 0.4 0 0.441512 0.361498 0.238723 0.441512 0.361498 0.238723 0.0122956 0 5.98336 0 0.676737 0 
2 1 0 0.00739551 0.4 0 0.43905 0.360201 0.243266 0.43905 0.360201 0.243266 0.0116181 0 6.05754 0 0.707433 0 
2 1 0 -0.000842749 0.4 0 0.436669 0.358612 0.248159 0.436669 0.358612 0.248159 0.0109646 0 6.11134 0 0.742999 0 