3 -1 0 1 1 3.65 0.724617 0.724665 0.72478 0.218213 0.218197 0.218106 0 0 0 0 0 0 
3 -1 0 0.999297 0.999297 3.65792 0.723838 0.7238 0.723832 0.218183 0.218202 0.21819 0.999986 0 0.12192 0 0.00014104 0 
3 -1 0 0.997746 0.997746 3.65648 0.721649 0.72161 0.721643 0.218461 0.218482 0.218464 1 0 0.122814 0 0.000140198 0 
3 -1 0 0.996343 0.996343 3.65521 0.719675 0.719672 0.719661 0.218729 0.218712 0.21871 0.999993 0 0.123635 0 0.000140025 0 
3 -1 0 0.993532 0.993532 3.65274 0.715729 0.715726 0.715717 0.219231 0.219217 0.21922 0.999978 0 0.125289 0 0.00013961 0 
3 -1 0 0.987891 0.987891 3.64811 0.707865 0.707858 0.707858 0.220259 0.220249 0.220262 0.999905 0 0.12871 0 0.000139685 0 
3 -1 0 0.981594 0.981594 3.64346 0.699166 0.69915 0.699176 0.221456 0.221431 0.221451 1 0 0.132842 0 0.000134792 0 
3 -1 0 0.975268 0.975268 3.63936 0.690514 0.690489 0.690539 0.22267 0.222652 0.222689 1 0 0.137186 0 0.000132142 0 
3 -1 0 0.968912 0.968912 3.63581 0.681907 0.681869 0.681949 0.22393 0.223905 0.223951 1 0 0.141817 0 0.000129192 0 
3 -1 0 0.962527 0.962527 3.63286 0.673344 0.673273 0.673417 0.225242 0.225183 0.225257 1 0 0.146761 0 0.000125951 0 
3 -1 0 0.956114 0.956114 3.63052 0.664826 0.664734 0.664924 0.226594 0.226504 0.226611 1 0 0.152044 0 0.000122431 0 
3 -1 0 0.949674 0.949674 3.62882 0.656353 0.656235 0.65648 0.228001 0.227873 0.228019 1 0 0.157697 0 0.000118647 0 
3 -1 0 0.943207 0.943207 3.62777 0.647903 0.647795 0.648085 0.229459 0.229291 0.229498 1 0 0.163753 0 0.000114618 0 
3 -1 0 0.936715 0.936715 3.62742 0.63952 0.639372 0.639737 0.230981 0.230763 0.231019 1 0 0.170246 0 0.000110364 0 
3 -1 0 0.930199 0.930199 3.62777 0.631181 0.630988 0.631437 0.232565 0.23229 0.23259 1 0 0.177218 0 0.000105908 0 
3 -1 0 0.923659 0.923659 3.62887 0.622885 0.622636 0.623181 0.234184 0.233848 0.234246 1 0 0.184712 0 0.000101278 0 
3 -1 0 0.917098 0.917098 3.63073 0.614633 0.614325 0.614974 0.235887 0.235483 0.23595 1 0 0.192775 0 9.6502e-05 0 
3 -1 0 0.910517 0.910517 3.63338 0.606424 0.606047 0.606813 0.237667 0.237183 0.23773 1 0 0.201459 0 9.16097e-05 0 
3 -1 0 0.903918 0.903918 3.63686 0.598266 0.597789 0.598686 0.239517 0.238929 0.239609 1 0 0.210823 0 8.66333e-05 0 
3 -1 0 0.897303 0.897303 3.64118 0.590141 0.589575 0.590614 0.241456 0.240742 0.241547 1 0 0.220928 0 8.16056e-05 0 
3 -1 0 0.890675 0.890675 3.64637 0.582056 0.581391 0.582585 0.243485 0.242631 0.243569 1 0 0.231845 0 7.65603e-05 0 
3 -1 0 0.884035 0.884035 3.65247 0.573997 0.573251 0.574587 0.24559 0.244603 0.245686 1 0 0.243648 0 7.15307e-05 0 
3 -1 0 0.877388 0.877388 3.65949 0.56599 0.565119 0.566636 0.247792 0.246646 0.247905 0.999999 0 0.256419 0 6.655e-05 0 
3 -1 0 0.870735 0.870735 3.66747 0.55802 0.557011 0.558722 0.250101 0.248777 0.250229 0.999999 0 0.270248 0 6.16502e-05 0 
3 -1 0 0.864082 0.864082 3.67643 0.550091 0.548921 0.55086 0.252521 0.250996 0.252651 0.999999 0 0.285231 0 5.68618e-05 0 
3 -1 0 0.857433 0.857433 3.68639 0.542194 0.540849 0.543014 0.255056 0.25331 0.255189 0.999999 0 0.301473 0 5.22135e-05 0 
3 -1 0 0.850791 0.850791 3.69738 0.534329 0.53279 0.535197 0.257718 0.255726 0.25785 0.999999 0 0.319086 0 4.77311e-05 0 
3 -1 0 0.844163 0.844163 3.7094 0.526504 0.524741 0.527414 0.260512 0.258253 0.260653 0.999999 0 0.338188 0 4.34378e-05 0 
3 -1 0 0.837555 0.837555 3.72249 0.518695 0.516697 0.519647 0.26343 0.260876 0.263566 0.999999 0 0.358904 0 3.93537e-05 0 
3 -1 0 0.830975 0.830975 3.73664 0.51091 0.508654 0.511899 0.2665 0.263621 0.266624 0.999999 0 0.381364 0 3.54952e-05 0 
3 -1 0 0.824429 0.824429 3.75185 0.503143 0.500595 0.504153 0.269727 0.266508 0.269841 0.999998 0 0.4057 0 3.18753e-05 0 
3 -1 0 0.817929 0.817929 3.76813 0.495395 0.492539 0.496428 0.273121 0.269517 0.273219 0.999998 0 0.432041 0 2.8503e-05 0 
3 -1 0 0.811486 0.811486 3.78546 0.487658 0.484468 0.488705 0.276694 0.272672 0.276754 0.999998 0 0.460511 0 2.53841e-05 0 
3 -1 0 0.805112 0.805112 3.8038 0.479931 0.476373 0.480977 0.280448 0.27599 0.280472 0.999997 0 0.491221 0 2.25239e-05 0 
3 -1 0 0.798824 0.798824 3.8231 0.472201 0.468247 0.473233 0.284408 0.279477 0.284388 0.999997 0 0.524254 0 1.99148e-05 0 
3 -1 0 0.792639 0.792639 3.8433 0.464462 0.460083 0.465466 0.288582 0.283153 0.288508 0.999996 0 0.559659 0 1.75554e-05 0 
3 -1 0 0.786581 0.786581 3.8643 0.456709 0.451868 0.457665 0.292978 0.287035 0.292839 0.999995 0 0.597423 0 1.54386e-05 0 
3 -1 0 0.780676 0.780676 3.88594 0.448933 0.443599 0.449819 0.29762 0.291145 0.297417 0.999993 0 0.637452 0 1.35558e-05 0 
3 -1 0 0.774958 0.774958 3.90806 0.441119 0.435265 0.441918 0.302527 0.295507 0.302252 0.999992 0 0.679536 0 1.1896e-05 0 
3 -1 0 0.769466 0.769466 3.9304 0.433256 0.426863 0.433948 0.307726 0.300144 0.307364 0.999989 0 0.723304 0 1.04466e-05 0 
3 -1 0 0.764251 0.764251 3.95264 0.425331 0.418376 0.425898 0.313224 0.305095 0.312782 0.999985 0 0.768175 0 9.19658e-06 0 
3 -1 0 0.759375 0.759375 3.97438 0.417334 0.409807 0.417757 0.319051 0.310394 0.31853 0.99998 0 0.813294 0 8.13292e-06 0 
3 -1 0 0.754911 0.754911 3.99508 0.409256 0.401159 0.409524 0.325228 0.316081 0.324632 0.999973 0 0.857472 0 7.23669e-06 0 
3 -1 0 0.75095 0.75095 4.01412 0.401093 0.392443 0.40119 0.331775 0.32219 0.331117 0.999963 0 0.899137 0 6.51204e-06 0 
3 -1 0 0.747596 0.747596 4.03073 0.39285 0.383685 0.392773 0.338699 0.328754 0.338002 0.999949 0 0.936335 0 5.94317e-06 0 
3 -1 0 0.744963 0.744963 4.0441 0.384549 0.374933 0.3843 0.345996 0.335792 0.345289 0.999927 0 0.966824 0 5.52282e-06 0 
3 -1 0 0.743164 0.743164 4.0534 0.376238 0.366258 0.375833 0.35364 0.343303 0.352959 0.999889 0 0.988318 0 5.24299e-06 0 
3 -1 0 0.742292 0.742292 4.05796 0.367982 0.357753 0.367447 0.361576 0.351244 0.360962 0.999732 0 0.998801 0 5.06204e-06 0 
3 -1 0 0.742218 0.742218 4.05835 0.365394 0.355113 0.364824 0.364138 0.353837 0.363553 1 0 0.999964 0 5.15764e-06 0 
3 -1 0 0.74278 0.74278 4.05541 0.373583 0.363509 0.373133 0.356154 0.345803 0.35549 0.999996 0 0.993086 0 5.23847e-06 0 
3 -1 0 0.744292 0.744292 4.04756 0.381891 0.372147 0.381591 0.348404 0.338144 0.347701 0.999973 0 0.974845 0 5.4565e-06 0 
3 -1 0 0.746672 0.746672 4.03539 0.390207 0.380893 0.390075 0.340987 0.330946 0.340281 0.999962 0 0.946924 0 5.82285e-06 0 
3 -1 0 0.749812 0.749812 4.0197 0.398478 0.389663 0.398522 0.333937 0.324224 0.333261 0.999962 0 0.91156 0 6.34001e-06 0 
3 -1 0 0.753595 0.753595 4.00133 0.406672 0.398403 0.406891 0.327267 0.317969 0.326645 0.999967 0 0.871045 0 7.01173e-06 0 
3 -1 0 0.757912 0.757912 3.98107 0.414785 0.407082 0.415162 0.320971 0.312153 0.320421 0.999973 0 0.827446 0 7.84528e-06 0 
3 -1 0 0.762669 0.762669 3.95959 0.422809 0.41568 0.423334 0.315033 0.306734 0.31456 0.999979 0 0.782459 0 8.85026e-06 0 
3 -1 0 0.767786 0.767786 3.93746 0.430755 0.424193 0.431412 0.309432 0.301674 0.309039 0.999984 0 0.737389 0 1.0038e-05 0 
3 -1 0 0.773197 0.773197 3.9151 0.438643 0.432625 0.439407 0.304135 0.296938 0.303832 0.999987 0 0.693189 0 1.14208e-05 0 
3 -1 0 0.77885 0.77885 3.89288 0.446473 0.44098 0.44733 0.299137 0.292494 0.298914 0.99999 0 0.650519 0 1.3011e-05 0 
3 -1 0 0.7847 0.7847 3.87106 0.454263 0.449268 0.455193 0.294411 0.288311 0.294261 0.999993 0 0.609808 0 1.48208e-05 0 
3 -1 0 0.790714 0.790714 3.84984 0.46202 0.457491 0.46301 0.289936 0.284355 0.289845 0.999994 0 0.571312 0 1.68616e-05 0 
3 -1 0 0.796862 0.796862 3.82938 0.469763 0.465668 0.470788 0.285693 0.280614 0.285657 0.999995 0 0.535157 0 1.91427e-05 0 
3 -1 0 0.80312 0.80312 3.80978 0.477495 0.473807 0.47854 0.28167 0.277067 0.28168 0.999996 0 0.501378 0 2.16717e-05 0 
3 -1 0 0.809469 0.809469 3.79113 0.485223 0.481916 0.486265 0.277852 0.273703 0.277901 0.999997 0 0.469943 0 2.44543e-05 0 
3 -1 0 0.815892 0.815892 3.77348 0.492955 0.489998 0.493993 0.274226 0.270502 0.274307 0.999998 0 0.440777 0 2.74919e-05 0 
3 -1 0 0.822376 0.822376 3.75687 0.500697 0.498061 0.501721 0.270782 0.267439 0.270888 0.999998 0 0.413777 0 3.0784e-05 0 
3 -1 0 0.828908 0.828908 3.74132 0.508453 0.506118 0.509453 0.267505 0.264513 0.26762 0.999998 0 0.388823 0 3.43257e-05 0 
3 -1 0 0.835478 0.835478 3.72683 0.516232 0.514163 0.517195 0.264381 0.261724 0.264516 0.999999 0 0.365786 0 3.81097e-05 0 
3 -1 0 0.842079 0.842079 3.71341 0.524035 0.522206 0.524953 0.261408 0.25906 0.261555 0.999999 0 0.344535 0 4.21239e-05 0 
3 -1 0 0.848701 0.848701 3.70105 0.531864 0.530249 0.532746 0.258591 0.256517 0.258717 0.999999 0 0.324938 0 4.63527e-05 0 
3 -1 0 0.855339 0.855339 3.68974 0.53972 0.538305 0.540553 0.255885 0.254064 0.256024 0.999999 0 0.306869 0 5.07776e-05 0 
3 -1 0 0.861987 0.861987 3.67946 0.547607 0.546373 0.548388 0.253307 0.251716 0.253452 0.999999 0 0.290207 0 5.53761e-05 0 
3 -1 0 0.868639 0.868639 3.67019 0.555529 0.554458 0.556256 0.250857 0.249469 0.250993 0.999999 0 0.274839 0 6.01231e-05 0 
3 -1 0 0.875292 0.875292 3.6619 0.563488 0.56256 0.564158 0.248508 0.247308 0.24864 0.999999 0 0.260657 0 6.49909e-05 0 
3 -1 0 0.881942 0.881942 3.65458 0.571483 0.570684 0.572096 0.246267 0.245235 0.246382 0.999999 0 0.247562 0 6.99495e-05 0 
3 -1 0 0.888584 0.888584 3.64819 0.579509 0.578831 0.580052 0.244135 0.243246 0.244242 1 0 0.235464 0 7.49672e-05 0 
3 -1 0 0.895217 0.895217 3.64272 0.587581 0.587007 0.58807 0.242097 0.241338 0.242177 1 0 0.224276 0 8.00112e-05 0 
3 -1 0 0.901836 0.901836 3.63812 0.595693 0.595211 0.596129 0.240126 0.239505 0.240199 1 0 0.213923 0 8.50482e-05 0 
3 -1 0 0.90844 0.90844 3.63439 0.603852 0.603447 0.604246 0.238241 0.237713 0.238312 1 0 0.204333 0 9.00444e-05 0 
3 -1 0 0.915027 0.915027 3.63148 0.612049 0.611714 0.612393 0.236446 0.236 0.236498 1 0 0.195441 0 9.49669e-05 0 
3 -1 0 0.921595 0.921595 3.62937 0.620289 0.620015 0.620586 0.234731 0.234353 0.234763 1 0 0.187188 0 9.97833e-05 0 
3 -1 0 0.928141 0.928141 3.62804 0.628571 0.628347 0.628817 0.233066 0.232765 0.233097 1 0 0.179521 0 0.000104463 0 
3 -1 0 0.934665 0.934665 3.62745 0.636897 0.636719 0.637102 0.231464 0.231237 0.231501 1 0 0.172389 0 0.000108976 0 
3 -1 0 0.941165 0.941165 3.62759 0.645267 0.645129 0.645435 0.229928 0.229766 0.229973 1 0 0.165749 0 0.000113297 0 
3 -1 0 0.94764 0.94764 3.62842 0.653691 0.653561 0.653825 0.228457 0.228331 0.228495 1 0 0.15956 0 0.000117402 0 
3 -1 0 0.954088 0.954088 3.62991 0.66215 0.662047 0.662254 0.227045 0.226943 0.227057 1 0 0.153783 0 0.000121263 0 
3 -1 0 0.96051 0.96051 3.63206 0.670654 0.670573 0.670731 0.225678 0.225592 0.225675 1 0 0.148387 0 0.000124868 0 
3 -1 0 0.966904 0.966904 3.63482 0.679201 0.679163 0.679257 0.224339 0.224297 0.224345 1 0 0.143339 0 0.000128199 0 
3 -1 0 0.973269 0.973269 3.63818 0.687793 0.68777 0.687831 0.223068 0.22303 0.223065 1 0 0.138612 0 0.000131242 0 
3 -1 0 0.979604 0.979604 3.64211 0.696431 0.696418 0.696454 0.221844 0.221804 0.221833 1 0 0.13418 0 0.000133987 0 
3 -1 0 0.98591 0.98591 3.64659 0.705107 0.705109 0.705131 0.220625 0.220616 0.220644 1 0 0.13002 0 0.000136428 0 
3 -1 0 0.992186 0.992186 3.6516 0.713833 0.71384 0.713851 0.219463 0.219464 0.219478 1 0 0.12611 0 0.00013856 0 
3 -1 0 0.998431 0.998431 3.65711 0.722603 0.722613 0.722618 0.218341 0.21835 0.218342 1 0 0.122431 0 0.000140382 0 
3 -1 0 1.00465 1.00465 3.66312 0.731424 0.731429 0.731409 0.217244 0.217244 0.217243 1 0 0.118965 0 0.000141895 0 
