1 1 0 0 0.4 0 0.00334422 0.00601028 1 0.00334422 0.00601028 1 0.368073 0 0.0191056 0 7.07981 0 
1 1 0 0.00141657 0.4 0 0.00475606 0.00601612 1 0.00475606 0.00601612 1 0.367879 0 0.367823 0 0.367936 0 
1 1 0 0.00283315 0.4 0 0.0061679 0.00602197 1 0.0061679 0.00602197 1 0.367879 0 0.367944 0 0.367815 0 
1 1 0 0.0056663 0.4 0 0.00899157 0.00603365 1 0.00899157 0.00603365 1 0.367781 0 0.367978 0 0.367879 0 
1 1 0 0.0113326 0.4 0 0.0146389 0.00605703 1 0.0146389 0.00605703 1 0.36765 0 0.368109 0 0.367879 0 
1 1 0 0.0184155 0.4 0 0.0216981 0.00608627 1 0.0216981 0.00608627 1 0.367388 0 0.368372 0 0.367879 0 
1 1 0 0.0254983 0.4 0 0.0287573 0.00611552 0.999998 0.0287573 0.00611552 0.999998 0.367022 0 0.368739 0 0.367879 0 
1 1 0 0.0325812 0.4 0 0.0358165 0.00614482 0.999994 0.0358165 0.00614482 0.999994 0.366557 0 0.369207 0 0.367879 0 
1 1 0 0.039664 0.4 0 0.0428758 0.00617422 0.999986 0.0428758 0.00617422 0.999986 0.365993 0 0.369776 0 0.367879 0 
1 1 0 0.0467467 0.4 0 0.0499351 0.00620379 0.99997 0.0499351 0.00620379 0.99997 0.365333 0 0.370444 0 0.367879 0 
1 1 0 0.0538293 0.4 0 0.0569945 0.00623362 0.999941 0.0569945 0.00623362 0.999941 0.364578 0 0.371211 0 0.367879 0 
1 1 0 0.0609118 0.4 0 0.0640539 0.00626386 0.999895 0.0640539 0.00626386 0.999895 0.363729 0 0.372077 0 0.367879 0 
1 1 0 0.0679939 0.4 0 0.0711135 0.00629468 0.999822 0.0711135 0.00629468 0.999822 0.362789 0 0.373041 0 0.367879 0 
1 1 0 0.0750756 0.4 0 0.0781732 0.0063263 0.999715 0.0781732 0.0063263 0.999715 0.36176 0 0.374103 0 0.367879 0 
1 1 0 0.0821565 0.4 0 0.0852327 0.006359 0.999561 0.0852327 0.006359 0.999561 0.360641 0 0.375263 0 0.367879 0 
1 1 0 0.0892363 0.4 0 0.092292 0.00639313 0.999347 0.092292 0.00639313 0.999347 0.359436 0 0.376521 0 0.36788 0 
1 1 0 0.0963142 0.4 0 0.0993506 0.00642908 0.999056 0.0993506 0.00642908 0.999056 0.358145 0 0.377878 0 0.36788 0 
1 1 0 0.103389 0.4 0 0.106408 0.00646734 0.99867 0.106408 0.00646734 0.99867 0.35677 0 0.379335 0 0.36788 0 
1 1 0 0.11046 0.4 0 0.113462 0.00650848 0.998167 0.113462 0.00650848 0.998167 0.355311 0 0.380893 0 0.36788 0 
1 1 0 0.117524 0.4 0 0.120512 0.00655315 0.997524 0.120512 0.00655315 0.997524 0.353769 0 0.382552 0 0.36788 0 
1 1 0 0.124579 0.4 0 0.127555 0.00660211 0.996713 0.127555 0.00660211 0.996713 0.352146 0 0.384316 0 0.36788 0 
1 1 0 0.13162 0.4 0 0.134587 0.00665619 0.995706 0.134587 0.00665619 0.995706 0.350441 0 0.386186 0 0.36788 0 
1 1 0 0.138639 0.4 0 0.141601 0.00671636 0.994471 0.141601 0.00671636 0.994471 0.348655 0 0.388163 0 0.36788 0 
1 1 0 0.145632 0.4 0 0.148591 0.00678365 0.992976 0.148591 0.00678365 0.992976 0.34679 0 0.390252 0 0.36788 0 
1 1 0 0.152587 0.4 0 0.155549 0.00685922 0.991186 0.155549 0.00685922 0.991186 0.344844 0 0.392453 0 0.36788 0 
1 1 0 0.159494 0.4 0 0.162463 0.00694427 0.989068 0.162463 0.00694427 0.989068 0.34282 0 0.39477 0 0.36788 0 
1 1 0 0.166338 0.4 0 0.16932 0.00704009 0.986592 0.16932 0.00704009 0.986592 0.340719 0 0.397205 0 0.36788 0 
1 1 0 0.173103 0.4 0 0.176104 0.00714798 0.983729 0.176104 0.00714798 0.983729 0.338542 0 0.399759 0 0.36788 0 
1 1 0 0.179772 0.4 0 0.182798 0.00726922 0.980457 0.182798 0.00726922 0.980457 0.336293 0 0.402433 0 0.36788 0 
1 1 0 0.186325 0.4 0 0.189384 0.00740507 0.976761 0.189384 0.00740507 0.976761 0.333973 0 0.405227 0 0.36788 0 
1 1 0 0.192745 0.4 0 0.195844 0.00755669 0.972634 0.195844 0.00755669 0.972634 0.331588 0 0.408142 0 0.36788 0 
1 1 0 0.199013 0.4 0 0.202162 0.00772515 0.968077 0.202162 0.00772515 0.968077 0.329141 0 0.411177 0 0.36788 0 
1 1 0 0.205116 0.4 0 0.208322 0.00791142 0.963099 0.208322 0.00791142 0.963099 0.326635 0 0.414331 0 0.36788 0 
1 1 0 0.21104 0.4 0 0.214312 0.00811637 0.957716 0.214312 0.00811637 0.957716 0.324076 0 0.417603 0 0.36788 0 
1 1 0 0.216779 0.4 0 0.220126 0.00834079 0.951953 0.220126 0.00834079 0.951953 0.321466 0 0.420993 0 0.36788 0 
1 1 0 0.222326 0.4 0 0.225758 0.00858542 0.945833 0.225758 0.00858542 0.945833 0.318809 0 0.424502 0 0.36788 0 
1 1 0 0.227682 0.4 0 0.231208 0.008851 0.939388 0.231208 0.008851 0.939388 0.316106 0 0.428132 0 0.36788 0 
1 1 0 0.232847 0.4 0 0.236478 0.00913826 0.932645 0.236478 0.00913826 0.932645 0.313358 0 0.431886 0 0.36788 0 
1 1 0 0.237827 0.4 0 0.241572 0.00944803 0.925634 0.241572 0.00944803 0.925634 0.310567 0 0.435768 0 0.36788 0 
1 1 0 0.242627 0.4 0 0.246497 0.00978119 0.918382 0.246497 0.00978119 0.918382 0.307731 0 0.439783 0 0.367881 0 
1 1 0 0.247255 0.4 0 0.251261 0.0101387 0.910915 0.251261 0.0101387 0.910915 0.304851 0 0.443938 0 0.367881 0 
1 1 0 0.251719 0.4 0 0.255872 0.0105218 0.903256 0.255872 0.0105218 0.903256 0.301924 0 0.448241 0 0.367881 0 
1 1 0 0.256028 0.4 0 0.260339 0.0109315 0.895425 0.260339 0.0109315 0.895425 0.29895 0 0.4527 0 0.367881 0 
1 1 0 0.260189 0.4 0 0.264671 0.0113694 0.887442 0.264671 0.0113694 0.887442 0.295925 0 0.457327 0 0.367882 0 
1 1 0 0.264211 0.4 0 0.268877 0.011837 0.879324 0.268877 0.011837 0.879324 0.292848 0 0.462132 0 0.367882 0 
1 1 0 0.268102 0.4 0 0.272966 0.0123359 0.871084 0.272966 0.0123359 0.871084 0.289716 0 0.467127 0 0.367882 0 
1 1 0 0.271871 0.4 0 0.276947 0.0128683 0.862735 0.276947 0.0128683 0.862735 0.286526 0 0.472327 0 0.367883 0 
1 1 0 0.275523 0.4 0 0.280826 0.0134359 0.854289 0.280826 0.0134359 0.854289 0.283276 0 0.477745 0 0.367884 0 
1 1 0 0.279064 0.4 0 0.284611 0.0140413 0.845757 0.284611 0.0140413 0.845757 0.279964 0 0.483396 0 0.367885 0 
1 1 0 0.282501 0.4 0 0.288309 0.0146867 0.837148 0.288309 0.0146867 0.837148 0.276585 0 0.489299 0 0.367886 0 
1 1 0 0.285839 0.4 0 0.291926 0.0153749 0.828469 0.291926 0.0153749 0.828469 0.273139 0 0.495471 0 0.367887 0 
1 1 0 0.289082 0.4 0 0.295469 0.0161089 0.819728 0.295469 0.0161089 0.819728 0.269621 0 0.501933 0 0.367889 0 
1 1 0 0.292235 0.4 0 0.298943 0.0168919 0.81093 0.298943 0.0168919 0.81093 0.26603 0 0.508705 0 0.367891 0 
1 1 0 0.295301 0.4 0 0.302352 0.0177273 0.802082 0.302352 0.0177273 0.802082 0.262363 0 0.515812 0 0.367894 0 
1 1 0 0.298283 0.4 0 0.305703 0.0186189 0.793188 0.305703 0.0186189 0.793188 0.258617 0 0.523279 0 0.367897 0 
1 1 0 0.301184 0.4 0 0.308999 0.0195709 0.784253 0.308999 0.0195709 0.784253 0.25479 0 0.531133 0 0.367901 0 
1 1 0 0.304006 0.4 0 0.312245 0.0205875 0.775282 0.312245 0.0205875 0.775282 0.25088 0 0.539403 0 0.367906 0 
1 1 0 0.30675 0.4 0 0.315444 0.0216736 0.766278 0.315444 0.0216736 0.766278 0.246885 0 0.548123 0 0.367912 0 
1 1 0 0.309418 0.4 0 0.3186 0.0228342 0.757245 0.3186 0.0228342 0.757245 0.242802 0 0.557328 0 0.36792 0 
1 1 0 0.312009 0.4 0 0.321716 0.0240749 0.748187 0.321716 0.0240749 0.748187 0.23863 0 0.567056 0 0.36793 0 
1 1 0 0.314524 0.4 0 0.324796 0.0254016 0.739107 0.324796 0.0254016 0.739107 0.234368 0 0.577349 0 0.367943 0 
1 1 0 0.316963 0.4 0 0.327841 0.0268206 0.730009 0.327841 0.0268206 0.730009 0.230014 0 0.588252 0 0.367959 0 
1 1 0 0.319324 0.4 0 0.330856 0.0283387 0.720896 0.330856 0.0283387 0.720896 0.225567 0 0.599814 0 0.367979 0 
1 1 0 0.321606 0.4 0 0.333841 0.0299631 0.711771 0.333841 0.0299631 0.711771 0.221028 0 0.61209 0 0.368005 0 
1 1 0 0.323806 0.4 0 0.336799 0.0317013 0.702638 0.336799 0.0317013 0.702638 0.216395 0 0.625138 0 0.368038 0 
1 1 0 0.325922 0.4 0 0.339731 0.0335614 0.693501 0.339731 0.0335614 0.693501 0.21167 0 0.63902 0 0.36808 0 
1 1 0 0.32795 0.4 0 0.342641 0.0355519 0.684364 0.342641 0.0355519 0.684364 0.206853 0 0.653807 0 0.368134 0 
1 1 0 0.329886 0.4 0 0.345528 0.0376814 0.675231 0.345528 0.0376814 0.675231 0.201945 0 0.669572 0 0.368203 0 
1 1 0 0.331725 0.4 0 0.348394 0.039959 0.666107 0.348394 0.039959 0.666107 0.196948 0 0.686395 0 0.368291 0 
1 1 0 0.333462 0.4 0 0.35124 0.042394 0.656997 0.35124 0.042394 0.656997 0.191866 0 0.704361 0 0.368403 0 
1 1 0 0.335091 0.4 0 0.354067 0.044995 0.647909 0.354067 0.044995 0.647909 0.186702 0 0.72356 0 0.368548 0 
1 1 0 0.336604 0.4 0 0.356874 0.0477718 0.638847 0.356874 0.0477718 0.638847 0.181459 0 0.74409 0 0.368733 0 
1 1 0 0.337995 0.4 0 0.359662 0.0507333 0.629818 0.359662 0.0507333 0.629818 0.176143 0 0.766054 0 0.36897 0 
1 1 0 0.339254 0.4 0 0.362431 0.053888 0.62083 0.362431 0.053888 0.62083 0.170759 0 0.789558 0 0.369274 0 
1 1 0 0.340373 0.4 0 0.365181 0.0572436 0.611889 0.365181 0.0572436 0.611889 0.165313 0 0.814712 0 0.369662 0 
1 1 0 0.341343 0.4 0 0.367909 0.060807 0.603006 0.367909 0.060807 0.603006 0.159812 0 0.841627 0 0.370157 0 
1 1 0 0.342152 0.4 0 0.370616 0.0645838 0.594188 0.370616 0.0645838 0.594188 0.154265 0 0.870414 0 0.370787 0 
1 1 0 0.342793 0.4 0 0.3733 0.0685778 0.585446 0.3733 0.0685778 0.585446 0.148678 0 0.90118 0 0.371586 0 
1 1 0 0.343252 0.4 0 0.37596 0.0727913 0.576788 0.37596 0.0727913 0.576788 0.143061 0 0.934027 0 0.372594 0 
1 1 0 0.343522 0.4 0 0.378593 0.0772245 0.568224 0.378593 0.0772245 0.568224 0.137423 0 0.969047 0 0.373862 0 
1 1 0 0.343593 0.4 0 0.380761 0.081077 0.56118 0.380761 0.081077 0.56118 0.132726 0 0.99988 0 0.375156 0 
2 1 0 0.343488 0.4 0 0.38334 0.0859057 0.552811 0.38334 0.0859057 0.552811 0.127076 0 1.03907 0 0.377059 0 
2 1 0 0.343166 0.4 0 0.385887 0.0909417 0.544562 0.385887 0.0909417 0.544562 0.121434 0 1.08059 0 0.379414 0 
2 1 0 0.342619 0.4 0 0.388399 0.0961766 0.536439 0.388399 0.0961766 0.536439 0.115812 0 1.12446 0 0.382312 0 
2 1 0 0.341841 0.4 0 0.390875 0.1016 0.528448 0.390875 0.1016 0.528448 0.110223 0 1.17064 0 0.385854 0 
2 1 0 0.340828 0.4 0 0.393311 0.107198 0.520593 0.393311 0.107198 0.520593 0.104678 0 1.21906 0 0.390153 0 
2 1 0 0.339575 0.4 0 0.395706 0.112958 0.512879 0.395706 0.112958 0.512879 0.0991929 0 1.2696 0 0.395338 0 
2 1 0 0.338083 0.4 0 0.398059 0.118864 0.505305 0.398059 0.118864 0.505305 0.0937825 0 1.32208 0 0.401548 0 
2 1 0 0.336353 0.4 0 0.400367 0.1249 0.497873 0.400367 0.1249 0.497873 0.0884632 0 1.37624 0 0.408941 0 
2 1 0 0.334389 0.4 0 0.402629 0.131052 0.49058 0.402629 0.131052 0.49058 0.0832522 0 1.43175 0 0.417689 0 
2 1 0 0.332197 0.4 0 0.404844 0.137302 0.483423 0.404844 0.137302 0.483423 0.0781672 0 1.48822 0 0.427983 0 
2 1 0 0.329787 0.4 0 0.407009 0.143638 0.476397 0.407009 0.143638 0.476397 0.073226 0 1.54511 0 0.440038 0 
2 1 0 0.327172 0.4 0 0.409124 0.150047 0.469497 0.409124 0.150047 0.469497 0.0684459 0 1.60183 0 0.4541 0 
2 1 0 0.324368 0.4 0 0.411187 0.156518 0.462715 0.411187 0.156518 0.462715 0.0638432 0 1.65764 0 0.470449 0 
2 1 0 0.321394 0.4 0 0.413198 0.163044 0.456042 0.413198 0.163044 0.456042 0.0594324 0 1.71164 0 0.48942 0 
2 1 0 0.318277 0.4 0 0.415154 0.169621 0.449469 0.415154 0.169621 0.449469 0.0552261 0 1.76277 0 0.511418 0 
2 1 0 0.315048 0.4 0 0.417054 0.176251 0.442985 0.417054 0.176251 0.442985 0.0512336 0 1.80978 0 0.536954 0 
2 1 0 0.311748 0.4 0 0.418897 0.182938 0.43658 0.418897 0.182938 0.43658 0.0474627 0 1.85105 0 0.56669 0 
2 1 0 0.308429 0.4 0 0.420677 0.189696 0.430244 0.420677 0.189696 0.430244 0.0439177 0 1.88457 0 0.601541 0 
2 1 0 0.305164 0.4 0 0.422392 0.196551 0.423965 0.422392 0.196551 0.423965 0.0406002 0 1.90758 0 0.642843 0 
2 1 0 0.302056 0.4 0 0.424033 0.20354 0.417735 0.424033 0.20354 0.417735 0.0375104 0 1.91612 0 0.692696 0 
2 1 0 0.299264 0.4 0 0.425585 0.210721 0.411553 0.425585 0.210721 0.411553 0.0346473 0 1.90385 0 0.75477 0 
2 1 0 0.297047 0.4 0 0.427023 0.218179 0.405437 0.427023 0.218179 0.405437 0.032014 0 1.85934 0 0.836405 0 
2 1 0 0.295844 0.4 0 0.428293 0.226008 0.399467 0.428293 0.226008 0.399467 0.0296277 0 1.75741 0 0.956194 0 
2 1 0 0.29578 0.4 0 0.428586 0.228129 0.39795 0.428586 0.228129 0.39795 0.0290488 0 1.7139 0 1.00001 0 
2 1 0 0.296902 0.4 52.1447 0.429485 0.236413 0.392535 0.429485 0.236413 0.392535 0.0270626 0 1.34652 0.163039 1.34652 -0.163039 
2 1 0 0.300621 0.4 18.4752 0.429926 0.244585 0.388156 0.429926 0.244585 0.388156 0.0255244 0 1.31663 0.465873 1.31663 -0.465873 
2 1 0 0.306617 0.4 13.3525 0.429899 0.251997 0.385138 0.429899 0.251997 0.385138 0.0244645 0 1.27151 0.646787 1.27151 -0.646787 
2 1 0 0.313982 0.4 11.0275 0.42954 0.258484 0.383253 0.42954 0.258484 0.383253 0.0237631 0 1.2188 0.78082 1.2188 -0.78082 
2 1 0 0.322069 0.4 9.65517 0.428982 0.264232 0.382126 0.428982 0.264232 0.382126 0.0232866 0 1.16336 0.885783 1.16336 -0.885783 
2 1 0 0.330551 0.4 8.72782 0.428306 0.269446 0.381488 0.428306 0.269446 0.381488 0.0229486 0 1.10744 0.971115 1.10744 -0.971115 
2 1 0 0.33927 0.4 8.04729 0.427557 0.274275 0.381174 0.427557 0.274275 0.381174 0.0226992 0 1.05204 1.04238 1.05204 -1.04238 
2 1 0 0.348144 0.4 7.51976 0.426763 0.278815 0.381084 0.426763 0.278815 0.381084 0.0225089 0 0.997589 1.10304 0.997589 -1.10304 
2 1 0 0.357127 0.4 7.09467 0.425942 0.283131 0.381152 0.425942 0.283131 0.381152 0.0223597 0 0.944274 1.15542 0.944274 -1.15542 
2 1 0 0.366192 0.4 6.74212 0.425105 0.287265 0.381338 0.425105 0.287265 0.381338 0.0222401 0 0.892162 1.20111 0.892162 -1.20111 
2 1 0 0.375322 0.4 6.44315 0.424262 0.291247 0.381612 0.424262 0.291247 0.381612 0.0221425 0 0.841252 1.24128 0.841252 -1.24128 
2 1 0 0.384506 0.4 6.18504 0.42342 0.2951 0.381955 0.42342 0.2951 0.381955 0.0220616 0 0.791503 1.27681 0.791503 -1.27681 
2 1 0 0.393736 0.4 5.95898 0.422584 0.298839 0.382351 0.422584 0.298839 0.382351 0.0219937 0 0.742866 1.30837 0.742866 -1.30837 
2 1 0 0.403006 0.4 5.75856 0.421759 0.302473 0.382789 0.421759 0.302473 0.382789 0.0219362 0 0.695272 1.3365 0.695272 -1.3365 
2 1 0 0.412312 0.4 5.57901 0.42095 0.306014 0.383262 0.42095 0.306014 0.383262 0.0218871 0 0.648649 1.36161 0.648649 -1.36161 
2 1 0 0.421651 0.4 5.41671 0.42016 0.309465 0.383763 0.42016 0.309465 0.383763 0.0218451 0 0.602921 1.38404 0.602921 -1.38404 
2 1 0 0.431021 0.4 5.26886 0.419392 0.312834 0.384287 0.419392 0.312834 0.384287 0.0218091 0 0.558018 1.40409 0.558018 -1.40409 
2 1 0 0.44042 0.4 5.13323 0.418649 0.316123 0.384831 0.418649 0.316123 0.384831 0.0217783 0 0.51387 1.42198 0.51387 -1.42198 
2 1 0 0.449846 0.4 5.00805 0.417934 0.319337 0.385391 0.417934 0.319337 0.385391 0.0217521 0 0.470414 1.4379 0.470414 -1.4379 
2 1 0 0.459299 0.4 4.89189 0.417248 0.322477 0.385965 0.417248 0.322477 0.385965 0.0217301 0 0.427591 1.45201 0.427591 -1.45201 
2 1 0 0.468776 0.4 4.78358 0.416595 0.325547 0.386551 0.416595 0.325547 0.386551 0.0217119 0 0.385349 1.46444 0.385349 -1.46444 
2 1 0 0.478276 0.4 4.68214 0.415975 0.328547 0.387148 0.415975 0.328547 0.387148 0.0216972 0 0.343643 1.47531 0.343643 -1.47531 
2 1 0 0.4878 0.4 4.58678 0.415391 0.33148 0.387754 0.415391 0.33148 0.387754 0.0216858 0 0.302435 1.48471 0.302435 -1.48471 
2 1 0 0.497345 0.4 4.49682 0.414842 0.334348 0.388368 0.414842 0.334348 0.388368 0.0216773 0 0.26169 1.49273 0.26169 -1.49273 
2 1 0 0.50691 0.4 4.4117 0.414331 0.337152 0.388989 0.414331 0.337152 0.388989 0.0216717 0 0.221384 1.49944 0.221384 -1.49944 
2 1 0 0.516495 0.4 4.33092 0.413857 0.339893 0.389617 0.413857 0.339893 0.389617 0.0216686 0 0.181494 1.5049 0.181494 -1.5049 
2 1 0 0.526099 0.4 4.25409 0.413422 0.342574 0.390252 0.413422 0.342574 0.390252 0.0216678 0 0.142006 1.50916 0.142006 -1.50916 
2 1 0 0.53572 0.4 4.18084 0.413025 0.345195 0.390892 0.413025 0.345195 0.390892 0.0216692 0 0.102908 1.51229 0.102908 -1.51229 
2 1 0 0.545358 0.4 4.11088 0.412667 0.347757 0.391537 0.412667 0.347757 0.391537 0.0216725 0 0.0641941 1.51431 0.0641941 -1.51431 
2 1 0 0.555012 0.4 4.04393 0.412348 0.350264 0.392188 0.412348 0.350264 0.392188 0.0216774 0 0.0258608 1.51527 0.0258608 -1.51527 
2 1 0 0.564681 0.4 3.97978 0.412067 0.352715 0.392843 0.412067 0.352715 0.392843 0.0216838 0 -0.0120917 1.51522 -0.0120917 -1.51522 
2 1 0 0.574364 0.4 3.91822 0.411824 0.355112 0.393503 0.411824 0.355112 0.393503 0.0216914 0 -0.0496608 1.51419 -0.0496608 -1.51419 
2 1 0 0.58406 0.4 3.85907 0.411618 0.357457 0.394168 0.411618 0.357457 0.394168 0.0216999 0 -0.0868415 1.51222 -0.0868415 -1.51222 
2 1 0 0.593769 0.4 3.80218 0.411449 0.359751 0.394837 0.411449 0.359751 0.394837 0.0217092 0 -0.123628 1.50933 -0.123628 -1.50933 
2 1 0 0.60349 0.4 3.7474 0.411316 0.361995 0.39551 0.411316 0.361995 0.39551 0.0217189 0 -0.160011 1.50557 -0.160011 -1.50557 
2 1 0 0.613222 0.4 3.69461 0.411219 0.364192 0.396188 0.411219 0.364192 0.396188 0.0217288 0 -0.195983 1.50096 -0.195983 -1.50096 
2 1 0 0.622965 0.4 3.64371 0.411156 0.366341 0.396869 0.411156 0.366341 0.396869 0.0217387 0 -0.231536 1.49554 -0.231536 -1.49554 
2 1 0 0.632717 0.4 3.59457 0.411126 0.368446 0.397555 0.411126 0.368446 0.397555 0.0217484 0 -0.266658 1.48934 -0.266658 -1.48934 
2 1 0 0.642478 0.4 3.54713 0.411129 0.370507 0.398244 0.411129 0.370507 0.398244 0.0217576 0 -0.301341 1.48238 -0.301341 -1.48238 
2 1 0 0.652248 0.4 3.50128 0.411163 0.372525 0.398937 0.411163 0.372525 0.398937 0.021766 0 -0.335576 1.47471 -0.335576 -1.47471 
2 1 0 0.662025 0.4 3.45695 0.411227 0.374502 0.399634 0.411227 0.374502 0.399634 0.0217736 0 -0.369353 1.46634 -0.369353 -1.46634 
2 1 0 0.671811 0.4 3.41408 0.411321 0.376439 0.400334 0.411321 0.376439 0.400334 0.02178 0 -0.402665 1.45731 -0.402665 -1.45731 
2 1 0 0.681603 0.4 3.37258 0.411443 0.378338 0.401038 0.411443 0.378338 0.401038 0.0217852 0 -0.435503 1.44765 -0.435503 -1.44765 
2 1 0 0.691402 0.4 3.33242 0.411593 0.380199 0.401746 0.411593 0.380199 0.401746 0.0217889 0 -0.467859 1.43739 -0.467859 -1.43739 
2 1 0 0.701206 0.4 3.29351 0.411768 0.382024 0.402456 0.411768 0.382024 0.402456 0.0217909 0 -0.499729 1.42655 -0.499729 -1.42655 
2 1 0 0.711017 0.4 3.25583 0.411968 0.383814 0.40317 0.411968 0.383814 0.40317 0.0217912 0 -0.531105 1.41515 -0.531105 -1.41515 
2 1 0 0.720833 0.4 3.2193 0.412193 0.385571 0.403888 0.412193 0.385571 0.403888 0.0217896 0 -0.561984 1.40324 -0.561984 -1.40324 
2 1 0 0.730654 0.4 3.18389 0.41244 0.387294 0.404608 0.41244 0.387294 0.404608 0.0217859 0 -0.59236 1.39083 -0.59236 -1.39083 
2 1 0 0.74048 0.4 3.14954 0.41271 0.388986 0.405331 0.41271 0.388986 0.405331 0.0217801 0 -0.622231 1.37794 -0.622231 -1.37794 
2 1 0 0.75031 0.4 3.11623 0.413 0.390648 0.406057 0.413 0.390648 0.406057 0.021772 0 -0.651595 1.36461 -0.651595 -1.36461 
2 1 0 0.760144 0.4 3.08391 0.413311 0.39228 0.406785 0.413311 0.39228 0.406785 0.0217617 0 -0.680449 1.35086 -0.680449 -1.35086 
2 1 0 0.769982 0.4 3.05253 0.41364 0.393883 0.407516 0.41364 0.393883 0.407516 0.0217489 0 -0.708793 1.33671 -0.708793 -1.33671 
2 1 0 0.779824 0.4 3.02207 0.413988 0.395458 0.40825 0.413988 0.395458 0.40825 0.0217336 0 -0.736627 1.32218 -0.736627 -1.32218 
2 1 0 0.789669 0.4 2.9925 0.414353 0.397007 0.408986 0.414353 0.397007 0.408986 0.0217159 0 -0.763951 1.3073 -0.763951 -1.3073 
2 1 0 0.799517 0.4 2.96377 0.414735 0.39853 0.409724 0.414735 0.39853 0.409724 0.0216956 0 -0.790767 1.29209 -0.790767 -1.29209 
2 1 0 0.809369 0.4 2.93586 0.415132 0.400027 0.410463 0.415132 0.400027 0.410463 0.0216727 0 -0.817076 1.27656 -0.817076 -1.27656 
2 1 0 0.819223 0.4 2.90874 0.415544 0.401501 0.411205 0.415544 0.401501 0.411205 0.0216473 0 -0.842881 1.26074 -0.842881 -1.26074 
2 1 0 0.82908 0.4 2.88238 0.415971 0.40295 0.411949 0.415971 0.40295 0.411949 0.0216192 0 -0.868184 1.24466 -0.868184 -1.24466 
2 1 0 0.83894 0.4 2.85675 0.41641 0.404377 0.412694 0.41641 0.404377 0.412694 0.0215885 0 -0.89299 1.22831 -0.89299 -1.22831 
2 1 0 0.848803 0.4 2.83183 0.416863 0.405782 0.41344 0.416863 0.405782 0.41344 0.0215553 0 -0.917302 1.21173 -0.917302 -1.21173 
2 1 0 0.858667 0.4 2.80759 0.417327 0.407165 0.414188 0.417327 0.407165 0.414188 0.0215194 0 -0.941124 1.19494 -0.941124 -1.19494 
2 1 0 0.868534 0.4 2.78401 0.417803 0.408528 0.414937 0.417803 0.408528 0.414937 0.0214811 0 -0.964461 1.17794 -0.964461 -1.17794 
2 1 0 0.878403 0.4 2.76107 0.418289 0.40987 0.415687 0.418289 0.40987 0.415687 0.0214402 0 -0.987319 1.16075 -0.987319 -1.16075 
2 1 0 0.888275 0.4 2.73875 0.418785 0.411193 0.416438 0.418785 0.411193 0.416438 0.0213968 0 -1.0097 1.14339 -1.0097 -1.14339 
2 1 0 0.898148 0.4 2.71702 0.419292 0.412496 0.417189 0.419292 0.412496 0.417189 0.0213509 0 -1.03162 1.12588 -1.03162 -1.12588 
2 1 0 0.908023 0.4 2.69586 0.419807 0.413782 0.417941 0.419807 0.413782 0.417941 0.0213027 0 -1.05307 1.10823 -1.05307 -1.10823 
2 1 0 0.9179 0.4 2.67526 0.42033 0.415049 0.418694 0.42033 0.415049 0.418694 0.0212521 0 -1.07407 1.09044 -1.07407 -1.09044 
2 1 0 0.927778 0.4 2.65519 0.420862 0.416299 0.419447 0.420862 0.416299 0.419447 0.0211992 0 -1.09461 1.07255 -1.09461 -1.07255 
2 1 0 0.937659 0.4 2.63565 0.421401 0.417532 0.4202 0.421401 0.417532 0.4202 0.0211441 0 -1.11472 1.05454 -1.11472 -1.05454 
2 1 0 0.947541 0.4 2.6166 0.421947 0.418749 0.420953 0.421947 0.418749 0.420953 0.0210868 0 -1.13438 1.03645 -1.13438 -1.03645 
2 1 0 0.957425 0.4 2.59804 0.4225 0.419949 0.421707 0.4225 0.419949 0.421707 0.0210273 0 -1.15362 1.01828 -1.15362 -1.01828 
2 1 0 0.96731 0.4 2.57995 0.423059 0.421135 0.42246 0.423059 0.421135 0.42246 0.0209658 0 -1.17244 1.00003 -1.17244 -1.00003 
2 1 0 0.977196 0.4 2.56232 0.423624 0.422304 0.423213 0.423624 0.422304 0.423213 0.0209024 0 -1.19084 0.981732 -1.19084 -0.981732 
2 1 0 0.987084 0.4 2.54513 0.424194 0.42346 0.423965 0.424194 0.42346 0.423965 0.020837 0 -1.20883 0.96338 -1.20883 -0.96338 
2 1 0 0.996974 0.4 2.52836 0.42477 0.424601 0.424717 0.42477 0.424601 0.424717 0.0207698 0 -1.22642 0.944987 -1.22642 -0.944987 
2 1 0 1.00686 0.4 2.51201 0.42535 0.425728 0.425468 0.42535 0.425728 0.425468 -1.24361 0.926563 -1.24361 -0.926563 0.0207007 0 
1 1 0 0 0.4 0 0.00334422 1 0.0101362 0.00334422 1 0.0101362 0.0169064 0 7.40109 0 0.397895 0 
1 1 0 0.00142138 0.4 0 0.00335388 1 0.0115432 0.00335388 1 0.0115432 0.367879 0 0.367564 0 0.368195 0 
1 1 0 0.00284276 0.4 0 0.00336353 1 0.0129502 0.00336353 1 0.0129502 0.367879 0 0.367483 0 0.368277 0 
1 1 0 0.00568552 0.4 0 0.00338284 1 0.0157641 0.00338284 1 0.0157641 0.367879 0 0.367293 0 0.368467 0 
1 1 0 0.011371 0.4 0 0.00342146 0.999999 0.021392 0.00342146 0.999999 0.021392 0.367879 0 0.366805 0 0.368957 0 
1 1 0 0.0184779 0.4 0 0.00346976 0.999997 0.028427 0.00346976 0.999997 0.028427 0.367879 0 0.365994 0 0.369774 0 
1 1 0 0.0255847 0.4 0 0.0035181 0.999991 0.035462 0.0035181 0.999991 0.035462 0.367879 0 0.364965 0 0.370817 0 
1 1 0 0.0326912 0.4 0 0.00356653 0.999977 0.0424972 0.00356653 0.999977 0.0424972 0.367879 0 0.363722 0 0.372084 0 
1 1 0 0.0397975 0.4 0 0.00361511 0.999951 0.0495327 0.00361511 0.999951 0.0495327 0.367879 0 0.362272 0 0.373574 0 
1 1 0 0.0469033 0.4 0 0.00366395 0.999906 0.0565686 0.00366395 0.999906 0.0565686 0.367879 0 0.36062 0 0.375285 0 
1 1 0 0.0540083 0.4 0 0.00371317 0.999832 0.063605 0.00371317 0.999832 0.063605 0.367879 0 0.358771 0 0.377219 0 
1 1 0 0.0611121 0.4 0 0.00376296 0.999716 0.0706422 0.00376296 0.999716 0.0706422 0.367879 0 0.356733 0 0.379375 0 
1 1 0 0.0682141 0.4 0 0.00381353 0.999545 0.0776802 0.00381353 0.999545 0.0776802 0.367879 0 0.354509 0 0.381754 0 
1 1 0 0.0753135 0.4 0 0.00386516 0.999301 0.0847188 0.00386516 0.999301 0.0847188 0.367879 0 0.352107 0 0.384359 0 
1 1 0 0.0824089 0.4 0 0.00391821 0.998962 0.0917577 0.00391821 0.998962 0.0917577 0.367879 0 0.349531 0 0.387192 0 
1 1 0 0.0894984 0.4 0 0.00397309 0.998503 0.0987961 0.00397309 0.998503 0.0987961 0.367879 0 0.346786 0 0.390256 0 
1 1 0 0.0965793 0.4 0 0.0040303 0.997896 0.105833 0.0040303 0.997896 0.105833 0.367879 0 0.343876 0 0.393558 0 
1 1 0 0.103648 0.4 0 0.00409042 0.997108 0.112864 0.00409042 0.997108 0.112864 0.367879 0 0.340808 0 0.397102 0 
1 1 0 0.110696 0.4 0 0.00415413 0.996105 0.119886 0.00415413 0.996105 0.119886 0.367879 0 0.337584 0 0.400894 0 
1 1 0 0.117719 0.4 0 0.00422218 0.994848 0.126893 0.00422218 0.994848 0.126893 0.367879 0 0.334209 0 0.404942 0 
1 1 0 0.124705 0.4 0 0.00429545 0.993297 0.133878 0.00429545 0.993297 0.133878 0.367879 0 0.330687 0 0.409254 0 
1 1 0 0.131642 0.4 0 0.00437487 0.991409 0.140828 0.00437487 0.991409 0.140828 0.367879 0 0.327024 0 0.413839 0 
1 1 0 0.138514 0.4 0 0.00446145 0.989145 0.147731 0.00446145 0.989145 0.147731 0.367879 0 0.323226 0 0.418702 0 
1 1 0 0.145301 0.4 0 0.00455623 0.986467 0.154568 0.00455623 0.986467 0.154568 0.367879 0 0.319298 0 0.423852 0 
1 1 0 0.151981 0.4 0 0.00466026 0.983344 0.161322 0.00466026 0.983344 0.161322 0.367879 0 0.315252 0 0.429292 0 
1 1 0 0.158531 0.4 0 0.00477459 0.979753 0.167969 0.00477459 0.979753 0.167969 0.367879 0 0.311097 0 0.435027 0 
1 1 0 0.164927 0.4 0 0.00490017 0.97568 0.174488 0.00490017 0.97568 0.174488 0.367879 0 0.306844 0 0.441056 0 
1 1 0 0.171145 0.4 0 0.00503791 0.971124 0.180857 0.00503791 0.971124 0.180857 0.367879 0 0.302507 0 0.447379 0 
1 1 0 0.177166 0.4 0 0.00518858 0.966096 0.187057 0.00518858 0.966096 0.187057 0.367879 0 0.298099 0 0.453995 0 
1 1 0 0.182973 0.4 0 0.00535291 0.960615 0.193074 0.00535291 0.960615 0.193074 0.367879 0 0.293631 0 0.460903 0 
1 1 0 0.188556 0.4 0 0.00553151 0.954709 0.198898 0.00553151 0.954709 0.198898 0.367879 0 0.289114 0 0.468104 0 
1 1 0 0.193908 0.4 0 0.005725 0.94841 0.204524 0.005725 0.94841 0.204524 0.367879 0 0.284556 0 0.475601 0 
1 1 0 0.199028 0.4 0 0.00593396 0.941755 0.20995 0.00593396 0.941755 0.20995 0.367879 0 0.279966 0 0.4834 0 
1 1 0 0.20392 0.4 0 0.006159 0.934778 0.21518 0.006159 0.934778 0.21518 0.367879 0 0.275346 0 0.49151 0 
1 1 0 0.208587 0.4 0 0.00640081 0.927515 0.22022 0.00640081 0.927515 0.22022 0.367879 0 0.2707 0 0.499946 0 
1 1 0 0.213039 0.4 0 0.00666011 0.919998 0.225079 0.00666011 0.919998 0.225079 0.367879 0 0.266028 0 0.508726 0 
1 1 0 0.217283 0.4 0 0.00693773 0.912256 0.229766 0.00693773 0.912256 0.229766 0.367879 0 0.261331 0 0.517869 0 
1 1 0 0.221328 0.4 0 0.00723463 0.904315 0.234293 0.00723463 0.904315 0.234293 0.36788 0 0.256607 0 0.527402 0 
1 1 0 0.225184 0.4 0 0.00755183 0.896199 0.238669 0.00755183 0.896199 0.238669 0.36788 0 0.251855 0 0.537353 0 
1 1 0 0.228859 0.4 0 0.0078905 0.887927 0.242906 0.0078905 0.887927 0.242906 0.36788 0 0.247073 0 0.547755 0 
1 1 0 0.232362 0.4 0 0.00825193 0.879517 0.247013 0.00825193 0.879517 0.247013 0.36788 0 0.242257 0 0.558642 0 
1 1 0 0.2357 0.4 0 0.00863754 0.870984 0.251002 0.00863754 0.870984 0.251002 0.36788 0 0.237407 0 0.570057 0 
1 1 0 0.238879 0.4 0 0.00904889 0.862342 0.25488 0.00904889 0.862342 0.25488 0.36788 0 0.232518 0 0.582041 0 
1 1 0 0.241905 0.4 0 0.00948768 0.853602 0.258656 0.00948768 0.853602 0.258656 0.36788 0 0.22759 0 0.594644 0 
1 1 0 0.244782 0.4 0 0.00995576 0.844773 0.262339 0.00995576 0.844773 0.262339 0.36788 0 0.22262 0 0.60792 0 
1 1 0 0.247513 0.4 0 0.0104551 0.835865 0.265936 0.0104551 0.835865 0.265936 0.36788 0 0.217607 0 0.621926 0 
1 1 0 0.250101 0.4 0 0.010988 0.826885 0.269453 0.010988 0.826885 0.269453 0.36788 0 0.212548 0 0.636727 0 
1 1 0 0.252547 0.4 0 0.0115567 0.817839 0.272897 0.0115567 0.817839 0.272897 0.36788 0 0.207444 0 0.652395 0 
1 1 0 0.254852 0.4 0 0.0121638 0.808733 0.276274 0.0121638 0.808733 0.276274 0.36788 0 0.202292 0 0.669007 0 
1 1 0 0.257015 0.4 0 0.012812 0.799573 0.279588 0.012812 0.799573 0.279588 0.36788 0 0.197095 0 0.68665 0 
1 1 0 0.259034 0.4 0 0.0135043 0.790362 0.282846 0.0135043 0.790362 0.282846 0.36788 0 0.19185 0 0.705419 0 
1 1 0 0.260907 0.4 0 0.0142437 0.781106 0.28605 0.0142437 0.781106 0.28605 0.367881 0 0.186561 0 0.72542 0 
1 1 0 0.262628 0.4 0 0.0150336 0.771807 0.289205 0.0150336 0.771807 0.289205 0.367881 0 0.181227 0 0.74677 0 
1 1 0 0.264194 0.4 0 0.0158775 0.762471 0.292315 0.0158775 0.762471 0.292315 0.367881 0 0.175851 0 0.769599 0 
1 1 0 0.265597 0.4 0 0.0167791 0.7531 0.295382 0.0167791 0.7531 0.295382 0.367882 0 0.170435 0 0.79405 0 
1 1 0 0.26683 0.4 0 0.0177422 0.743699 0.298409 0.0177422 0.743699 0.298409 0.367883 0 0.164984 0 0.820284 0 
1 1 0 0.267884 0.4 0 0.018771 0.734271 0.3014 0.018771 0.734271 0.3014 0.367884 0 0.159502 0 0.848476 0 
1 1 0 0.268748 0.4 0 0.0198694 0.72482 0.304355 0.0198694 0.72482 0.304355 0.367885 0 0.153994 0 0.878825 0 
1 1 0 0.269409 0.4 0 0.0210417 0.715352 0.307276 0.0210417 0.715352 0.307276 0.367886 0 0.148465 0 0.911545 0 
1 1 0 0.269855 0.4 0 0.0222917 0.705871 0.310166 0.0222917 0.705871 0.310166 0.367888 0 0.142925 0 0.946879 0 
1 1 0 0.270069 0.4 0 0.0236235 0.696383 0.313023 0.0236235 0.696383 0.313023 0.36789 0 0.985089 0 0.13738 0 
1 1 0 0.270087 0.4 0 0.0241253 0.692955 0.314047 0.0241253 0.692955 0.314047 0.367891 0 0.135378 0 0.999654 0 
2 1 0 0.269958 0.4 0 0.0255739 0.68347 0.316862 0.0255739 0.68347 0.316862 0.367894 0 1.04225 0 0.129844 0 
2 1 0 0.269555 0.4 0 0.0271116 0.673998 0.319644 0.0271116 0.673998 0.319644 0.367898 0 0.124332 0 1.08845 0 
2 1 0 0.268857 0.4 0 0.0287402 0.664547 0.322393 0.0287402 0.664547 0.322393 0.367903 0 0.118854 0 1.1386 0 
2 1 0 0.267842 0.4 0 0.0304604 0.655132 0.325106 0.0304604 0.655132 0.325106 0.367909 0 0.113426 0 1.19306 0 
2 1 0 0.266486 0.4 0 0.0322713 0.645766 0.327781 0.0322713 0.645766 0.327781 0.367917 0 0.108063 0 1.25225 0 
2 1 0 0.264766 0.4 0 0.0341699 0.636465 0.330415 0.0341699 0.636465 0.330415 0.367927 0 0.102783 0 1.31654 0 
2 1 0 0.262661 0.4 0 0.0361512 0.627249 0.333002 0.0361512 0.627249 0.333002 0.367939 0 0.0976038 0 1.38635 0 
2 1 0 0.260146 0.4 0 0.038207 0.618137 0.335539 0.038207 0.618137 0.335539 0.367954 0 0.092545 0 1.46208 0 
2 1 0 0.257205 0.4 0 0.0403264 0.609154 0.338019 0.0403264 0.609154 0.338019 0.367972 0 0.087626 0 1.54408 0 
2 1 0 0.253819 0.4 0 0.0424953 0.600323 0.340437 0.0424953 0.600323 0.340437 0.367993 0 0.0828657 0 1.63268 0 
2 1 0 0.249979 0.4 0 0.0446962 0.591669 0.342786 0.0446962 0.591669 0.342786 0.368018 0 0.078282 0 1.72817 0 
2 1 0 0.245677 0.4 0 0.0469091 0.583217 0.34506 0.0469091 0.583217 0.34506 0.368047 0 0.073891 0 1.83072 0 
2 1 0 0.240914 0.4 0 0.0491114 0.574992 0.347252 0.0491114 0.574992 0.347252 0.36808 0 0.0697065 0 1.94044 0 
2 1 0 0.235696 0.4 0 0.051279 0.567014 0.349359 0.051279 0.567014 0.349359 0.368117 0 0.0657387 0 2.05736 0 
2 1 0 0.230036 0.4 0 0.0533871 0.559303 0.351374 0.0533871 0.559303 0.351374 0.368157 0 0.0619945 0 2.18138 0 
2 1 0 0.223953 0.4 0 0.0554113 0.551873 0.353295 0.0554113 0.551873 0.353295 0.3682 0 0.0584769 0 2.31233 0 
2 1 0 0.21747 0.4 0 0.0573282 0.544734 0.35512 0.0573282 0.544734 0.35512 0.368244 0 0.0551853 0 2.44995 0 
2 1 0 0.210614 0.4 0 0.0591167 0.537892 0.356848 0.0591167 0.537892 0.356848 0.368289 0 0.0521158 0 2.59393 0 
2 1 0 0.203415 0.4 0 0.0607583 0.531349 0.358479 0.0607583 0.531349 0.358479 0.368333 0 0.0492616 0 2.7439 0 
2 1 0 0.195904 0.4 0 0.0622373 0.525102 0.360016 0.0622373 0.525102 0.360016 0.368375 0 0.0466134 0 2.89945 0 
2 1 0 0.18811 0.4 0 0.0635414 0.519145 0.361461 0.0635414 0.519145 0.361461 0.368413 0 0.0441606 0 3.06018 0 
2 1 0 0.180066 0.4 0 0.0646613 0.513471 0.362817 0.0646613 0.513471 0.362817 0.368448 0 0.0418913 0 3.22565 0 
2 1 0 0.171799 0.4 0 0.0655904 0.508069 0.364088 0.0655904 0.508069 0.364088 0.368476 0 0.039793 0 3.39547 0 
2 1 0 0.163337 0.4 0 0.0663251 0.502928 0.365278 0.0663251 0.502928 0.365278 0.368499 0 0.0378533 0 3.56924 0 
2 1 0 0.154704 0.4 0 0.0668638 0.498034 0.366391 0.0668638 0.498034 0.366391 0.368515 0 0.0360599 0 3.7466 0 
2 1 0 0.145924 0.4 0 0.0672069 0.493376 0.367432 0.0672069 0.493376 0.367432 0.368524 0 0.0344008 0 3.9272 0 
2 1 0 0.137016 0.4 0 0.0673564 0.488938 0.368404 0.0673564 0.488938 0.368404 0.368526 0 0.0328647 0 4.11072 0 
2 1 0 0.128 0.4 0 0.0673156 0.48471 0.369313 0.0673156 0.48471 0.369313 0.368521 0 0.0314412 0 4.2969 0 
2 1 0 0.118891 0.4 0 0.0670888 0.480677 0.370162 0.0670888 0.480677 0.370162 0.368509 0 0.0301204 0 4.48547 0 
2 1 0 0.109705 0.4 0 0.066681 0.476829 0.370955 0.066681 0.476829 0.370955 0.368492 0 0.0288933 0 4.67619 0 
2 1 0 0.100453 0.4 0 0.0660978 0.473153 0.371696 0.0660978 0.473153 0.371696 0.368469 0 0.0277515 0 4.86888 0 
2 1 0 0.0911469 0.4 0 0.0653451 0.469638 0.372388 0.0653451 0.469638 0.372388 0.368441 0 0.0266877 0 5.06335 0 
2 1 0 0.0817965 0.4 0 0.064429 0.466274 0.373034 0.064429 0.466274 0.373034 0.368409 0 0.0256949 0 5.25944 0 
2 1 0 0.0724101 0.4 0 0.0633559 0.463053 0.373637 0.0633559 0.463053 0.373637 0.368374 0 0.024767 0 5.45701 0 
2 1 0 0.0629952 0.4 0 0.0621319 0.459963 0.374201 0.0621319 0.459963 0.374201 0.368337 0 0.0238982 0 5.65595 0 
2 1 0 0.0535562 0.4 0 0.0607629 0.456998 0.374727 0.0607629 0.456998 0.374727 0.368298 0 0.0230835 0 5.85619 0 
2 1 0 0.0441008 0.4 0 0.0592554 0.454149 0.375218 0.0592554 0.454149 0.375218 0.368259 0 0.0223184 0 6.05759 0 
2 1 0 0.0346336 0.4 0 0.0576152 0.45141 0.375676 0.0576152 0.45141 0.375676 0.368219 0 0.0215988 0 6.26008 0 
2 1 0 0.0251588 0.4 0 0.0558482 0.448774 0.376103 0.0558482 0.448774 0.376103 0.36818 0 0.0209209 0 6.4636 0 
2 1 0 0.0156798 0.4 0 0.0539598 0.446234 0.3765 0.0539598 0.446234 0.3765 0.368143 0 0.0202814 0 6.66809 0 
2 1 0 0.00619976 0.4 0 0.0519556 0.443785 0.376871 0.0519556 0.443785 0.376871 0.368107 0 0.0196772 0 6.87351 0 
2 1 0 -0.00327879 0.4 0 0.0498405 0.441422 0.377215 0.0498405 0.441422 0.377215 0.368073 0 0.0191056 0 7.07981 0 
1 1 0 0 0.4 0 1 0.00601028 0.0101362 1 0.00601028 0.0101362 1.97714 0 0.500376 0 1.59799e-21 0 
1 1 0 0.00141847 0.4 0 1 0.00742022 0.0101362 1 0.00742022 0.0101362 0.367526 0 0.368233 0 0.367879 0 
1 1 0 0.00283694 0.4 0 1 0.00883017 0.0101362 1 0.00883017 0.0101362 0.367502 0 0.368258 0 0.367879 0 
1 1 0 0.00567388 0.4 0 1 0.0116501 0.0101362 1 0.0116501 0.0101362 0.367415 0 0.368345 0 0.367879 0 
1 1 0 0.0113478 0.4 0 1 0.0172898 0.0101362 1 0.0172898 0.0101362 0.367084 0 0.368676 0 0.36788 0 
1 1 0 0.0184401 0.4 0 0.999997 0.0243396 0.0101363 0.999997 0.0243396 0.0101363 0.366415 0 0.36935 0 0.36788 0 
1 1 0 0.0255323 0.4 0 0.999991 0.0313894 0.0101366 0.999991 0.0313894 0.0101366 0.365499 0 0.370276 0 0.36788 0 
1 1 0 0.0326245 0.4 0 0.999976 0.0384394 0.0101374 0.999976 0.0384394 0.0101374 0.364354 0 0.371439 0 0.36788 0 
1 1 0 0.0397163 0.4 0 0.999943 0.0454895 0.0101389 0.999943 0.0454895 0.0101389 0.362991 0 0.372833 0 0.36788 0 
1 1 0 0.0468077 0.4 0 0.999884 0.05254 0.0101416 0.999884 0.05254 0.0101416 0.361418 0 0.374457 0 0.36788 0 
1 1 0 0.0538984 0.4 0 0.999784 0.0595908 0.0101463 0.999784 0.0595908 0.0101463 0.359641 0 0.376306 0 0.36788 0 
1 1 0 0.0609877 0.4 0 0.999624 0.066642 0.0101538 0.999624 0.066642 0.0101538 0.357668 0 0.378383 0 0.36788 0 
1 1 0 0.0680749 0.4 0 0.999382 0.0736932 0.0101652 0.999382 0.0736932 0.0101652 0.355504 0 0.380686 0 0.36788 0 
1 1 0 0.0751584 0.4 0 0.99903 0.0807439 0.0101819 0.99903 0.0807439 0.0101819 0.353156 0 0.383216 0 0.36788 0 
1 1 0 0.082236 0.4 0 0.998534 0.0877924 0.0102053 0.998534 0.0877924 0.0102053 0.35063 0 0.385978 0 0.36788 0 
1 1 0 0.089304 0.4 0 0.997856 0.0948363 0.0102375 0.997856 0.0948363 0.0102375 0.34793 0 0.388972 0 0.36788 0 
1 1 0 0.0963551 0.4 0 0.996952 0.101869 0.0102805 0.996952 0.101869 0.0102805 0.345063 0 0.392204 0 0.36788 0 
1 1 0 0.103382 0.4 0 0.995774 0.108886 0.010337 0.995774 0.108886 0.010337 0.342034 0 0.395678 0 0.36788 0 
1 1 0 0.110374 0.4 0 0.994271 0.115875 0.0104097 0.994271 0.115875 0.0104097 0.338848 0 0.399398 0 0.36788 0 
1 1 0 0.117314 0.4 0 0.992388 0.122824 0.0105015 0.992388 0.122824 0.0105015 0.335513 0 0.403368 0 0.36788 0 
1 1 0 0.124182 0.4 0 0.990075 0.129713 0.0106157 0.990075 0.129713 0.0106157 0.332036 0 0.407592 0 0.36788 0 
1 1 0 0.130954 0.4 0 0.987285 0.13652 0.0107554 0.987285 0.13652 0.0107554 0.328428 0 0.412069 0 0.36788 0 
1 1 0 0.137602 0.4 0 0.983982 0.143218 0.0109238 0.983982 0.143218 0.0109238 0.324703 0 0.416797 0 0.36788 0 
1 1 0 0.144096 0.4 0 0.980142 0.149779 0.0111235 0.980142 0.149779 0.0111235 0.320874 0 0.42177 0 0.36788 0 
1 1 0 0.150406 0.4 0 0.975757 0.156175 0.011357 0.975757 0.156175 0.011357 0.316958 0 0.42698 0 0.36788 0 
1 1 0 0.156507 0.4 0 0.970838 0.16238 0.0116259 0.970838 0.16238 0.0116259 0.312973 0 0.432417 0 0.367881 0 
1 1 0 0.162379 0.4 0 0.965409 0.168376 0.0119317 0.965409 0.168376 0.0119317 0.308933 0 0.438072 0 0.367881 0 
1 1 0 0.168009 0.4 0 0.959505 0.174149 0.0122752 0.959505 0.174149 0.0122752 0.304852 0 0.443936 0 0.367881 0 
1 1 0 0.173391 0.4 0 0.953169 0.179695 0.0126571 0.953169 0.179695 0.0126571 0.300741 0 0.450004 0 0.367881 0 
1 1 0 0.178525 0.4 0 0.946448 0.185014 0.0130779 0.946448 0.185014 0.0130779 0.296608 0 0.456274 0 0.367881 0 
1 1 0 0.183417 0.4 0 0.939386 0.190111 0.0135382 0.939386 0.190111 0.0135382 0.292457 0 0.46275 0 0.367882 0 
1 1 0 0.188077 0.4 0 0.932028 0.194998 0.0140387 0.932028 0.194998 0.0140387 0.28829 0 0.469438 0 0.367882 0 
1 1 0 0.192517 0.4 0 0.92441 0.199686 0.0145801 0.92441 0.199686 0.0145801 0.284108 0 0.476347 0 0.367883 0 
1 1 0 0.196749 0.4 0 0.91657 0.204188 0.0151637 0.91657 0.204188 0.0151637 0.279909 0 0.483492 0 0.367884 0 
1 1 0 0.200787 0.4 0 0.908535 0.208518 0.0157908 0.908535 0.208518 0.0157908 0.275691 0 0.490889 0 0.367884 0 
1 1 0 0.204643 0.4 0 0.900333 0.21269 0.0164632 0.900333 0.21269 0.0164632 0.27145 0 0.498556 0 0.367885 0 
1 1 0 0.208329 0.4 0 0.891986 0.216717 0.0171828 0.891986 0.216717 0.0171828 0.267184 0 0.506516 0 0.367887 0 
1 1 0 0.211857 0.4 0 0.883512 0.220611 0.0179518 0.883512 0.220611 0.0179518 0.262888 0 0.51479 0 0.367888 0 
1 1 0 0.215235 0.4 0 0.874928 0.224383 0.018773 0.874928 0.224383 0.018773 0.258559 0 0.523407 0 0.36789 0 
1 1 0 0.218474 0.4 0 0.866248 0.228044 0.0196491 0.866248 0.228044 0.0196491 0.254193 0 0.532392 0 0.367893 0 
1 1 0 0.221581 0.4 0 0.857484 0.231603 0.0205834 0.857484 0.231603 0.0205834 0.249787 0 0.541778 0 0.367896 0 
1 1 0 0.224562 0.4 0 0.848646 0.235069 0.0215794 0.848646 0.235069 0.0215794 0.245339 0 0.551597 0 0.367899 0 
1 1 0 0.227423 0.4 0 0.839743 0.238451 0.0226411 0.839743 0.238451 0.0226411 0.240843 0 0.561886 0 0.367904 0 
1 1 0 0.230169 0.4 0 0.830782 0.241754 0.0237725 0.830782 0.241754 0.0237725 0.236298 0 0.572684 0 0.36791 0 
1 1 0 0.232804 0.4 0 0.821772 0.244986 0.0249783 0.821772 0.244986 0.0249783 0.231703 0 0.584031 0 0.367917 0 
1 1 0 0.23533 0.4 0 0.812718 0.248151 0.0262632 0.812718 0.248151 0.0262632 0.227054 0 0.595974 0 0.367926 0 
1 1 0 0.237749 0.4 0 0.803626 0.251256 0.0276326 0.803626 0.251256 0.0276326 0.222351 0 0.608562 0 0.367937 0 
1 1 0 0.240063 0.4 0 0.794503 0.254305 0.0290923 0.794503 0.254305 0.0290923 0.217591 0 0.621849 0 0.367951 0 
1 1 0 0.242271 0.4 0 0.785351 0.257302 0.0306482 0.785351 0.257302 0.0306482 0.212775 0 0.635895 0 0.367968 0 
1 1 0 0.244374 0.4 0 0.776178 0.260251 0.0323069 0.776178 0.260251 0.0323069 0.207901 0 0.650763 0 0.367991 0 
1 1 0 0.24637 0.4 0 0.766986 0.263155 0.0340753 0.766986 0.263155 0.0340753 0.20297 0 0.666522 0 0.368019 0 
1 1 0 0.248256 0.4 0 0.757782 0.266016 0.0359607 0.757782 0.266016 0.0359607 0.197982 0 0.683249 0 0.368054 0 
1 1 0 0.250031 0.4 0 0.748569 0.268838 0.0379709 0.748569 0.268838 0.0379709 0.192938 0 0.701027 0 0.368099 0 
1 1 0 0.25169 0.4 0 0.739352 0.271622 0.040114 0.739352 0.271622 0.040114 0.187839 0 0.719946 0 0.368156 0 
1 1 0 0.253228 0.4 0 0.730138 0.274369 0.0423985 0.730138 0.274369 0.0423985 0.182687 0 0.740102 0 0.368228 0 
1 1 0 0.25464 0.4 0 0.720933 0.27708 0.0448324 0.720933 0.27708 0.0448324 0.177487 0 0.761599 0 0.36832 0 
1 1 0 0.25592 0.4 0 0.711742 0.279757 0.0474253 0.711742 0.279757 0.0474253 0.172239 0 0.784554 0 0.368436 0 
1 1 0 0.257061 0.4 0 0.702572 0.282399 0.050186 0.702572 0.282399 0.050186 0.166949 0 0.80909 0 0.368584 0 
1 1 0 0.258055 0.4 0 0.693429 0.285007 0.0531236 0.693429 0.285007 0.0531236 0.16162 0 0.835342 0 0.368772 0 
1 1 0 0.258893 0.4 0 0.684323 0.287579 0.0562469 0.684323 0.287579 0.0562469 0.156257 0 0.863451 0 0.369011 0 
1 1 0 0.259566 0.4 0 0.675262 0.290115 0.0595643 0.675262 0.290115 0.0595643 0.150866 0 0.893569 0 0.369314 0 
1 1 0 0.260063 0.4 0 0.666254 0.292612 0.0630837 0.666254 0.292612 0.0630837 0.145454 0 0.925856 0 0.369699 0 
1 1 0 0.260375 0.4 0 0.657312 0.295069 0.066812 0.657312 0.295069 0.066812 0.140026 0 0.960481 0 0.370186 0 
1 1 0 0.26049 0.4 0 0.648445 0.297482 0.0707551 0.648445 0.297482 0.0707551 0.134589 0 0.997619 0 0.370803 0 
1 1 0 0.26049 0.4 0 0.647913 0.297626 0.0709998 0.647913 0.297626 0.0709998 0.134261 0 0.999942 0 0.370844 0 
2 1 0 0.260384 0.4 0 0.63914 0.299989 0.0751756 0.63914 0.299989 0.0751756 0.128823 0 1.03994 0 0.371632 0 
2 1 0 0.260059 0.4 0 0.630468 0.302301 0.0795738 0.630468 0.302301 0.0795738 0.123392 0 1.08283 0 0.372621 0 
2 1 0 0.259504 0.4 0 0.621909 0.304556 0.0841951 0.621909 0.304556 0.0841951 0.117975 0 1.1288 0 0.373859 0 
2 1 0 0.258709 0.4 0 0.613478 0.30675 0.0890385 0.613478 0.30675 0.0890385 0.112581 0 1.17803 0 0.375401 0 
2 1 0 0.257665 0.4 0 0.605185 0.308877 0.0941006 0.605185 0.308877 0.0941006 0.107217 0 1.2307 0 0.377314 0 
2 1 0 0.256365 0.4 0 0.597045 0.31093 0.099376 0.597045 0.31093 0.099376 0.101892 0 1.28697 0 0.379672 0 
2 1 0 0.254802 0.4 0 0.589068 0.312901 0.104857 0.589068 0.312901 0.104857 0.0966137 0 1.34702 0 0.382563 0 
2 1 0 0.252974 0.4 0 0.581266 0.314785 0.110535 0.581266 0.314785 0.110535 0.0913925 0 1.41099 0 0.386085 0 
2 1 0 0.250878 0.4 0 0.573648 0.316572 0.116398 0.573648 0.316572 0.116398 0.0862384 0 1.47898 0 0.39035 0 
2 1 0 0.248514 0.4 0 0.566222 0.318253 0.122435 0.566222 0.318253 0.122435 0.0811624 0 1.55109 0 0.395481 0 
2 1 0 0.245888 0.4 0 0.558996 0.31982 0.128634 0.558996 0.31982 0.128634 0.076177 0 1.62737 0 0.401613 0 
2 1 0 0.243003 0.4 0 0.551973 0.321261 0.134981 0.551973 0.321261 0.134981 0.0712955 0 1.70782 0 0.408896 0 
2 1 0 0.239872 0.4 0 0.545159 0.322567 0.141466 0.545159 0.322567 0.141466 0.0665328 0 1.79238 0 0.417494 0 
2 1 0 0.236504 0.4 0 0.538556 0.323725 0.148078 0.538556 0.323725 0.148078 0.0619043 0 1.88092 0 0.427587 0 
2 1 0 0.232918 0.4 0 0.532164 0.324723 0.154807 0.532164 0.324723 0.154807 0.057426 0 1.97322 0 0.439373 0 
2 1 0 0.229132 0.4 0 0.525983 0.325546 0.161648 0.525983 0.325546 0.161648 0.0531139 0 2.06892 0 0.453068 0 
2 1 0 0.225171 0.4 0 0.520014 0.326178 0.168596 0.520014 0.326178 0.168596 0.0489835 0 2.16756 0 0.468917 0 
2 1 0 0.221063 0.4 0 0.514254 0.326603 0.175651 0.514254 0.326603 0.175651 0.0450493 0 2.26846 0 0.487188 0 
2 1 0 0.216843 0.4 0 0.508703 0.3268 0.182816 0.508703 0.3268 0.182816 0.0413242 0 2.37079 0 0.508182 0 
2 1 0 0.21255 0.4 0 0.50336 0.326747 0.190097 0.50336 0.326747 0.190097 0.0378195 0 2.47342 0 0.532234 0 
2 1 0 0.208234 0.4 0 0.498224 0.326416 0.197505 0.498224 0.326416 0.197505 0.0345445 0 2.57499 0 0.559709 0 
2 1 0 0.203953 0.4 0 0.493296 0.325779 0.205054 0.493296 0.325779 0.205054 0.0315069 0 2.6738 0 0.590993 0 
2 1 0 0.199776 0.4 0 0.488581 0.324801 0.212759 0.488581 0.324801 0.212759 0.0287132 0 2.76779 0 0.626472 0 
2 1 0 0.195786 0.4 0 0.484085 0.323442 0.220634 0.484085 0.323442 0.220634 0.0261691 0 2.85461 0 0.66647 0 
2 1 0 0.192083 0.4 0 0.47982 0.321662 0.228692 0.47982 0.321662 0.228692 0.0238801 0 2.93165 0 0.711163 0 
2 1 0 0.188778 0.4 0 0.475802 0.319417 0.236932 0.475802 0.319417 0.236932 0.0218518 0 2.99627 0 0.76041 0 
2 1 0 0.18599 0.4 0 0.47205 0.316672 0.245335 0.47205 0.316672 0.245335 0.0200898 0 3.04625 0 0.813533 0 
2 1 0 0.183831 0.4 0 0.468588 0.313406 0.253861 0.468588 0.313406 0.253861 0.0185979 0 3.08038 0 0.869057 0 
2 1 0 0.182382 0.4 0 0.465432 0.309618 0.26244 0.465432 0.309618 0.26244 0.0173759 0 3.0992 0 0.924527 0 
2 1 0 0.181674 0.4 0 0.462592 0.305333 0.270988 0.462592 0.305333 0.270988 0.0164172 0 3.10544 0 0.976551 0 
2 1 0 0.181589 0.4 0 0.461291 0.30302 0.275216 0.461291 0.30302 0.275216 0.016033 0 3.1053 0 0.999997 0 
2 1 0 0.181902 0.4 0 0.458905 0.298066 0.283563 0.458905 0.298066 0.283563 0.0154407 0 3.10235 0 1.03934 0 
2 1 0 0.182747 0.4 0 0.456792 0.292718 0.291701 0.456792 0.292718 0.291701 0.0150674 0 3.10151 0 1.06538 0 
2 1 0 0.18394 0.4 0 0.454919 0.286993 0.299593 0.454919 0.286993 0.299593 0.0148915 0 3.10964 0 1.07514 0 
2 1 0 0.185247 0.4 0 0.45326 0.28088 0.30722 0.45326 0.28088 0.30722 0.0148944 0 3.13329 0 1.06682 0 
2 1 0 0.186347 0.4 0 0.4518 0.274329 0.314552 0.4518 0.274329 0.314552 0.0150603 0 3.17896 0 1.03992 0 
2 1 0 0.18678 0.4 0 0.450657 0.267934 0.320888 0.450657 0.267934 0.320888 0.0153388 0 3.2458 0 1.00001 0 
2 1 0 0.186003 0.4 0 0.449652 0.260367 0.327302 0.449652 0.260367 0.327302 0.0157607 0 3.35547 0 0.94143 0 
2 1 0 0.183164 0.4 0 0.449015 0.252454 0.33268 0.449015 0.252454 0.33268 0.0162417 0 3.50826 0 0.873763 0 
2 1 0 0.178064 0.4 0 0.448805 0.24478 0.336559 0.448805 0.24478 0.336559 0.0166848 0 3.69498 0 0.807574 0 
2 1 0 0.171353 0.4 0 0.448943 0.23778 0.338998 0.448943 0.23778 0.338998 0.0170313 0 3.8967 0 0.750193 0 
2 1 0 0.16375 0.4 0 0.449299 0.231448 0.340406 0.449299 0.231448 0.340406 0.0172834 0 4.10141 0 0.702349 0 
2 1 0 0.155675 0.4 0 0.449783 0.225614 0.34114 0.449783 0.225614 0.34114 0.017463 0 4.30476 0 0.662289 0 
2 1 0 0.147337 0.4 0 0.450342 0.22013 0.341427 0.450342 0.22013 0.341427 0.0175893 0 4.50554 0 0.628233 0 
2 1 0 0.138842 0.4 0 0.450945 0.214888 0.341406 0.450945 0.214888 0.341406 0.0176758 0 4.70347 0 0.598853 0 
2 1 0 0.130251 0.4 0 0.451575 0.209816 0.341163 0.451575 0.209816 0.341163 0.0177317 0 4.89845 0 0.573202 0 
2 1 0 0.121597 0.4 0 0.452219 0.204863 0.340755 0.452219 0.204863 0.340755 0.0177634 0 5.09045 0 0.550598 0 
2 1 0 0.112902 0.4 0 0.452872 0.199993 0.34022 0.452872 0.199993 0.34022 0.0177753 0 5.2794 0 0.530536 0 
2 1 0 0.104182 0.4 0 0.453527 0.195182 0.339584 0.453527 0.195182 0.339584 0.0177706 0 5.46516 0 0.512639 0 
2 1 0 0.0954472 0.4 0 0.454181 0.190411 0.338867 0.454181 0.190411 0.338867 0.0177517 0 5.64757 0 0.49661 0 
2 1 0 0.0867043 0.4 0 0.454831 0.185664 0.338084 0.454831 0.185664 0.338084 0.0177202 0 5.82651 0 0.482215 0 
2 1 0 0.0779588 0.4 0 0.455476 0.180931 0.337246 0.455476 0.180931 0.337246 0.0176774 0 6.00181 0 0.469263 0 
2 1 0 0.0692151 0.4 0 0.456115 0.176203 0.336362 0.456115 0.176203 0.336362 0.0176244 0 6.17335 0 0.457596 0 
2 1 0 0.0604763 0.4 0 0.456745 0.171471 0.33544 0.456745 0.171471 0.33544 0.0175619 0 6.341 0 0.447082 0 
2 1 0 0.0517451 0.4 0 0.457367 0.166731 0.334485 0.457367 0.166731 0.334485 0.0174907 0 6.50466 0 0.437609 0 
2 1 0 0.0430237 0.4 0 0.457979 0.161977 0.333503 0.457979 0.161977 0.333503 0.0174112 0 6.66426 0 0.429078 0 
2 1 0 0.034314 0.4 0 0.458583 0.157206 0.332498 0.458583 0.157206 0.332498 0.017324 0 6.81976 0 0.421405 0 
2 1 0 0.0256173 0.4 0 0.459176 0.152413 0.331474 0.459176 0.152413 0.331474 0.0172295 0 6.97116 0 0.414514 0 
2 1 0 0.016935 0.4 0 0.459759 0.147597 0.330435 0.459759 0.147597 0.330435 0.0171281 0 7.11847 0 0.408339 0 
2 1 0 0.00826814 0.4 0 0.460333 0.142754 0.329383 0.460333 0.142754 0.329383 0.0170203 0 7.26175 0 0.402817 0 
2 1 0 -0.000382357 0.4 0 0.460896 0.137883 0.328323 0.460896 0.137883 0.328323 0.0169064 0 7.40109 0 0.397895 0 
