1 1 0 0 0.4 0 0.00568206 0.0150568 1 0.00568206 0.0150568 1 0.295984 0 3.37911 0 4.23397e-20 0 
1 1 0 0.00141823 0.4 0 0.00709223 0.0150498 1 0.00709223 0.0150498 1 0.367879 0 0.367384 0 0.368375 0 
1 1 0 0.00283646 0.4 0 0.0085024 0.0150428 1 0.0085024 0.0150428 1 0.367879 0 0.367379 0 0.368381 0 
1 1 0 0.00567292 0.4 0 0.0113227 0.0150289 1 0.0113227 0.0150289 1 0.367879 0 0.368405 0 0.367354 0 
1 1 0 0.0113458 0.4 0 0.0169634 0.015001 1 0.0169634 0.015001 1 0.36788 0 0.368535 0 0.367224 0 
1 1 0 0.018437 0.4 0 0.0240143 0.0149661 0.999999 0.0240143 0.0149661 0.999999 0.366875 0 0.368886 0 0.36788 0 
1 1 0 0.0255281 0.4 0 0.0310652 0.0149314 0.999996 0.0310652 0.0149314 0.999996 0.366334 0 0.369431 0 0.36788 0 
1 1 0 0.0326191 0.4 0 0.0381161 0.0148969 0.99999 0.0381161 0.0148969 0.99999 0.365627 0 0.370144 0 0.36788 0 
1 1 0 0.0397101 0.4 0 0.0451671 0.0148629 0.999976 0.0451671 0.0148629 0.999976 0.364769 0 0.371015 0 0.367881 0 
1 1 0 0.0468009 0.4 0 0.0522183 0.0148295 0.999952 0.0522183 0.0148295 0.999952 0.363767 0 0.372037 0 0.367881 0 
1 1 0 0.0538914 0.4 0 0.0592697 0.0147973 0.999909 0.0592697 0.0147973 0.999909 0.362626 0 0.373207 0 0.367881 0 
1 1 0 0.0609815 0.4 0 0.0663213 0.0147667 0.999841 0.0663213 0.0147667 0.999841 0.361352 0 0.374523 0 0.367881 0 
1 1 0 0.068071 0.4 0 0.0733732 0.0147384 0.999736 0.0733732 0.0147384 0.999736 0.359947 0 0.375985 0 0.367881 0 
1 1 0 0.0751594 0.4 0 0.0804253 0.0147131 0.999583 0.0804253 0.0147131 0.999583 0.358414 0 0.377592 0 0.367881 0 
1 1 0 0.0822463 0.4 0 0.0874775 0.0146917 0.999367 0.0874775 0.0146917 0.999367 0.356758 0 0.379345 0 0.367882 0 
1 1 0 0.0893308 0.4 0 0.0945293 0.0146755 0.999069 0.0945293 0.0146755 0.999069 0.354981 0 0.381244 0 0.367882 0 
1 1 0 0.0964116 0.4 0 0.10158 0.0146656 0.998669 0.10158 0.0146656 0.998669 0.353085 0 0.383291 0 0.367882 0 
1 1 0 0.103487 0.4 0 0.108628 0.0146637 0.998143 0.108628 0.0146637 0.998143 0.351073 0 0.385488 0 0.367882 0 
1 1 0 0.110554 0.4 0 0.115672 0.0146714 0.997463 0.115672 0.0146714 0.997463 0.348946 0 0.387837 0 0.367882 0 
1 1 0 0.117609 0.4 0 0.122709 0.0146907 0.9966 0.122709 0.0146907 0.9966 0.346707 0 0.390341 0 0.367882 0 
1 1 0 0.124646 0.4 0 0.129732 0.0147239 0.995522 0.129732 0.0147239 0.995522 0.344358 0 0.393004 0 0.367883 0 
1 1 0 0.131658 0.4 0 0.136736 0.0147732 0.994192 0.136736 0.0147732 0.994192 0.3419 0 0.395829 0 0.367883 0 
1 1 0 0.138635 0.4 0 0.143714 0.0148415 0.992575 0.143714 0.0148415 0.992575 0.339335 0 0.398821 0 0.367883 0 
1 1 0 0.145567 0.4 0 0.150655 0.0149314 0.990634 0.150655 0.0149314 0.990634 0.336666 0 0.401983 0 0.367883 0 
1 1 0 0.15244 0.4 0 0.157545 0.0150459 0.988334 0.157545 0.0150459 0.988334 0.333894 0 0.40532 0 0.367884 0 
1 1 0 0.159235 0.4 0 0.164368 0.015188 0.985641 0.164368 0.015188 0.985641 0.331023 0 0.408834 0 0.367884 0 
1 1 0 0.165934 0.4 0 0.171107 0.0153607 0.98253 0.171107 0.0153607 0.98253 0.328059 0 0.412527 0 0.367885 0 
1 1 0 0.172516 0.4 0 0.177742 0.0155666 0.978979 0.177742 0.0155666 0.978979 0.325006 0 0.416402 0 0.367885 0 
1 1 0 0.178961 0.4 0 0.184252 0.0158085 0.974977 0.184252 0.0158085 0.974977 0.321872 0 0.420456 0 0.367886 0 
1 1 0 0.185249 0.4 0 0.190621 0.0160883 0.970524 0.190621 0.0160883 0.970524 0.318662 0 0.424691 0 0.367886 0 
1 1 0 0.191362 0.4 0 0.196829 0.0164081 0.965627 0.196829 0.0164081 0.965627 0.315384 0 0.429104 0 0.367887 0 
1 1 0 0.197286 0.4 0 0.202864 0.0167693 0.960302 0.202864 0.0167693 0.960302 0.312045 0 0.433695 0 0.367888 0 
1 1 0 0.203011 0.4 0 0.208716 0.0171732 0.954573 0.208716 0.0171732 0.954573 0.30865 0 0.438463 0 0.367889 0 
1 1 0 0.20853 0.4 0 0.214379 0.0176208 0.948469 0.214379 0.0176208 0.948469 0.305206 0 0.443408 0 0.367891 0 
1 1 0 0.213843 0.4 0 0.219852 0.018113 0.94202 0.219852 0.018113 0.94202 0.301717 0 0.448535 0 0.367892 0 
1 1 0 0.218949 0.4 0 0.225137 0.0186506 0.93526 0.225137 0.0186506 0.93526 0.298184 0 0.453847 0 0.367894 0 
1 1 0 0.223855 0.4 0 0.230239 0.0192347 0.928219 0.230239 0.0192347 0.928219 0.29461 0 0.45935 0 0.367897 0 
1 1 0 0.228565 0.4 0 0.235164 0.0198664 0.920928 0.235164 0.0198664 0.920928 0.290994 0 0.465053 0 0.367899 0 
1 1 0 0.233089 0.4 0 0.23992 0.0205468 0.913415 0.23992 0.0205468 0.913415 0.287338 0 0.470967 0 0.367903 0 
1 1 0 0.237434 0.4 0 0.244518 0.0212776 0.905705 0.244518 0.0212776 0.905705 0.283639 0 0.477104 0 0.367907 0 
1 1 0 0.241609 0.4 0 0.248966 0.0220604 0.89782 0.248966 0.0220604 0.89782 0.279896 0 0.483478 0 0.367911 0 
1 1 0 0.245623 0.4 0 0.253274 0.0228973 0.889781 0.253274 0.0228973 0.889781 0.276107 0 0.490105 0 0.367917 0 
1 1 0 0.249484 0.4 0 0.257452 0.0237906 0.881605 0.257452 0.0237906 0.881605 0.27227 0 0.497003 0 0.367924 0 
1 1 0 0.253201 0.4 0 0.261508 0.0247429 0.873309 0.261508 0.0247429 0.873309 0.268383 0 0.50419 0 0.367932 0 
1 1 0 0.25678 0.4 0 0.265452 0.025757 0.864907 0.265452 0.025757 0.864907 0.264442 0 0.51169 0 0.367942 0 
1 1 0 0.260229 0.4 0 0.269292 0.0268362 0.85641 0.269292 0.0268362 0.85641 0.260446 0 0.519524 0 0.367954 0 
1 1 0 0.263553 0.4 0 0.273036 0.0279841 0.847827 0.273036 0.0279841 0.847827 0.256391 0 0.527719 0 0.367969 0 
1 1 0 0.266758 0.4 0 0.276689 0.0292044 0.839172 0.276689 0.0292044 0.839172 0.252277 0 0.5363 0 0.367986 0 
1 1 0 0.269847 0.4 0 0.28026 0.0305012 0.830451 0.28026 0.0305012 0.830451 0.2481 0 0.545297 0 0.368008 0 
1 1 0 0.272826 0.4 0 0.283753 0.0318789 0.821672 0.283753 0.0318789 0.821672 0.243859 0 0.554741 0 0.368034 0 
1 1 0 0.275696 0.4 0 0.287174 0.0333423 0.812844 0.287174 0.0333423 0.812844 0.239552 0 0.564666 0 0.368065 0 
1 1 0 0.278461 0.4 0 0.290529 0.0348967 0.803972 0.290529 0.0348967 0.803972 0.235178 0 0.575108 0 0.368104 0 
1 1 0 0.281121 0.4 0 0.293822 0.0365473 0.795063 0.293822 0.0365473 0.795063 0.230735 0 0.586108 0 0.368151 0 
1 1 0 0.28368 0.4 0 0.297057 0.0383002 0.786121 0.297057 0.0383002 0.786121 0.226221 0 0.597707 0 0.368209 0 
1 1 0 0.286135 0.4 0 0.300238 0.0401614 0.777154 0.300238 0.0401614 0.777154 0.221638 0 0.609951 0 0.36828 0 
1 1 0 0.288489 0.4 0 0.303368 0.0421375 0.768166 0.303368 0.0421375 0.768166 0.216983 0 0.62289 0 0.368367 0 
1 1 0 0.290739 0.4 0 0.306451 0.0442353 0.759163 0.306451 0.0442353 0.759163 0.212257 0 0.636574 0 0.368473 0 
1 1 0 0.292884 0.4 0 0.309489 0.0464618 0.750149 0.309489 0.0464618 0.750149 0.20746 0 0.651062 0 0.368605 0 
1 1 0 0.294922 0.4 0 0.312484 0.0488245 0.741131 0.312484 0.0488245 0.741131 0.202593 0 0.666411 0 0.368766 0 
1 1 0 0.296851 0.4 0 0.315439 0.0513309 0.732114 0.315439 0.0513309 0.732114 0.197656 0 0.682686 0 0.368965 0 
1 1 0 0.298667 0.4 0 0.318355 0.0539888 0.723105 0.318355 0.0539888 0.723105 0.192652 0 0.699955 0 0.36921 0 
1 1 0 0.300365 0.4 0 0.321233 0.056806 0.714109 0.321233 0.056806 0.714109 0.187582 0 0.718286 0 0.369512 0 
1 1 0 0.301943 0.4 0 0.324075 0.0597901 0.705132 0.324075 0.0597901 0.705132 0.182448 0 0.737754 0 0.369884 0 
1 1 0 0.303393 0.4 0 0.326881 0.0629481 0.696185 0.326881 0.0629481 0.696185 0.177255 0 0.758429 0 0.370342 0 
1 1 0 0.304712 0.4 0 0.329651 0.066288 0.687273 0.329651 0.066288 0.687273 0.172004 0 0.780392 0 0.370906 0 
1 1 0 0.305892 0.4 0 0.332385 0.0698165 0.678402 0.332385 0.0698165 0.678402 0.1667 0 0.80372 0 0.3716 0 
1 1 0 0.306928 0.4 0 0.335084 0.07354 0.669583 0.335084 0.07354 0.669583 0.161346 0 0.828491 0 0.372452 0 
1 1 0 0.307813 0.4 0 0.337746 0.077464 0.660823 0.337746 0.077464 0.660823 0.155947 0 0.854778 0 0.373496 0 
1 1 0 0.30854 0.4 0 0.34037 0.081593 0.652132 0.34037 0.081593 0.652132 0.150508 0 0.88265 0 0.374774 0 
1 1 0 0.309103 0.4 0 0.342956 0.0859304 0.643519 0.342956 0.0859304 0.643519 0.145033 0 0.912168 0 0.376334 0 
1 1 0 0.309495 0.4 0 0.345501 0.0904783 0.634994 0.345501 0.0904783 0.634994 0.139531 0 0.943382 0 0.378233 0 
1 1 0 0.309711 0.4 0 0.348004 0.0952373 0.626565 0.348004 0.0952373 0.626565 0.134006 0 0.976331 0 0.380537 0 
1 1 0 0.309754 0.4 0 0.349693 0.0986194 0.620851 0.349693 0.0986194 0.620851 0.130211 0 0.999917 0 0.382388 0 
2 1 0 0.309662 0.4 0 0.352119 0.103732 0.612606 0.352119 0.103732 0.612606 0.124665 0 1.03582 0 0.385555 0 
2 1 0 0.309382 0.4 0 0.354496 0.109049 0.604482 0.354496 0.109049 0.604482 0.119119 0 1.07346 0 0.38936 0 
2 1 0 0.308912 0.4 0 0.356822 0.114567 0.596487 0.356822 0.114567 0.596487 0.113581 0 1.11278 0 0.393915 0 
2 1 0 0.308253 0.4 0 0.359093 0.12028 0.588628 0.359093 0.12028 0.588628 0.108063 0 1.15369 0 0.399347 0 
2 1 0 0.307406 0.4 0 0.361307 0.12618 0.580909 0.361307 0.12618 0.580909 0.102577 0 1.19607 0 0.405798 0 
2 1 0 0.306376 0.4 0 0.36346 0.132259 0.573336 0.36346 0.132259 0.573336 0.0971363 0 1.23974 0 0.413433 0 
2 1 0 0.305168 0.4 0 0.365549 0.138509 0.565912 0.365549 0.138509 0.565912 0.0917556 0 1.28446 0 0.422438 0 
2 1 0 0.303794 0.4 0 0.367571 0.144921 0.558639 0.367571 0.144921 0.558639 0.0864506 0 1.32993 0 0.43303 0 
2 1 0 0.302264 0.4 0 0.369521 0.151489 0.551517 0.369521 0.151489 0.551517 0.0812383 0 1.37577 0 0.44546 0 
2 1 0 0.300596 0.4 0 0.371395 0.158204 0.544545 0.371395 0.158204 0.544545 0.0761358 0 1.4215 0 0.460025 0 
2 1 0 0.298809 0.4 0 0.373191 0.165064 0.537719 0.373191 0.165064 0.537719 0.071159 0 1.46652 0 0.477088 0 
2 1 0 0.296927 0.4 0 0.374901 0.172061 0.531039 0.374901 0.172061 0.531039 0.066327 0 1.51007 0 0.497085 0 
2 1 0 0.294982 0.4 0 0.376521 0.179195 0.5245 0.376521 0.179195 0.5245 0.0616561 0 1.55119 0 0.520567 0 
2 1 0 0.29301 0.4 0 0.378044 0.186465 0.518098 0.378044 0.186465 0.518098 0.0571619 0 1.58867 0 0.548249 0 
2 1 0 0.291055 0.4 0 0.379463 0.193874 0.511828 0.379463 0.193874 0.511828 0.0528583 0 1.62092 0 0.581086 0 
2 1 0 0.289174 0.4 0 0.38077 0.201429 0.505685 0.38077 0.201429 0.505685 0.0487582 0 1.64586 0 0.620408 0 
2 1 0 0.287436 0.4 0 0.381953 0.209135 0.499669 0.381953 0.209135 0.499669 0.0448741 0 1.66053 0 0.668148 0 
2 1 0 0.285927 0.4 0 0.383002 0.217003 0.493777 0.383002 0.217003 0.493777 0.0412158 0 1.66068 0 0.727391 0 
2 1 0 0.284754 0.4 0 0.383901 0.22504 0.488013 0.383901 0.22504 0.488013 0.0377937 0 1.63931 0 0.803591 0 
2 1 0 0.284052 0.4 0 0.384635 0.233248 0.482392 0.384635 0.233248 0.482392 0.0346197 0 1.58262 0 0.90869 0 
2 1 0 0.283924 0.4 0 0.38499 0.238276 0.479079 0.38499 0.238276 0.479079 0.0328307 0 1.51649 0 0.999995 0 
2 1 0 0.284327 0.4 46.8834 0.385423 0.246713 0.473743 0.385423 0.246713 0.473743 0.0300847 0 1.27489 0.171888 1.27489 -0.171888 
2 1 0 0.285661 0.4 21.447 0.385651 0.255214 0.468653 0.385651 0.255214 0.468653 0.0276291 0 1.28518 0.387666 1.28518 -0.387666 
2 1 0 0.288087 0.4 15.7487 0.385672 0.26366 0.46388 0.385672 0.26366 0.46388 0.0254818 0 1.28802 0.542996 1.28802 -0.542996 
2 1 0 0.291691 0.4 12.9272 0.385504 0.271894 0.4595 0.385504 0.271894 0.4595 0.023652 0 1.28283 0.677742 1.28283 -0.677742 
2 1 0 0.296447 0.4 11.1968 0.385183 0.279756 0.455566 0.385183 0.279756 0.455566 0.0221322 0 1.26983 0.798172 1.26983 -0.798172 
2 1 0 0.302227 0.4 10.0197 0.384756 0.287128 0.452092 0.384756 0.287128 0.452092 0.0208956 0 1.24991 0.905757 1.24991 -0.905757 
2 1 0 0.308851 0.4 9.16565 0.384271 0.293957 0.449051 0.384271 0.293957 0.449051 0.0199025 0 1.22433 1.00128 1.22433 -1.00128 
2 1 0 0.316141 0.4 8.5161 0.383771 0.300246 0.446393 0.383771 0.300246 0.446393 0.0191098 0 1.19435 1.08575 1.19435 -1.08575 
2 1 0 0.323943 0.4 8.0031 0.383285 0.30603 0.444061 0.383285 0.30603 0.444061 0.0184781 0 1.16104 1.16033 1.16104 -1.16033 
2 1 0 0.332137 0.4 7.58514 0.382836 0.311359 0.441999 0.382836 0.311359 0.441999 0.0179747 0 1.1252 1.22628 1.1252 -1.22628 
2 1 0 0.340635 0.4 7.23565 0.382436 0.316284 0.440161 0.382436 0.316284 0.440161 0.0175736 0 1.08745 1.28472 1.08745 -1.28472 
2 1 0 0.349368 0.4 6.93696 0.382096 0.320854 0.438508 0.382096 0.320854 0.438508 0.0172545 0 1.04823 1.33666 1.04823 -1.33666 
2 1 0 0.358289 0.4 6.67696 0.381819 0.325108 0.43701 0.381819 0.325108 0.43701 0.0170019 0 1.00785 1.38296 1.00785 -1.38296 
2 1 0 0.367359 0.4 6.44711 0.381609 0.329085 0.435641 0.381609 0.329085 0.435641 0.0168035 0 0.966549 1.42432 0.966549 -1.42432 
2 1 0 0.376551 0.4 6.24126 0.381467 0.332813 0.434382 0.381467 0.332813 0.434382 0.0166499 0 0.924509 1.46134 0.924509 -1.46134 
2 1 0 0.385843 0.4 6.05486 0.381392 0.33632 0.433218 0.381392 0.33632 0.433218 0.0165337 0 0.881868 1.49451 0.881868 -1.49451 
2 1 0 0.395218 0.4 5.8845 0.381383 0.339628 0.432137 0.381383 0.339628 0.432137 0.0164487 0 0.838736 1.52425 0.838736 -1.52425 
2 1 0 0.404662 0.4 5.72758 0.381438 0.342756 0.431128 0.381438 0.342756 0.431128 0.0163903 0 0.795206 1.55089 0.795206 -1.55089 
2 1 0 0.414165 0.4 5.58205 0.381554 0.345721 0.430185 0.381554 0.345721 0.430185 0.0163544 0 0.751356 1.57472 0.751356 -1.57472 
2 1 0 0.423718 0.4 5.44633 0.38173 0.348537 0.429299 0.38173 0.348537 0.429299 0.0163378 0 0.707253 1.59598 0.707253 -1.59598 
2 1 0 0.433315 0.4 5.31911 0.381961 0.351217 0.428468 0.381961 0.351217 0.428468 0.0163378 0 0.662954 1.61488 0.662954 -1.61488 
2 1 0 0.442948 0.4 5.1994 0.382245 0.353773 0.427685 0.382245 0.353773 0.427685 0.0163522 0 0.618521 1.63159 0.618521 -1.63159 
2 1 0 0.452613 0.4 5.08634 0.382579 0.356213 0.426948 0.382579 0.356213 0.426948 0.0163791 0 0.574006 1.64627 0.574006 -1.64627 
2 1 0 0.462305 0.4 4.97924 0.38296 0.358548 0.426254 0.38296 0.358548 0.426254 0.0164167 0 0.529457 1.65903 0.529457 -1.65903 
2 1 0 0.472021 0.4 4.87751 0.383384 0.360785 0.4256 0.383384 0.360785 0.4256 0.0164638 0 0.48492 1.66999 0.48492 -1.66999 
2 1 0 0.481758 0.4 4.78066 0.383849 0.362931 0.424984 0.383849 0.362931 0.424984 0.0165192 0 0.440439 1.67926 0.440439 -1.67926 
2 1 0 0.491514 0.4 4.68827 0.384351 0.364993 0.424405 0.384351 0.364993 0.424405 0.0165817 0 0.396054 1.68691 0.396054 -1.68691 
2 1 0 0.501285 0.4 4.59998 0.384888 0.366977 0.423861 0.384888 0.366977 0.423861 0.0166505 0 0.351806 1.69303 0.351806 -1.69303 
2 1 0 0.511071 0.4 4.51548 0.385458 0.368889 0.423351 0.385458 0.368889 0.423351 0.0167248 0 0.307732 1.69769 0.307732 -1.69769 
2 1 0 0.52087 0.4 4.43448 0.386057 0.370733 0.422873 0.386057 0.370733 0.422873 0.0168039 0 0.263869 1.70094 0.263869 -1.70094 
2 1 0 0.530681 0.4 4.35676 0.386683 0.372514 0.422426 0.386683 0.372514 0.422426 0.0168871 0 0.220251 1.70286 0.220251 -1.70286 
2 1 0 0.540501 0.4 4.2821 0.387335 0.374236 0.42201 0.387335 0.374236 0.42201 0.016974 0 0.176912 1.70348 0.176912 -1.70348 
2 1 0 0.550331 0.4 4.2103 0.388008 0.375903 0.421623 0.388008 0.375903 0.421623 0.0170639 0 0.133883 1.70287 0.133883 -1.70287 
2 1 0 0.560169 0.4 4.1412 0.388703 0.377519 0.421265 0.388703 0.377519 0.421265 0.0171566 0 0.0911947 1.70106 0.0911947 -1.70106 
2 1 0 0.570014 0.4 4.07464 0.389416 0.379087 0.420935 0.389416 0.379087 0.420935 0.0172515 0 0.0488749 1.69811 0.0488749 -1.69811 
2 1 0 0.579866 0.4 4.01048 0.390147 0.38061 0.420632 0.390147 0.38061 0.420632 0.0173483 0 0.00695123 1.69405 0.00695123 -1.69405 
2 1 0 0.589723 0.4 3.94858 0.390892 0.382091 0.420356 0.390892 0.382091 0.420356 0.0174466 0 -0.0345505 1.68893 -0.0345505 -1.68893 
2 1 0 0.599587 0.4 3.88884 0.391652 0.383532 0.420105 0.391652 0.383532 0.420105 0.0175463 0 -0.075606 1.68278 -0.075606 -1.68278 
2 1 0 0.609455 0.4 3.83115 0.392424 0.384936 0.419879 0.392424 0.384936 0.419879 0.0176469 0 -0.116192 1.67565 -0.116192 -1.67565 
2 1 0 0.619328 0.4 3.77539 0.393207 0.386305 0.419678 0.393207 0.386305 0.419678 0.0177482 0 -0.156288 1.66756 -0.156288 -1.66756 
2 1 0 0.629205 0.4 3.72149 0.394 0.387642 0.4195 0.394 0.387642 0.4195 0.01785 0 -0.195873 1.65856 -0.195873 -1.65856 
2 1 0 0.639086 0.4 3.66936 0.394801 0.388947 0.419346 0.394801 0.388947 0.419346 0.0179521 0 -0.234929 1.64868 -0.234929 -1.64868 
2 1 0 0.64897 0.4 3.61891 0.395611 0.390224 0.419214 0.395611 0.390224 0.419214 0.0180542 0 -0.273438 1.63795 -0.273438 -1.63795 
2 1 0 0.658858 0.4 3.57007 0.396426 0.391473 0.419104 0.396426 0.391473 0.419104 0.0181562 0 -0.311385 1.6264 -0.311385 -1.6264 
2 1 0 0.668748 0.4 3.52277 0.397248 0.392696 0.419015 0.397248 0.392696 0.419015 0.0182579 0 -0.348753 1.61408 -0.348753 -1.61408 
2 1 0 0.678641 0.4 3.47694 0.398075 0.393895 0.418948 0.398075 0.393895 0.418948 0.0183591 0 -0.385531 1.601 -0.385531 -1.601 
2 1 0 0.688537 0.4 3.43252 0.398906 0.395071 0.4189 0.398906 0.395071 0.4189 0.0184597 0 -0.421706 1.58721 -0.421706 -1.58721 
2 1 0 0.698435 0.4 3.38946 0.399741 0.396225 0.418872 0.399741 0.396225 0.418872 0.0185594 0 -0.457268 1.57273 -0.457268 -1.57273 
2 1 0 0.708335 0.4 3.34769 0.400579 0.397359 0.418863 0.400579 0.397359 0.418863 0.0186583 0 -0.492205 1.55759 -0.492205 -1.55759 
2 1 0 0.718237 0.4 3.30717 0.401419 0.398473 0.418873 0.401419 0.398473 0.418873 0.0187561 0 -0.52651 1.54183 -0.52651 -1.54183 
2 1 0 0.728142 0.4 3.26785 0.402261 0.399569 0.4189 0.402261 0.399569 0.4189 0.0188527 0 -0.560176 1.52547 -0.560176 -1.52547 
2 1 0 0.738047 0.4 3.22968 0.403104 0.400647 0.418946 0.403104 0.400647 0.418946 0.0189481 0 -0.593196 1.50853 -0.593196 -1.50853 
2 1 0 0.747955 0.4 3.19262 0.403948 0.401709 0.419008 0.403948 0.401709 0.419008 0.019042 0 -0.625564 1.49106 -0.625564 -1.49106 
2 1 0 0.757864 0.4 3.15662 0.404793 0.402755 0.419086 0.404793 0.402755 0.419086 0.0191345 0 -0.657278 1.47307 -0.657278 -1.47307 
2 1 0 0.767774 0.4 3.12164 0.405638 0.403786 0.419181 0.405638 0.403786 0.419181 0.0192253 0 -0.688333 1.4546 -0.688333 -1.4546 
2 1 0 0.777686 0.4 3.08765 0.406483 0.404803 0.419291 0.406483 0.404803 0.419291 0.0193145 0 -0.718726 1.43567 -0.718726 -1.43567 
2 1 0 0.787598 0.4 3.05461 0.407328 0.405806 0.419417 0.407328 0.405806 0.419417 0.0194019 0 -0.748458 1.4163 -0.748458 -1.4163 
2 1 0 0.797512 0.4 3.02248 0.408171 0.406797 0.419556 0.408171 0.406797 0.419556 0.0194875 0 -0.777527 1.39652 -0.777527 -1.39652 
2 1 0 0.807428 0.4 2.99124 0.409014 0.407775 0.41971 0.409014 0.407775 0.41971 0.0195711 0 -0.805934 1.37636 -0.805934 -1.37636 
2 1 0 0.817344 0.4 2.96086 0.409856 0.408742 0.419878 0.409856 0.408742 0.419878 0.0196528 0 -0.833679 1.35584 -0.833679 -1.35584 
2 1 0 0.827261 0.4 2.93129 0.410696 0.409697 0.420059 0.410696 0.409697 0.420059 0.0197324 0 -0.860765 1.33499 -0.860765 -1.33499 
2 1 0 0.837179 0.4 2.90252 0.411534 0.410642 0.420253 0.411534 0.410642 0.420253 0.0198099 0 -0.887195 1.31382 -0.887195 -1.31382 
2 1 0 0.847098 0.4 2.87451 0.412371 0.411576 0.420459 0.412371 0.411576 0.420459 0.0198853 0 -0.912971 1.29236 -0.912971 -1.29236 
2 1 0 0.857017 0.4 2.84724 0.413205 0.412501 0.420678 0.413205 0.412501 0.420678 0.0199585 0 -0.938097 1.27063 -0.938097 -1.27063 
2 1 0 0.866938 0.4 2.82069 0.414038 0.413417 0.420908 0.414038 0.413417 0.420908 0.0200294 0 -0.962578 1.24866 -0.962578 -1.24866 
2 1 0 0.876859 0.4 2.79483 0.414868 0.414323 0.421149 0.414868 0.414323 0.421149 0.020098 0 -0.98642 1.22645 -0.98642 -1.22645 
2 1 0 0.886781 0.4 2.76964 0.415696 0.415221 0.421402 0.415696 0.415221 0.421402 0.0201643 0 -1.00963 1.20404 -1.00963 -1.20404 
2 1 0 0.896704 0.4 2.74509 0.416521 0.416111 0.421665 0.416521 0.416111 0.421665 0.0202282 0 -1.03221 1.18145 -1.03221 -1.18145 
2 1 0 0.906627 0.4 2.72117 0.417344 0.416992 0.421938 0.417344 0.416992 0.421938 0.0202898 0 -1.05416 1.15868 -1.05416 -1.15868 
2 1 0 0.916551 0.4 2.69786 0.418165 0.417867 0.422221 0.418165 0.417867 0.422221 0.0203489 0 -1.07551 1.13576 -1.07551 -1.13576 
2 1 0 0.926475 0.4 2.67513 0.418982 0.418733 0.422513 0.418982 0.418733 0.422513 0.0204057 0 -1.09624 1.11271 -1.09624 -1.11271 
2 1 0 0.9364 0.4 2.65297 0.419797 0.419593 0.422815 0.419797 0.419593 0.422815 0.0204599 0 -1.11638 1.08954 -1.11638 -1.08954 
2 1 0 0.946326 0.4 2.63136 0.420609 0.420446 0.423126 0.420609 0.420446 0.423126 0.0205117 0 -1.13592 1.06627 -1.13592 -1.06627 
2 1 0 0.956252 0.4 2.61028 0.421418 0.421292 0.423445 0.421418 0.421292 0.423445 0.0205611 0 -1.15488 1.04292 -1.15488 -1.04292 
2 1 0 0.966179 0.4 2.58971 0.422224 0.422131 0.423772 0.422224 0.422131 0.423772 0.0206079 0 -1.17327 1.01949 -1.17327 -1.01949 
2 1 0 0.976106 0.4 2.56965 0.423027 0.422965 0.424108 0.423027 0.422965 0.424108 0.0206523 0 -1.19109 0.99601 -1.19109 -0.99601 
2 1 0 0.986033 0.4 2.55007 0.423827 0.423793 0.424451 0.423827 0.423793 0.424451 0.0206941 0 -1.20835 0.972488 -1.20835 -0.972488 
2 1 0 0.995961 0.4 2.53096 0.424624 0.424614 0.424802 0.424624 0.424614 0.424802 0.0207335 0 -1.22507 0.948938 -1.22507 -0.948938 
2 1 0 1.00589 0.4 2.5123 0.425417 0.42543 0.42516 0.425417 0.42543 0.42516 -1.24125 0.925372 -1.24125 -0.925372 0.0207704 0 
1 1 0 0 0.4 0 0.00812624 1 0.0106198 0.00812624 1 0.0106198 0.0180626 0 6.60875 0 0.417079 0 
1 1 0 0.00142174 0.4 0 0.00812909 1 0.0120264 0.00812909 1 0.0120264 0.367879 0 0.367637 0 0.368122 0 
1 1 0 0.00284348 0.4 0 0.00813195 1 0.0134331 0.00813195 1 0.0134331 0.367879 0 0.367587 0 0.368173 0 
1 1 0 0.00568697 0.4 0 0.00813766 1 0.0162464 0.00813766 1 0.0162464 0.367879 0 0.367465 0 0.368294 0 
1 1 0 0.0113739 0.4 0 0.0081491 1 0.0218729 0.0081491 1 0.0218729 0.367879 0 0.367146 0 0.368615 0 
1 1 0 0.0184826 0.4 0 0.00816341 0.999999 0.0289062 0.00816341 0.999999 0.0289062 0.367879 0 0.366609 0 0.369154 0 
1 1 0 0.0255912 0.4 0 0.00817775 0.999996 0.0359395 0.00817775 0.999996 0.0359395 0.367879 0 0.365925 0 0.369844 0 
1 1 0 0.0326998 0.4 0 0.00819215 0.99999 0.0429728 0.00819215 0.99999 0.0429728 0.367879 0 0.370684 0 0.365096 0 
1 1 0 0.0398082 0.4 0 0.00820667 0.999979 0.0500063 0.00820667 0.999979 0.0500063 0.367879 0 0.364124 0 0.371674 0 
1 1 0 0.0469164 0.4 0 0.00822136 0.99996 0.05704 0.00822136 0.99996 0.05704 0.367879 0 0.363011 0 0.372813 0 
1 1 0 0.0540243 0.4 0 0.00823633 0.999927 0.064074 0.00823633 0.999927 0.064074 0.36788 0 0.361759 0 0.374103 0 
1 1 0 0.0611317 0.4 0 0.00825169 0.999878 0.0711084 0.00825169 0.999878 0.0711084 0.36788 0 0.360372 0 0.375544 0 
1 1 0 0.0682385 0.4 0 0.0082676 0.999803 0.0781432 0.0082676 0.999803 0.0781432 0.36788 0 0.35885 0 0.377136 0 
1 1 0 0.0753442 0.4 0 0.00828426 0.999696 0.0851787 0.00828426 0.999696 0.0851787 0.36788 0 0.357196 0 0.378882 0 
1 1 0 0.0824486 0.4 0 0.00830192 0.999546 0.0922147 0.00830192 0.999546 0.0922147 0.36788 0 0.380783 0 0.355413 0 
1 1 0 0.0895512 0.4 0 0.00832087 0.999343 0.0992514 0.00832087 0.999343 0.0992514 0.36788 0 0.353502 0 0.382841 0 
1 1 0 0.0966511 0.4 0 0.00834145 0.999071 0.106289 0.00834145 0.999071 0.106289 0.36788 0 0.351467 0 0.385058 0 
1 1 0 0.103747 0.4 0 0.00836411 0.998716 0.113326 0.00836411 0.998716 0.113326 0.36788 0 0.349308 0 0.387438 0 
1 1 0 0.110838 0.4 0 0.00838932 0.99826 0.120363 0.00838932 0.99826 0.120363 0.36788 0 0.347028 0 0.389983 0 
1 1 0 0.117923 0.4 0 0.00841767 0.997683 0.127398 0.00841767 0.997683 0.127398 0.36788 0 0.344628 0 0.392699 0 
1 1 0 0.124997 0.4 0 0.00844981 0.996961 0.13443 0.00844981 0.996961 0.13443 0.36788 0 0.34211 0 0.39559 0 
1 1 0 0.132058 0.4 0 0.00848651 0.99607 0.141457 0.00848651 0.99607 0.141457 0.36788 0 0.339474 0 0.398661 0 
1 1 0 0.139102 0.4 0 0.00852862 0.994982 0.148474 0.00852862 0.994982 0.148474 0.36788 0 0.336722 0 0.401919 0 
1 1 0 0.146119 0.4 0 0.0085771 0.99367 0.155477 0.0085771 0.99367 0.155477 0.36788 0 0.333856 0 0.40537 0 
1 1 0 0.153105 0.4 0 0.008633 0.992103 0.162458 0.008633 0.992103 0.162458 0.36788 0 0.330876 0 0.409021 0 
1 1 0 0.160048 0.4 0 0.00869748 0.99025 0.169411 0.00869748 0.99025 0.169411 0.36788 0 0.327784 0 0.41288 0 
1 1 0 0.166939 0.4 0 0.0087718 0.988081 0.176326 0.0087718 0.988081 0.176326 0.36788 0 0.324581 0 0.416954 0 
1 1 0 0.173762 0.4 0 0.00885725 0.985566 0.18319 0.00885725 0.985566 0.18319 0.36788 0 0.321271 0 0.42125 0 
1 1 0 0.180502 0.4 0 0.0089552 0.982681 0.18999 0.0089552 0.982681 0.18999 0.36788 0 0.317856 0 0.425776 0 
1 1 0 0.187142 0.4 0 0.00906702 0.979403 0.19671 0.00906702 0.979403 0.19671 0.36788 0 0.314341 0 0.430537 0 
1 1 0 0.193663 0.4 0 0.00919403 0.975717 0.203333 0.00919403 0.975717 0.203333 0.36788 0 0.310731 0 0.435538 0 
1 1 0 0.200048 0.4 0 0.00933753 0.971615 0.209843 0.00933753 0.971615 0.209843 0.36788 0 0.307033 0 0.440784 0 
1 1 0 0.206279 0.4 0 0.00949873 0.967095 0.216224 0.00949873 0.967095 0.216224 0.36788 0 0.303252 0 0.446279 0 
1 1 0 0.212341 0.4 0 0.00967874 0.962165 0.222462 0.00967874 0.962165 0.222462 0.36788 0 0.299397 0 0.452026 0 
1 1 0 0.218221 0.4 0 0.00987855 0.956837 0.228545 0.00987855 0.956837 0.228545 0.36788 0 0.295473 0 0.458029 0 
1 1 0 0.223908 0.4 0 0.0100991 0.95113 0.234464 0.0100991 0.95113 0.234464 0.36788 0 0.291488 0 0.464291 0 
1 1 0 0.229397 0.4 0 0.0103413 0.945067 0.240214 0.0103413 0.945067 0.240214 0.36788 0 0.287446 0 0.470819 0 
1 1 0 0.234683 0.4 0 0.0106059 0.938674 0.245792 0.0106059 0.938674 0.245792 0.36788 0 0.283353 0 0.47762 0 
1 1 0 0.239768 0.4 0 0.0108937 0.931978 0.251199 0.0108937 0.931978 0.251199 0.36788 0 0.279212 0 0.484703 0 
1 1 0 0.244652 0.4 0 0.0112058 0.925006 0.256437 0.0112058 0.925006 0.256437 0.36788 0 0.275026 0 0.492081 0 
1 1 0 0.24934 0.4 0 0.0115429 0.917785 0.261513 0.0115429 0.917785 0.261513 0.36788 0 0.270796 0 0.499767 0 
1 1 0 0.253837 0.4 0 0.011906 0.910338 0.266431 0.011906 0.910338 0.266431 0.36788 0 0.266523 0 0.507779 0 
1 1 0 0.258149 0.4 0 0.0122965 0.902689 0.271201 0.0122965 0.902689 0.271201 0.367881 0 0.262207 0 0.516137 0 
1 1 0 0.262282 0.4 0 0.0127154 0.894859 0.275829 0.0127154 0.894859 0.275829 0.367881 0 0.257848 0 0.524863 0 
1 1 0 0.266244 0.4 0 0.0131642 0.886865 0.280324 0.0131642 0.886865 0.280324 0.367881 0 0.253444 0 0.533982 0 
1 1 0 0.27004 0.4 0 0.0136444 0.878726 0.284695 0.0136444 0.878726 0.284695 0.367881 0 0.248995 0 0.543523 0 
1 1 0 0.273677 0.4 0 0.0141578 0.870455 0.28895 0.0141578 0.870455 0.28895 0.367881 0 0.244499 0 0.553517 0 
1 1 0 0.27716 0.4 0 0.0147062 0.862066 0.293097 0.0147062 0.862066 0.293097 0.367882 0 0.239955 0 0.563999 0 
1 1 0 0.280493 0.4 0 0.0152918 0.853571 0.297144 0.0152918 0.853571 0.297144 0.367882 0 0.235362 0 0.575005 0 
1 1 0 0.283682 0.4 0 0.0159167 0.844979 0.301097 0.0159167 0.844979 0.301097 0.367883 0 0.230717 0 0.58658 0 
1 1 0 0.286728 0.4 0 0.0165835 0.836301 0.304965 0.0165835 0.836301 0.304965 0.367883 0 0.226021 0 0.598766 0 
1 1 0 0.289636 0.4 0 0.0172948 0.827544 0.308753 0.0172948 0.827544 0.308753 0.367884 0 0.221272 0 0.611616 0 
1 1 0 0.292406 0.4 0 0.0180536 0.818715 0.312469 0.0180536 0.818715 0.312469 0.367885 0 0.21647 0 0.625182 0 
1 1 0 0.295041 0.4 0 0.0188629 0.809821 0.316116 0.0188629 0.809821 0.316116 0.367886 0 0.211614 0 0.639526 0 
1 1 0 0.297538 0.4 0 0.0197263 0.800868 0.319702 0.0197263 0.800868 0.319702 0.367888 0 0.206704 0 0.654714 0 
1 1 0 0.2999 0.4 0 0.0206473 0.791861 0.323231 0.0206473 0.791861 0.323231 0.367889 0 0.201742 0 0.670816 0 
1 1 0 0.302122 0.4 0 0.0216299 0.782806 0.326708 0.0216299 0.782806 0.326708 0.367892 0 0.196727 0 0.687913 0 
1 1 0 0.304203 0.4 0 0.0226783 0.773705 0.330136 0.0226783 0.773705 0.330136 0.367894 0 0.706092 0 0.19166 0 
1 1 0 0.30614 0.4 0 0.0237968 0.764565 0.333522 0.0237968 0.764565 0.333522 0.367897 0 0.186545 0 0.725447 0 
1 1 0 0.307927 0.4 0 0.0249902 0.75539 0.336867 0.0249902 0.75539 0.336867 0.367901 0 0.181384 0 0.746083 0 
1 1 0 0.309559 0.4 0 0.0262634 0.746183 0.340175 0.0262634 0.746183 0.340175 0.367906 0 0.768116 0 0.176178 0 
1 1 0 0.31103 0.4 0 0.0276217 0.736949 0.343451 0.0276217 0.736949 0.343451 0.367913 0 0.170934 0 0.791671 0 
1 1 0 0.312331 0.4 0 0.0290705 0.727693 0.346696 0.0290705 0.727693 0.346696 0.36792 0 0.165654 0 0.816886 0 
1 1 0 0.313453 0.4 0 0.0306151 0.718419 0.349913 0.0306151 0.718419 0.349913 0.36793 0 0.160345 0 0.843911 0 
1 1 0 0.314386 0.4 0 0.0322613 0.709133 0.353106 0.0322613 0.709133 0.353106 0.367942 0 0.872911 0 0.155013 0 
1 1 0 0.315118 0.4 0 0.0340145 0.699841 0.356275 0.0340145 0.699841 0.356275 0.367957 0 0.149665 0 0.904065 0 
1 1 0 0.315637 0.4 0 0.0358802 0.690549 0.359422 0.0358802 0.690549 0.359422 0.367976 0 0.937563 0 0.14431 0 
1 1 0 0.315927 0.4 0 0.0378635 0.681264 0.362549 0.0378635 0.681264 0.362549 0.368 0 0.138958 0 0.973613 0 
1 1 0 0.315986 0.4 0 0.0392827 0.674954 0.364666 0.0392827 0.674954 0.364666 0.368019 0 0.135322 0 0.999719 0 
2 1 0 0.315858 0.4 0 0.0414733 0.665701 0.367761 0.0414733 0.665701 0.367761 0.368054 0 0.129998 0 1.04056 0 
2 1 0 0.315457 0.4 0 0.0437916 0.656481 0.370837 0.0437916 0.656481 0.370837 0.368097 0 0.124709 0 1.08457 0 
2 1 0 0.314767 0.4 0 0.0462392 0.647306 0.373894 0.0462392 0.647306 0.373894 0.36815 0 0.119467 0 1.132 0 
2 1 0 0.313767 0.4 0 0.0488165 0.638188 0.37693 0.0488165 0.638188 0.37693 0.368216 0 0.114287 0 1.18309 0 
2 1 0 0.312439 0.4 0 0.0515212 0.629141 0.379944 0.0515212 0.629141 0.379944 0.368298 0 1.2381 0 0.109185 0 
2 1 0 0.310764 0.4 0 0.0543491 0.620183 0.382935 0.0543491 0.620183 0.382935 0.368399 0 0.104177 0 1.29726 0 
2 1 0 0.308726 0.4 0 0.0572931 0.611329 0.385899 0.0572931 0.611329 0.385899 0.368521 0 0.0992786 0 1.36081 0 
2 1 0 0.306308 0.4 0 0.0603428 0.602597 0.388833 0.0603428 0.602597 0.388833 0.368669 0 0.0945071 0 1.42894 0 
2 1 0 0.303496 0.4 0 0.0634849 0.594006 0.391734 0.0634849 0.594006 0.391734 0.368846 0 0.0898776 0 1.50183 0 
2 1 0 0.300278 0.4 0 0.0667026 0.585574 0.394597 0.0667026 0.585574 0.394597 0.369056 0 0.0854048 0 1.57958 0 
2 1 0 0.296648 0.4 0 0.0699764 0.577319 0.397419 0.0699764 0.577319 0.397419 0.369302 0 0.0811017 0 1.66228 0 
2 1 0 0.292601 0.4 0 0.0732836 0.569259 0.400196 0.0732836 0.569259 0.400196 0.369587 0 0.0769794 0 1.74995 0 
2 1 0 0.288138 0.4 0 0.0765993 0.561407 0.402923 0.0765993 0.561407 0.402923 0.369911 0 0.0730469 0 1.84254 0 
2 1 0 0.283261 0.4 0 0.0798972 0.553779 0.405597 0.0798972 0.553779 0.405597 0.370275 0 0.0693108 0 1.93995 0 
2 1 0 0.27798 0.4 0 0.0831497 0.546384 0.408214 0.0831497 0.546384 0.408214 0.370677 0 0.0657748 0 2.04202 0 
2 1 0 0.272307 0.4 0 0.0863292 0.539231 0.410773 0.0863292 0.539231 0.410773 0.371113 0 0.0624405 0 2.14854 0 
2 1 0 0.266256 0.4 0 0.0894084 0.532327 0.413269 0.0894084 0.532327 0.413269 0.371578 0 0.059307 0 2.25923 0 
2 1 0 0.259844 0.4 0 0.0923613 0.525675 0.415703 0.0923613 0.525675 0.415703 0.372065 0 0.0563711 0 2.37379 0 
2 1 0 0.253093 0.4 0 0.0951638 0.519276 0.418073 0.0951638 0.519276 0.418073 0.372563 0 0.053628 0 2.49187 0 
2 1 0 0.246023 0.4 0 0.0977936 0.513129 0.420378 0.0977936 0.513129 0.420378 0.373062 0 0.0510712 0 2.61312 0 
2 1 0 0.238657 0.4 0 0.100231 0.507231 0.422618 0.100231 0.507231 0.422618 0.373551 0 0.0486931 0 2.73715 0 
2 1 0 0.23102 0.4 0 0.10246 0.501577 0.424795 0.10246 0.501577 0.424795 0.374018 0 0.0464853 0 2.86358 0 
2 1 0 0.223133 0.4 0 0.104466 0.496163 0.426908 0.104466 0.496163 0.426908 0.37445 0 0.0444384 0 2.99201 0 
2 1 0 0.215022 0.4 0 0.106237 0.490981 0.428959 0.106237 0.490981 0.428959 0.374838 0 0.0425431 0 3.12208 0 
2 1 0 0.206708 0.4 0 0.107767 0.486023 0.430951 0.107767 0.486023 0.430951 0.375171 0 0.0407896 0 3.2534 0 
2 1 0 0.198214 0.4 0 0.109048 0.481282 0.432883 0.109048 0.481282 0.432883 0.375441 0 0.0391682 0 3.38564 0 
2 1 0 0.189562 0.4 0 0.110078 0.476748 0.434759 0.110078 0.476748 0.434759 0.375643 0 0.0376694 0 3.51846 0 
2 1 0 0.180771 0.4 0 0.110857 0.472413 0.43658 0.110857 0.472413 0.43658 0.375772 0 0.036284 0 3.65155 0 
2 1 0 0.17186 0.4 0 0.111384 0.468267 0.438349 0.111384 0.468267 0.438349 0.375827 0 0.035003 0 3.78463 0 
2 1 0 0.162846 0.4 0 0.111664 0.464301 0.440067 0.111664 0.464301 0.440067 0.375808 0 0.0338179 0 3.91745 0 
2 1 0 0.153746 0.4 0 0.111701 0.460506 0.441737 0.111701 0.460506 0.441737 0.375718 0 0.0327208 0 4.04977 0 
2 1 0 0.144575 0.4 0 0.111499 0.456873 0.44336 0.111499 0.456873 0.44336 0.375561 0 0.0317042 0 4.18138 0 
2 1 0 0.135344 0.4 0 0.111066 0.453392 0.444939 0.111066 0.453392 0.444939 0.375343 0 0.030761 0 4.31209 0 
2 1 0 0.126066 0.4 0 0.11041 0.450056 0.446476 0.11041 0.450056 0.446476 0.37507 0 0.0298849 0 4.44174 0 
2 1 0 0.116752 0.4 0 0.109537 0.446856 0.447973 0.109537 0.446856 0.447973 0.37475 0 0.0290697 0 4.57018 0 
2 1 0 0.10741 0.4 0 0.108455 0.443784 0.449431 0.108455 0.443784 0.449431 0.374391 0 0.0283102 0 4.69729 0 
2 1 0 0.0980492 0.4 0 0.107173 0.440832 0.450852 0.107173 0.440832 0.450852 0.374002 0 0.0276014 0 4.82294 0 
2 1 0 0.0886764 0.4 0 0.1057 0.437994 0.452238 0.1057 0.437994 0.452238 0.37359 0 0.0269386 0 4.94706 0 
2 1 0 0.0792977 0.4 0 0.104043 0.435262 0.45359 0.104043 0.435262 0.45359 0.373163 0 0.0263178 0 5.06954 0 
2 1 0 0.0699185 0.4 0 0.10221 0.43263 0.454911 0.10221 0.43263 0.454911 0.372729 0 0.0257353 0 5.19032 0 
2 1 0 0.0605434 0.4 0 0.100208 0.430092 0.4562 0.100208 0.430092 0.4562 0.372295 0 0.0251877 0 5.30935 0 
2 1 0 0.0511765 0.4 0 0.0980467 0.427642 0.45746 0.0980467 0.427642 0.45746 0.371866 0 0.024672 0 5.42656 0 
2 1 0 0.0418211 0.4 0 0.0957316 0.425276 0.458692 0.0957316 0.425276 0.458692 0.371449 0 0.0241856 0 5.54193 0 
2 1 0 0.03248 0.4 0 0.0932699 0.422989 0.459898 0.0932699 0.422989 0.459898 0.371047 0 0.0237259 0 5.65543 0 
2 1 0 0.0231546 0.4 0 0.0906678 0.420775 0.461077 0.0906678 0.420775 0.461077 0.370665 0 0.0232907 0 5.76704 0 
2 1 0 0.0138482 0.4 0 0.087932 0.418631 0.462232 0.087932 0.418631 0.462232 0.370306 0 0.0228781 0 5.87673 0 
2 1 0 0.00456255 0.4 0 0.0850682 0.416553 0.463363 0.0850682 0.416553 0.463363 0.369973 0 0.0224863 0 5.9845 0 
2 1 0 -0.00470098 0.4 0 0.0820821 0.414538 0.464472 0.0820821 0.414538 0.464472 0.369666 0 0.0221139 0 6.09035 0 
1 1 0 0 0.4 0 1 0.0114842 0.00787754 1 0.0114842 0.00787754 -1.24125 0.925372 -1.24125 -0.925372 0.0207704 0 
1 1 0 0.00142235 0.4 0 1 0.0128902 0.00788076 1 0.0128902 0.00788076 0.367496 0 0.368263 0 0.367879 0 
1 1 0 0.00284471 0.4 0 1 0.0142962 0.00788397 1 0.0142962 0.00788397 0.367418 0 0.368341 0 0.367879 0 
1 1 0 0.00568942 0.4 0 1 0.0171083 0.0078904 1 0.0171083 0.0078904 0.367234 0 0.368526 0 0.367879 0 
1 1 0 0.0113788 0.4 0 0.999999 0.0227324 0.00790327 0.999999 0.0227324 0.00790327 0.366762 0 0.369 0 0.367879 0 
1 1 0 0.0184905 0.4 0 0.999997 0.0297626 0.0079194 0.999997 0.0297626 0.0079194 0.365983 0 0.369786 0 0.367879 0 
1 1 0 0.0256022 0.4 0 0.999992 0.0367928 0.00793564 0.999992 0.0367928 0.00793564 0.365002 0 0.37078 0 0.367879 0 
1 1 0 0.0327136 0.4 0 0.99998 0.0438232 0.00795209 0.99998 0.0438232 0.00795209 0.363823 0 0.371981 0 0.367879 0 
1 1 0 0.0398248 0.4 0 0.999959 0.0508539 0.00796888 0.999959 0.0508539 0.00796888 0.362453 0 0.373387 0 0.367879 0 
1 1 0 0.0469355 0.4 0 0.999921 0.057885 0.00798621 0.999921 0.057885 0.00798621 0.360895 0 0.374999 0 0.367879 0 
1 1 0 0.0540456 0.4 0 0.999861 0.0649166 0.00800434 0.999861 0.0649166 0.00800434 0.359155 0 0.376816 0 0.367879 0 
1 1 0 0.0611546 0.4 0 0.999768 0.0719489 0.00802359 0.999768 0.0719489 0.00802359 0.357237 0 0.378839 0 0.367879 0 
1 1 0 0.0682622 0.4 0 0.99963 0.0789821 0.00804437 0.99963 0.0789821 0.00804437 0.355146 0 0.381069 0 0.367879 0 
1 1 0 0.0753677 0.4 0 0.999434 0.0860161 0.00806719 0.999434 0.0860161 0.00806719 0.352888 0 0.383508 0 0.367879 0 
1 1 0 0.08247 0.4 0 0.999163 0.0930508 0.00809265 0.999163 0.0930508 0.00809265 0.350466 0 0.386158 0 0.36788 0 
1 1 0 0.089568 0.4 0 0.998798 0.100086 0.00812146 0.998798 0.100086 0.00812146 0.347886 0 0.389022 0 0.36788 0 
1 1 0 0.0966597 0.4 0 0.998315 0.107121 0.00815446 0.998315 0.107121 0.00815446 0.34515 0 0.392106 0 0.36788 0 
1 1 0 0.103742 0.4 0 0.997688 0.114154 0.00819261 0.997688 0.114154 0.00819261 0.342263 0 0.395413 0 0.36788 0 
1 1 0 0.110813 0.4 0 0.996891 0.121183 0.00823704 0.996891 0.121183 0.00823704 0.339228 0 0.398951 0 0.36788 0 
1 1 0 0.117863 0.4 0 0.995889 0.128202 0.00828899 0.995889 0.128202 0.00828899 0.336048 0 0.402725 0 0.36788 0 
1 1 0 0.124889 0.4 0 0.994651 0.135209 0.00834985 0.994651 0.135209 0.00834985 0.332728 0 0.406745 0 0.36788 0 
1 1 0 0.131882 0.4 0 0.993139 0.142196 0.00842119 0.993139 0.142196 0.00842119 0.329269 0 0.411017 0 0.36788 0 
1 1 0 0.138829 0.4 0 0.991316 0.149154 0.00850468 0.991316 0.149154 0.00850468 0.325676 0 0.415552 0 0.36788 0 
1 1 0 0.145717 0.4 0 0.989146 0.156071 0.00860212 0.989146 0.156071 0.00860212 0.321952 0 0.420358 0 0.36788 0 
1 1 0 0.152528 0.4 0 0.986595 0.162932 0.00871535 0.986595 0.162932 0.00871535 0.318104 0 0.425443 0 0.36788 0 
1 1 0 0.159245 0.4 0 0.983632 0.169721 0.00884627 0.983632 0.169721 0.00884627 0.314138 0 0.430814 0 0.36788 0 
1 1 0 0.165846 0.4 0 0.980234 0.176418 0.00899671 0.980234 0.176418 0.00899671 0.310062 0 0.436478 0 0.36788 0 
1 1 0 0.172309 0.4 0 0.976384 0.183005 0.00916843 0.976384 0.183005 0.00916843 0.305884 0 0.442439 0 0.36788 0 
1 1 0 0.178611 0.4 0 0.972075 0.18946 0.00936303 0.972075 0.18946 0.00936303 0.301616 0 0.4487 0 0.36788 0 
1 1 0 0.184734 0.4 0 0.967312 0.195767 0.00958192 0.967312 0.195767 0.00958192 0.297268 0 0.455264 0 0.36788 0 
1 1 0 0.190661 0.4 0 0.962106 0.201908 0.00982633 0.962106 0.201908 0.00982633 0.29285 0 0.462132 0 0.36788 0 
1 1 0 0.196377 0.4 0 0.956478 0.207873 0.0100973 0.956478 0.207873 0.0100973 0.288372 0 0.469307 0 0.36788 0 
1 1 0 0.201875 0.4 0 0.950455 0.213653 0.0103959 0.950455 0.213653 0.0103959 0.283844 0 0.476794 0 0.36788 0 
1 1 0 0.207149 0.4 0 0.944067 0.219245 0.0107228 0.944067 0.219245 0.0107228 0.279272 0 0.4846 0 0.36788 0 
1 1 0 0.212199 0.4 0 0.937346 0.224648 0.011079 0.937346 0.224648 0.011079 0.274662 0 0.492734 0 0.36788 0 
1 1 0 0.217028 0.4 0 0.930324 0.229866 0.0114654 0.930324 0.229866 0.0114654 0.270017 0 0.501209 0 0.36788 0 
1 1 0 0.221639 0.4 0 0.923032 0.234905 0.0118829 0.923032 0.234905 0.0118829 0.26534 0 0.510043 0 0.36788 0 
1 1 0 0.22604 0.4 0 0.9155 0.239773 0.0123327 0.9155 0.239773 0.0123327 0.260633 0 0.519255 0 0.36788 0 
1 1 0 0.230237 0.4 0 0.907753 0.244478 0.012816 0.907753 0.244478 0.012816 0.255895 0 0.528869 0 0.367881 0 
1 1 0 0.234239 0.4 0 0.899816 0.24903 0.0133342 0.899816 0.24903 0.0133342 0.251125 0 0.538914 0 0.367881 0 
1 1 0 0.238054 0.4 0 0.89171 0.253438 0.0138891 0.89171 0.253438 0.0138891 0.246323 0 0.54942 0 0.367881 0 
1 1 0 0.241688 0.4 0 0.883453 0.257712 0.0144824 0.883453 0.257712 0.0144824 0.241487 0 0.560422 0 0.367881 0 
1 1 0 0.245149 0.4 0 0.875063 0.261862 0.0151163 0.875063 0.261862 0.0151163 0.236615 0 0.57196 0 0.367882 0 
1 1 0 0.248442 0.4 0 0.866552 0.265896 0.0157931 0.866552 0.265896 0.0157931 0.231706 0 0.584077 0 0.367882 0 
1 1 0 0.251573 0.4 0 0.857936 0.269823 0.0165152 0.857936 0.269823 0.0165152 0.226759 0 0.59682 0 0.367883 0 
1 1 0 0.254546 0.4 0 0.849223 0.273652 0.0172854 0.849223 0.273652 0.0172854 0.221771 0 0.610241 0 0.367884 0 
1 1 0 0.257365 0.4 0 0.840424 0.277388 0.0181069 0.840424 0.277388 0.0181069 0.216742 0 0.624397 0 0.367884 0 
1 1 0 0.260032 0.4 0 0.831548 0.28104 0.0189829 0.831548 0.28104 0.0189829 0.211672 0 0.639353 0 0.367886 0 
1 1 0 0.262549 0.4 0 0.822603 0.284614 0.0199171 0.822603 0.284614 0.0199171 0.206559 0 0.655175 0 0.367887 0 
1 1 0 0.264916 0.4 0 0.813595 0.288115 0.0209133 0.813595 0.288115 0.0209133 0.201404 0 0.671941 0 0.367889 0 
1 1 0 0.267131 0.4 0 0.80453 0.29155 0.0219758 0.80453 0.29155 0.0219758 0.196208 0 0.689734 0 0.367891 0 
1 1 0 0.269195 0.4 0 0.795415 0.294922 0.023109 0.795415 0.294922 0.023109 0.190971 0 0.708644 0 0.367894 0 
1 1 0 0.271104 0.4 0 0.786255 0.298236 0.0243179 0.786255 0.298236 0.0243179 0.185694 0 0.728772 0 0.367897 0 
1 1 0 0.272854 0.4 0 0.777055 0.301497 0.0256076 0.777055 0.301497 0.0256076 0.180381 0 0.75023 0 0.367901 0 
1 1 0 0.274441 0.4 0 0.76782 0.304708 0.0269835 0.76782 0.304708 0.0269835 0.175034 0 0.773137 0 0.367906 0 
1 1 0 0.275858 0.4 0 0.758556 0.307873 0.0284515 0.758556 0.307873 0.0284515 0.169657 0 0.797626 0 0.367913 0 
1 1 0 0.277098 0.4 0 0.749268 0.310993 0.0300177 0.749268 0.310993 0.0300177 0.164254 0 0.823844 0 0.367922 0 
1 1 0 0.278152 0.4 0 0.739961 0.314072 0.0316883 0.739961 0.314072 0.0316883 0.158831 0 0.85195 0 0.367932 0 
1 1 0 0.279012 0.4 0 0.730642 0.317112 0.0334699 0.730642 0.317112 0.0334699 0.153393 0 0.882118 0 0.367946 0 
1 1 0 0.279665 0.4 0 0.721317 0.320114 0.0353691 0.721317 0.320114 0.0353691 0.147949 0 0.914536 0 0.367962 0 
1 1 0 0.2801 0.4 0 0.711993 0.323078 0.0373924 0.711993 0.323078 0.0373924 0.142506 0 0.94941 0 0.367984 0 
1 1 0 0.280303 0.4 0 0.70268 0.326007 0.0395462 0.70268 0.326007 0.0395462 0.137075 0 0.986959 0 0.368011 0 
1 1 0 0.280316 0.4 0 0.699667 0.326947 0.0402726 0.699667 0.326947 0.0402726 0.13532 0 0.99973 0 0.368021 0 
2 1 0 0.28019 0.4 0 0.690381 0.329828 0.0426085 0.690381 0.329828 0.0426085 0.129919 0 1.04119 0 0.368058 0 
2 1 0 0.279796 0.4 0 0.681129 0.332672 0.0450882 0.681129 0.332672 0.0450882 0.124555 0 1.08588 0 0.368104 0 
2 1 0 0.279118 0.4 0 0.671922 0.335478 0.0477159 0.671922 0.335478 0.0477159 0.119242 0 1.13409 0 0.368163 0 
2 1 0 0.278139 0.4 0 0.662775 0.338243 0.0504946 0.662775 0.338243 0.0504946 0.113994 0 1.18607 0 0.368236 0 
2 1 0 0.276843 0.4 0 0.653703 0.340967 0.0534259 0.653703 0.340967 0.0534259 0.108825 0 1.24209 0 0.368328 0 
2 1 0 0.275212 0.4 0 0.644721 0.343645 0.056509 0.644721 0.343645 0.056509 0.10375 0 1.30243 0 0.368443 0 
2 1 0 0.273231 0.4 0 0.635849 0.346275 0.0597412 0.635849 0.346275 0.0597412 0.0987868 0 1.36735 0 0.368586 0 
2 1 0 0.270886 0.4 0 0.627105 0.348851 0.0631169 0.627105 0.348851 0.0631169 0.0939491 0 1.43707 0 0.368762 0 
2 1 0 0.268167 0.4 0 0.618507 0.351371 0.0666279 0.618507 0.351371 0.0666279 0.0892522 0 1.51181 0 0.368978 0 
2 1 0 0.265063 0.4 0 0.610074 0.35383 0.0702631 0.610074 0.35383 0.0702631 0.0847101 0 1.59174 0 0.369241 0 
2 1 0 0.261571 0.4 0 0.601825 0.356223 0.0740087 0.601825 0.356223 0.0740087 0.0803347 0 1.67699 0 0.369558 0 
2 1 0 0.257687 0.4 0 0.593776 0.358546 0.0778483 0.593776 0.358546 0.0778483 0.0761365 0 1.76765 0 0.369937 0 
2 1 0 0.253415 0.4 0 0.585944 0.360796 0.0817636 0.585944 0.360796 0.0817636 0.0721233 0 1.86375 0 0.370385 0 
2 1 0 0.248758 0.4 0 0.578339 0.362969 0.0857346 0.578339 0.362969 0.0857346 0.0683007 0 1.96526 0 0.370911 0 
2 1 0 0.243727 0.4 0 0.570973 0.365061 0.0897403 0.570973 0.365061 0.0897403 0.0646718 0 2.07213 0 0.371522 0 
2 1 0 0.238333 0.4 0 0.563852 0.367073 0.0937597 0.563852 0.367073 0.0937597 0.0612371 0 2.18424 0 0.372222 0 
2 1 0 0.23259 0.4 0 0.556982 0.369001 0.0977716 0.556982 0.369001 0.0977716 0.057995 0 2.30142 0 0.373018 0 
2 1 0 0.226515 0.4 0 0.550362 0.370845 0.101756 0.550362 0.370845 0.101756 0.054942 0 2.4235 0 0.373912 0 
2 1 0 0.220124 0.4 0 0.543994 0.372607 0.105693 0.543994 0.372607 0.105693 0.0520728 0 2.55024 0 0.374908 0 
2 1 0 0.213437 0.4 0 0.537873 0.374285 0.109566 0.537873 0.374285 0.109566 0.0493811 0 2.68141 0 0.376004 0 
2 1 0 0.206472 0.4 0 0.531995 0.375882 0.113359 0.531995 0.375882 0.113359 0.0468596 0 2.81673 0 0.377201 0 
2 1 0 0.199247 0.4 0 0.526354 0.3774 0.117057 0.526354 0.3774 0.117057 0.0445001 0 2.95594 0 0.378495 0 
2 1 0 0.19178 0.4 0 0.520943 0.378841 0.120648 0.520943 0.378841 0.120648 0.0422943 0 3.09874 0 0.379883 0 
2 1 0 0.18409 0.4 0 0.515753 0.380207 0.124122 0.515753 0.380207 0.124122 0.0402337 0 3.24483 0 0.381359 0 
2 1 0 0.176194 0.4 0 0.510776 0.381501 0.127468 0.510776 0.381501 0.127468 0.0383098 0 3.39392 0 0.382917 0 
2 1 0 0.168107 0.4 0 0.506004 0.382726 0.13068 0.506004 0.382726 0.13068 0.0365142 0 3.54571 0 0.384549 0 
2 1 0 0.159844 0.4 0 0.501426 0.383886 0.133752 0.501426 0.383886 0.133752 0.0348386 0 3.6999 0 0.386247 0 
2 1 0 0.151421 0.4 0 0.497034 0.384984 0.136678 0.497034 0.384984 0.136678 0.0332754 0 3.8562 0 0.388002 0 
2 1 0 0.142851 0.4 0 0.49282 0.386022 0.139456 0.49282 0.386022 0.139456 0.0318169 0 4.01432 0 0.389804 0 
2 1 0 0.134147 0.4 0 0.488775 0.387006 0.142082 0.488775 0.387006 0.142082 0.0304561 0 4.17398 0 0.391644 0 
2 1 0 0.125319 0.4 0 0.484889 0.387937 0.144555 0.484889 0.387937 0.144555 0.0291863 0 4.33491 0 0.393512 0 
2 1 0 0.11638 0.4 0 0.481156 0.38882 0.146874 0.481156 0.38882 0.146874 0.028001 0 4.49687 0 0.395397 0 
2 1 0 0.10734 0.4 0 0.477568 0.389658 0.149038 0.477568 0.389658 0.149038 0.0268943 0 4.65959 0 0.39729 0 
2 1 0 0.0982066 0.4 0 0.474116 0.390454 0.151049 0.474116 0.390454 0.151049 0.0258608 0 4.82287 0 0.399181 0 
2 1 0 0.0889901 0.4 0 0.470794 0.391212 0.152906 0.470794 0.391212 0.152906 0.0248951 0 4.98648 0 0.401059 0 
2 1 0 0.0796982 0.4 0 0.467596 0.391935 0.15461 0.467596 0.391935 0.15461 0.0239925 0 5.15025 0 0.402914 0 
2 1 0 0.0703382 0.4 0 0.464513 0.392625 0.156164 0.464513 0.392625 0.156164 0.0231485 0 5.31398 0 0.404738 0 
2 1 0 0.0609169 0.4 0 0.461542 0.393286 0.157569 0.461542 0.393286 0.157569 0.0223588 0 5.47754 0 0.40652 0 
2 1 0 0.0514408 0.4 0 0.458675 0.39392 0.158827 0.458675 0.39392 0.158827 0.0216197 0 5.64079 0 0.408251 0 
2 1 0 0.0419141 0.4 0 0.455907 0.39453 0.159939 0.455907 0.39453 0.159939 0.0209274 0 5.80363 0 0.409922 0 
2 1 0 0.0323437 0.4 0 0.453232 0.395119 0.16091 0.453232 0.395119 0.16091 0.0202788 0 5.96595 0 0.411524 0 
2 1 0 0.0227346 0.4 0 0.450647 0.395689 0.16174 0.450647 0.395689 0.16174 0.0196707 0 6.12767 0 0.413049 0 
2 1 0 0.0130915 0.4 0 0.448147 0.396241 0.162432 0.448147 0.396241 0.162432 0.0191004 0 6.28873 0 0.414488 0 
2 1 0 0.00341836 0.4 0 0.445727 0.396779 0.162989 0.445727 0.396779 0.162989 0.0185651 0 6.4491 0 0.415834 0 
2 1 0 -0.0062808 0.4 0 0.443382 0.397302 0.163413 0.443382 0.397302 0.163413 0.0180626 0 6.60875 0 0.417079 0 