3 -1 0 1 1 3.7 0.722235 0.722234 0.722436 0.217278 0.217277 0.217363 0 0 0 0 0 0 
3 -1 0 0.999001 0.999001 3.68062 0.722452 0.722451 0.722474 0.217219 0.217203 0.217199 0.999887 0 0.118743 0 0.000141582 0 
3 -1 0 0.994339 0.994339 3.68115 0.722398 0.722396 0.722419 0.217199 0.217183 0.217178 0.999963 0 0.118767 0 0.000136839 0 
3 -1 0 0.992089 0.992089 3.68141 0.722393 0.722378 0.722393 0.217168 0.217167 0.21718 0.999992 0 0.118767 0 0.000134527 0 
3 -1 0 0.987589 0.987589 3.68194 0.722338 0.722324 0.722338 0.217147 0.217146 0.217159 0.999984 0 0.1187 0 0.000134374 0 
3 -1 0 0.97859 0.97859 3.68305 0.722224 0.722211 0.722224 0.217104 0.217103 0.217116 0.999934 0 0.118543 0 0.000134013 0 
3 -1 0 0.968591 0.968591 3.68436 0.722089 0.722046 0.722091 0.217055 0.217058 0.217071 0.999871 0 0.118339 0 0.000141707 0 
3 -1 0 0.958593 0.958593 3.68575 0.721947 0.721905 0.721949 0.217001 0.217004 0.217017 0.999855 0 0.118163 0 0.000142335 0 
3 -1 0 0.948594 0.948594 3.68724 0.721797 0.721756 0.721798 0.216943 0.216946 0.216958 0.999844 0 0.117981 0 0.000142588 0 
3 -1 0 0.938596 0.938596 3.68883 0.721616 0.721637 0.721639 0.216878 0.216899 0.21688 0.999832 0 0.117786 0 0.000142863 0 
3 -1 0 0.928597 0.928597 3.69052 0.721447 0.721468 0.721469 0.216812 0.216834 0.216815 0.99982 0 0.117578 0 0.000143173 0 
3 -1 0 0.9186 0.9186 3.69233 0.721268 0.721288 0.721289 0.216742 0.216764 0.216745 0.999806 0 0.117357 0 0.000143518 0 
3 -1 0 0.908602 0.908602 3.69427 0.721079 0.721096 0.721097 0.216667 0.21668 0.21667 0.999791 0 0.11712 0 0.000143898 0 
3 -1 0 0.898605 0.898605 3.69634 0.720876 0.720892 0.720894 0.216587 0.216599 0.21659 0.999775 0 0.116868 0 0.00014432 0 
3 -1 0 0.888608 0.888608 3.69856 0.720661 0.720676 0.720677 0.2165 0.216512 0.216504 0.999757 0 0.116597 0 0.000144788 0 
3 -1 0 0.878611 0.878611 3.70095 0.720444 0.720447 0.720446 0.216407 0.216423 0.216408 0.999738 0 0.116308 0 0.0001453 0 
3 -1 0 0.868615 0.868615 3.7035 0.720199 0.720202 0.7202 0.216308 0.216323 0.216309 0.999717 0 0.115999 0 0.000145872 0 
3 -1 0 0.85862 0.85862 3.70625 0.719938 0.71994 0.719938 0.216202 0.216215 0.216203 0.999694 0 0.115668 0 0.000146504 0 
3 -1 0 0.848625 0.848625 3.70921 0.719648 0.71966 0.719659 0.216089 0.216102 0.216094 0.99967 0 0.115313 0 0.000147207 0 
3 -1 0 0.83863 0.83863 3.71239 0.719352 0.719364 0.719362 0.215966 0.215978 0.215972 0.999642 0 0.114931 0 0.00014798 0 
3 -1 0 0.828637 0.828637 3.71582 0.719037 0.719047 0.719045 0.215834 0.215845 0.21584 0.999613 0 0.114522 0 0.000148833 0 
3 -1 0 0.818645 0.818645 3.71951 0.718707 0.71871 0.718706 0.21569 0.215696 0.215692 0.99958 0 0.114083 0 0.000149769 0 
3 -1 0 0.808654 0.808654 3.72351 0.718348 0.718349 0.718345 0.215536 0.215541 0.215538 0.999545 0 0.11361 0 0.000150809 0 
3 -1 0 0.798664 0.798664 3.72782 0.717964 0.717964 0.717959 0.21537 0.215373 0.215372 0.999506 0 0.113101 0 0.000151957 0 
3 -1 0 0.788675 0.788675 3.7325 0.717554 0.717553 0.717547 0.21519 0.215193 0.215193 0.999463 0 0.112554 0 0.000153221 0 
3 -1 0 0.778688 0.778688 3.73756 0.717116 0.717114 0.717108 0.214995 0.214997 0.214999 0.999416 0 0.111963 0 0.000154617 0 
3 -1 0 0.768704 0.768704 3.74306 0.716649 0.716645 0.716638 0.214785 0.214785 0.214788 0.999364 0 0.111327 0 0.000156156 0 
3 -1 0 0.758721 0.758721 3.74903 0.716149 0.716144 0.716137 0.214556 0.214553 0.214561 1 0 0.111057 0 0.000117464 0 
3 -1 0 0.748741 0.748741 3.75553 0.715616 0.715609 0.715601 0.214308 0.214303 0.214313 1 0 0.110352 0 0.000115933 0 
3 -1 0 0.738765 0.738765 3.76261 0.715046 0.715038 0.715029 0.214038 0.214032 0.214043 1 0 0.109589 0 0.000114287 0 
3 -1 0 0.728792 0.728792 3.77033 0.714437 0.714424 0.714418 0.213742 0.213736 0.213747 1 0 0.108766 0 0.000112515 0 
3 -1 0 0.718823 0.718823 3.77877 0.713787 0.713772 0.713766 0.213422 0.213414 0.213427 1 0 0.107875 0 0.000110609 0 
3 -1 0 0.708859 0.708859 3.788 0.713094 0.713076 0.713069 0.213072 0.213062 0.213078 1 0 0.106911 0 0.000108558 0 
3 -1 0 0.6989 0.6989 3.79811 0.712354 0.712332 0.712327 0.212689 0.212679 0.212696 1 0 0.105867 0 0.000106351 0 
3 -1 0 0.688948 0.688948 3.80922 0.711566 0.711541 0.711535 0.21227 0.21226 0.212279 1 0 0.104737 0 0.000103977 0 
3 -1 0 0.679004 0.679004 3.82143 0.710726 0.710698 0.710692 0.211812 0.2118 0.211821 1 0 0.103512 0 0.000101425 0 
3 -1 0 0.669069 0.669069 3.83487 0.709836 0.709818 0.709803 0.211306 0.211306 0.211309 1 0 0.102183 0 9.86797e-05 0 
3 -1 0 0.659144 0.659144 3.8497 0.708888 0.708882 0.708869 0.210753 0.210753 0.210749 1 0 0.100743 0 9.57347e-05 0 
3 -1 0 0.64923 0.64923 3.86609 0.707881 0.707889 0.707878 0.210143 0.210144 0.210132 1 0 0.0991808 0 9.25795e-05 0 
3 -1 0 0.639331 0.639331 3.88424 0.706851 0.706852 0.706827 0.209456 0.209447 0.209454 1 0 0.0974867 0 8.91956e-05 0 
3 -1 0 0.629447 0.629447 3.90436 0.705736 0.705735 0.705719 0.208715 0.208704 0.208712 1 0 0.0956499 0 8.55827e-05 0 
3 -1 0 0.619582 0.619582 3.92672 0.704562 0.704557 0.704552 0.207896 0.207884 0.207893 1 0 0.0936592 0 8.17317e-05 0 
3 -1 0 0.609738 0.609738 3.9516 0.703298 0.70333 0.703325 0.206983 0.206972 0.206961 1 0 0.0915031 0 7.76391e-05 0 
3 -1 0 0.599919 0.599919 3.97935 0.702022 0.70204 0.702042 0.205966 0.205957 0.20595 1 0 0.0891701 0 7.33058e-05 0 
3 -1 0 0.590128 0.590128 4.01036 0.700694 0.700696 0.700705 0.204841 0.204834 0.204831 1 0 0.0866491 0 6.87382e-05 0 
3 -1 0 0.58037 0.58037 4.04506 0.699298 0.699297 0.69932 0.203588 0.203589 0.203588 1 0 0.0839293 0 6.39568e-05 0 
3 -1 0 0.57065 0.57065 4.08396 0.69786 0.697859 0.697892 0.20221 0.202208 0.202208 1 0 0.0810015 0 5.89696e-05 0 
3 -1 0 0.560973 0.560973 4.12765 0.696418 0.696414 0.696432 0.200682 0.200676 0.200678 1 0 0.0778583 0 5.38146e-05 0 
3 -1 0 0.551346 0.551346 4.1768 0.69494 0.694973 0.694956 0.198984 0.198988 0.198988 1 0 0.074495 0 4.85403e-05 0 
3 -1 0 0.541776 0.541776 4.23218 0.693499 0.693496 0.693472 0.197084 0.197102 0.197086 1 0 0.0709102 0 4.31923e-05 0 
3 -1 0 0.532271 0.532271 4.29466 0.692078 0.692038 0.692042 0.194978 0.194989 0.194979 1 0 0.0671077 0 3.78433e-05 0 
3 -1 0 0.522841 0.522841 4.36524 0.690668 0.690692 0.69065 0.192647 0.192647 0.192645 1 0 0.0630971 0 3.25734e-05 0 
3 -1 0 0.513498 0.513498 4.44504 0.689379 0.68939 0.689367 0.190072 0.190071 0.190064 0.999999 0 0.0588949 0 2.74726e-05 0 
3 -1 0 0.504254 0.504254 4.53536 0.688195 0.688192 0.68819 0.187229 0.187228 0.187216 0.999999 0 0.0545261 0 2.26364e-05 0 
3 -1 0 0.495122 0.495122 4.6376 0.68712 0.68715 0.687154 0.184062 0.184049 0.184049 0.999999 0 0.0500244 0 1.81596e-05 0 
3 -1 0 0.48612 0.48612 4.75338 0.6863 0.686312 0.686309 0.180583 0.180586 0.180587 0.999999 0 0.0454331 0 1.41287e-05 0 
3 -1 0 0.477264 0.477264 4.88446 0.685713 0.685705 0.685694 0.176785 0.176806 0.176808 1 0 0.0408044 0 1.0612e-05 0 
3 -1 0 0.468575 0.468575 5.03276 0.685405 0.685411 0.685364 0.172643 0.172648 0.172644 1 0 0.036198 0 7.65145e-06 0 
3 -1 0 0.460072 0.460072 5.20038 0.685454 0.685449 0.685363 0.168169 0.168153 0.168156 1 0 0.0316793 0 5.25556e-06 0 
3 -1 0 0.451777 0.451777 5.3896 0.685884 0.685868 0.685835 0.163326 0.163334 0.163345 1 0 0.0273158 0 3.39677e-06 0 
3 -1 0 0.443712 0.443712 5.60285 0.686752 0.686709 0.68676 0.158164 0.158145 0.158169 1.00001 0 0.0231711 0 2.27762e-06 0 
3 -1 0 0.435897 0.435897 5.84277 0.688082 0.68807 0.688096 0.152651 0.152659 0.152652 1.00001 0 0.0193085 0 1.44045e-06 0 
3 -1 0 0.42835 0.42835 6.1122 0.689909 0.689934 0.689928 0.146886 0.146881 0.146881 1.00002 0 0.0157775 0 9.40806e-07 0 
3 -1 0 0.421089 0.421089 6.41426 0.692321 0.692311 0.692295 0.140849 0.14083 0.140831 1.00001 0 0.0126252 0 -1.36392e-07 0 
3 -1 0 0.414126 0.414126 6.75243 0.695198 0.695185 0.695175 0.134579 0.1346 0.134595 1.00002 0 0.00986125 0 -5.09117e-07 0 
3 -1 0 0.407473 0.407473 7.13065 0.698577 0.698565 0.69855 0.128186 0.128166 0.128168 1.00002 0 0.00750074 0 -8.33105e-07 0 
3 -1 0 0.401136 0.401136 7.55345 0.702427 0.702402 0.702428 0.121656 0.12165 0.121652 1.00003 0 0.00553826 0 -1.13713e-06 0 
3 -1 0 0.39512 0.39512 8.02615 0.706715 0.706662 0.706706 0.115066 0.115071 0.115061 1.00005 0 0.00393904 0 -1.08739e-06 0 
3 -1 0 0.38943 0.38943 8.55503 0.711371 0.711332 0.711346 0.108478 0.108478 0.10851 1.00007 0 0.00270053 0 -1.27268e-06 0 
3 -1 0 0.384066 0.384066 9.1476 0.716339 0.716318 0.716303 0.101975 0.101971 0.101994 1.00005 0 0.00179832 0 -2.4053e-06 0 
3 -1 0 0.379031 0.379031 9.81281 0.721551 0.721569 0.721589 0.0955525 0.0955557 0.0955422 1.00008 0 0.00111825 0 -2.30081e-06 0 
3 -1 0 0.374324 0.374324 10.5614 0.727022 0.727024 0.72702 0.08929 0.0892962 0.0892987 1.00009 0 0.000670137 0 -2.2785e-06 0 
3 -1 0 0.369947 0.369947 11.4061 0.732479 0.732537 0.732487 0.0832653 0.0832695 0.0832614 1.00016 0 0.000384601 0 -6.66721e-07 0 
3 -1 0 0.3659 0.3659 12.362 0.738076 0.738041 0.738085 0.077505 0.0775424 0.0775143 1.00018 0 0.000218927 0 -3.6969e-07 0 
3 -1 0 0.362185 0.362185 13.447 0.743539 0.743586 0.743519 0.0720763 0.0720897 0.0720954 1.00024 0 9.06756e-05 0 -1.00276e-07 0 
3 -1 0 0.358799 0.358799 14.6819 0.748946 0.74885 0.748903 0.0669837 0.0669747 0.0669971 1.00026 0 4.68145e-05 0 2.21923e-07 0 
3 -1 0 0.355737 0.355737 16.0913 0.754218 0.754219 0.754206 0.0622812 0.0622819 0.0622905 1.00026 0 2.81289e-05 0 3.21542e-07 0 
3 -1 0 0.352993 0.352993 17.7039 0.759166 0.759197 0.75917 0.0579974 0.0579951 0.0580066 1.00024 0 1.96704e-05 0 2.00738e-07 0 
3 -1 0 0.350554 0.350554 19.5539 0.764037 0.763897 0.764029 0.0541745 0.054125 0.0541253 1.00017 0 2.53054e-05 0 7.18997e-08 0 
3 -1 0 0.348404 0.348404 21.6825 0.768408 0.768587 0.768593 0.050734 0.0506827 0.0506834 1.00011 0 1.63765e-05 0 1.70822e-08 0 
3 -1 0 0.346523 0.346523 24.1393 0.7728 0.772836 0.772819 0.0476879 0.0476594 0.0476563 1.00005 0 6.62067e-06 0 2.69979e-09 0 
3 -1 0 0.344888 0.344888 26.9857 0.776772 0.776795 0.776817 0.0450585 0.0450122 0.0450588 0.999976 0 -1.88833e-06 0 2.59638e-10 0 
3 -1 0 0.343478 0.343478 30.2982 0.78045 0.780424 0.7804 0.0427386 0.0427578 0.0427277 0.999903 0 -6.55778e-06 0 1.54169e-11 0 
3 -1 0 0.342269 0.342269 34.1725 0.783789 0.783397 0.783741 0.0407717 0.0407862 0.0407823 0.999855 0 -1.00265e-05 0 4.91302e-13 0 
3 -1 0 0.34124 0.34124 38.7302 0.786712 0.786782 0.786776 0.0391743 0.0391894 0.0391425 0.999816 0 -4.78946e-06 0 7.81246e-15 0 
3 -1 0 0.340372 0.340372 44.126 0.789361 0.789383 0.789359 0.0377388 0.0377576 0.0377437 0.999847 0 -3.32767e-06 0 4.71659e-17 0 
3 -1 0 0.339645 0.339645 50.5601 0.791655 0.791532 0.791468 0.0366193 0.0366139 0.0366339 0.999947 0 -9.50563e-07 0 9.48028e-20 0 
3 -1 0 0.339044 0.339044 58.2935 0.79362 0.793338 0.793649 0.03568 0.035665 0.0356652 1.00013 0 1.86327e-06 0 1.84304e-23 0 
3 -1 0 0.338551 0.338551 67.6734 0.795252 0.795089 0.795319 0.0348922 0.0349127 0.034928 0.999978 0 -2.63015e-07 0 2.46358e-24 0 
3 -1 0 0.338154 0.338154 79.1697 0.796505 0.796477 0.796721 0.034283 0.0343073 0.0342742 0.999926 0 -7.15578e-07 0 0 0 
3 -1 0 0.337837 0.337837 93.4335 0.797533 0.797547 0.797807 0.0338153 0.0338616 0.0337941 1.00001 0 4.75802e-08 0 -7.67497e-22 0 
3 -1 0 0.33759 0.33759 111.39 0.798325 0.798585 0.798603 0.0334649 0.0334157 0.033462 1.00005 0 1.80914e-07 0 9.59779e-24 0 
3 -1 0 0.337399 0.337399 134.39 0.798539 0.799357 0.799219 0.0331606 0.0331236 0.0331434 1.00027 0 9.12471e-07 0 -8.99628e-22 0 
3 -1 0 0.337256 0.337256 164.48 0.799221 0.799637 0.799841 0.0329112 0.0329114 0.0329329 0.999983 0 -4.73971e-08 0 -1.63922e-22 0 
3 -1 0 0.33715 0.33715 204.878 0.799258 0.800248 0.799944 0.0327604 0.0328214 0.0327546 0.999616 0 -9.00249e-07 0 5.44421e-22 0 
3 -1 0 0.337076 0.337076 260.887 0.799524 0.800543 0.800021 0.0326673 0.0327202 0.0326431 0.99681 0 -6.05709e-06 0 1.87064e-22 0 
3 -1 0 0.337024 0.337024 341.797 0.800251 0.80065 0.800624 0.0326494 0.0325618 0.0325617 1.00094 0 2.01978e-06 0 -7.79299e-22 0 
3 -1 0 0.33699 0.33699 465.151 0.80068 0.800393 0.80082 0.032595 0.0325068 0.032573 1.0046 0 7.37934e-06 0 5.35445e-22 0 
3 -1 0 0.33697 0.33697 667.72 0.801277 0.800894 0.799938 0.032516 0.0326013 0.0325105 1.02261 0 2.61787e-05 0 3.15851e-21 0 
3 -1 0 0.336958 0.336958 1038.11 0.801376 0.800731 0.800911 0.0324708 0.0324706 0.0325858 0.992038 0 -3.65713e-06 0 -4.10283e-22 0 
3 -1 0 0.336953 0.336953 1844.41 0.795263 0.800062 0.797647 0.0325792 0.0326258 0.0322251 1.05333 0 1.5625e-05 0 1.08076e-21 0 
3 -1 0 0.336951 0.336951 2627.78 0.810391 0.797868 0.799286 0.0324794 0.0327564 0.0336789 0.762377 0 0.000350906 0 7.11684e-20 0 
3 -1 0 0.336951 0.336951 4153.34 0.802939 0.800856 0.798664 0.0324893 0.0325304 0.0322736 0.86201 0 -0.000185783 0 8.20077e-20 0 
3 -1 0 0.33695 0.33695 5359.09 0.800394 0.803281 0.801791 0.0323207 0.0323658 0.0327196 0.74545 0 -0.000193251 0 1.10298e-21 0 
3 -1 0 0.33695 0.33695 7085.24 0.788669 0.799937 0.805065 0.0316223 0.0333223 0.0327727 0.712101 0 -0.000212126 0 -8.78677e-21 0 
3 -1 0 0.33695 0.33695 7085.24 0.797916 0.823077 0.803659 0.0318638 0.0319918 0.0324498 0.712101 0 -0.000212126 0 -8.78677e-21 0 
