1 1 0 0 0.4 0 0.00334422 0.00601028 1 0.00334422 0.00601028 1 0.368083 0 0.0192666 0 7.02045 0 
1 1 0 0.000894794 0.4 0 0.00336894 0.00605313 0.998212 0.00336894 0.00605313 0.998212 0.367879 0 0.367826 0 0.367932 0 
1 1 0 0.00179086 0.4 0 0.00339547 0.00609636 0.996425 0.00339547 0.00609636 0.996425 0.367879 0 0.367933 0 0.367825 0 
1 1 0 0.00358682 0.4 0 0.00345397 0.00618393 0.992852 0.00345397 0.00618393 0.992852 0.367879 0 0.367823 0 0.367935 0 
1 1 0 0.00719418 0.4 0 0.00359302 0.0063637 0.985715 0.00359302 0.0063637 0.985715 0.367879 0 0.367819 0 0.36794 0 
1 1 0 0.0117327 0.4 0 0.0038089 0.00659738 0.97681 0.0038089 0.00659738 0.97681 0.367879 0 0.367813 0 0.367945 0 
1 1 0 0.0163043 0.4 0 0.00407259 0.00684149 0.967923 0.00407259 0.00684149 0.967923 0.367879 0 0.367807 0 0.367952 0 
1 1 0 0.0209094 0.4 0 0.00438527 0.00709657 0.959056 0.00438527 0.00709657 0.959056 0.367879 0 0.3678 0 0.367959 0 
1 1 0 0.0255487 0.4 0 0.00474817 0.00736317 0.950208 0.00474817 0.00736317 0.950208 0.367879 0 0.367791 0 0.367968 0 
1 1 0 0.0302227 0.4 0 0.00516253 0.00764189 0.941381 0.00516253 0.00764189 0.941381 0.367879 0 0.367782 0 0.367977 0 
1 1 0 0.0349319 0.4 0 0.00562967 0.00793333 0.932577 0.00562967 0.00793333 0.932577 0.367879 0 0.367771 0 0.367988 0 
1 1 0 0.039677 0.4 0 0.00615091 0.00823817 0.923795 0.00615091 0.00823817 0.923795 0.367879 0 0.367759 0 0.368 0 
1 1 0 0.0444585 0.4 0 0.00672763 0.00855707 0.915036 0.00672763 0.00855707 0.915036 0.367879 0 0.367745 0 0.368014 0 
1 1 0 0.0492769 0.4 0 0.00736126 0.00889076 0.906303 0.00736126 0.00889076 0.906303 0.367879 0 0.367728 0 0.368031 0 
1 1 0 0.0541329 0.4 0 0.00805325 0.00924001 0.897595 0.00805325 0.00924001 0.897595 0.367879 0 0.36805 0 0.367709 0 
1 1 0 0.0590271 0.4 0 0.00880512 0.00960561 0.888914 0.00880512 0.00960561 0.888914 0.367879 0 0.368072 0 0.367687 0 
1 1 0 0.06396 0.4 0 0.00961841 0.00998839 0.880262 0.00961841 0.00998839 0.880262 0.367879 0 0.368098 0 0.367661 0 
1 1 0 0.0689322 0.4 0 0.0104947 0.0103892 0.871639 0.0104947 0.0103892 0.871639 0.367879 0 0.368129 0 0.36763 0 
1 1 0 0.0739444 0.4 0 0.0114356 0.0108091 0.863047 0.0114356 0.0108091 0.863047 0.36788 0 0.368165 0 0.367594 0 
1 1 0 0.078997 0.4 0 0.0124429 0.0112489 0.854487 0.0124429 0.0112489 0.854487 0.36788 0 0.367552 0 0.368207 0 
1 1 0 0.0840908 0.4 0 0.0135182 0.0117097 0.845961 0.0135182 0.0117097 0.845961 0.36788 0 0.367503 0 0.368256 0 
1 1 0 0.0892262 0.4 0 0.0146633 0.0121925 0.83747 0.0146633 0.0121925 0.83747 0.367446 0 0.368314 0 0.36788 0 
1 1 0 0.0944037 0.4 0 0.0158799 0.0126984 0.829017 0.0158799 0.0126984 0.829017 0.367378 0 0.368381 0 0.36788 0 
1 1 0 0.0996241 0.4 0 0.0171699 0.0132286 0.820602 0.0171699 0.0132286 0.820602 0.3673 0 0.36846 0 0.36788 0 
1 1 0 0.104888 0.4 0 0.0185352 0.0137843 0.812227 0.0185352 0.0137843 0.812227 0.367209 0 0.368551 0 0.36788 0 
1 1 0 0.110195 0.4 0 0.0199777 0.0143666 0.803895 0.0199777 0.0143666 0.803895 0.367103 0 0.368657 0 0.36788 0 
1 1 0 0.115547 0.4 0 0.0214992 0.014977 0.795608 0.0214992 0.014977 0.795608 0.366981 0 0.36878 0 0.36788 0 
1 1 0 0.120944 0.4 0 0.0231017 0.0156167 0.787367 0.0231017 0.0156167 0.787367 0.366839 0 0.368922 0 0.36788 0 
1 1 0 0.126385 0.4 0 0.0247872 0.0162871 0.779175 0.0247872 0.0162871 0.779175 0.366677 0 0.369085 0 0.36788 0 
1 1 0 0.131873 0.4 0 0.0265576 0.0169897 0.771034 0.0265576 0.0169897 0.771034 0.36649 0 0.369273 0 0.367881 0 
1 1 0 0.137406 0.4 0 0.0284148 0.0177257 0.762947 0.0284148 0.0177257 0.762947 0.366277 0 0.369488 0 0.367881 0 
1 1 0 0.142986 0.4 0 0.0303609 0.0184968 0.754916 0.0303609 0.0184968 0.754916 0.366032 0 0.369734 0 0.367882 0 
1 1 0 0.148613 0.4 0 0.0323977 0.0193045 0.746943 0.0323977 0.0193045 0.746943 0.365754 0 0.370014 0 0.367882 0 
1 1 0 0.154286 0.4 0 0.0345272 0.0201501 0.739033 0.0345272 0.0201501 0.739033 0.365438 0 0.370334 0 0.367883 0 
1 1 0 0.160006 0.4 0 0.0367512 0.0210354 0.731186 0.0367512 0.0210354 0.731186 0.365079 0 0.370697 0 0.367884 0 
1 1 0 0.165774 0.4 0 0.0390716 0.0219617 0.723408 0.0390716 0.0219617 0.723408 0.364674 0 0.371108 0 0.367885 0 
1 1 0 0.171589 0.4 0 0.0414901 0.0229307 0.715699 0.0414901 0.0229307 0.715699 0.364216 0 0.371573 0 0.367886 0 
1 1 0 0.17745 0.4 0 0.0440084 0.0239437 0.708064 0.0440084 0.0239437 0.708064 0.3637 0 0.372098 0 0.367888 0 
1 1 0 0.18336 0.4 0 0.0466282 0.0250024 0.700507 0.0466282 0.0250024 0.700507 0.363122 0 0.372689 0 0.36789 0 
1 1 0 0.189315 0.4 0 0.0493509 0.026108 0.693029 0.0493509 0.026108 0.693029 0.362473 0 0.373353 0 0.367893 0 
1 1 0 0.195318 0.4 0 0.0521778 0.0272619 0.685635 0.0521778 0.0272619 0.685635 0.361749 0 0.374097 0 0.367896 0 
1 1 0 0.201367 0.4 0 0.0551102 0.0284655 0.678329 0.0551102 0.0284655 0.678329 0.360941 0 0.37493 0 0.367901 0 
1 1 0 0.207461 0.4 0 0.0581492 0.0297198 0.671113 0.0581492 0.0297198 0.671113 0.360042 0 0.37586 0 0.367906 0 
1 1 0 0.213601 0.4 0 0.0612956 0.0310259 0.663991 0.0612956 0.0310259 0.663991 0.359046 0 0.376896 0 0.367913 0 
1 1 0 0.219786 0.4 0 0.0645502 0.0323848 0.656966 0.0645502 0.0323848 0.656966 0.357943 0 0.378049 0 0.367921 0 
1 1 0 0.226013 0.4 0 0.0679134 0.0337971 0.650043 0.0679134 0.0337971 0.650043 0.356727 0 0.379327 0 0.367931 0 
1 1 0 0.232284 0.4 0 0.0713856 0.0352636 0.643224 0.0713856 0.0352636 0.643224 0.355388 0 0.380743 0 0.367944 0 
1 1 0 0.238597 0.4 0 0.0749668 0.0367847 0.636512 0.0749668 0.0367847 0.636512 0.353919 0 0.382307 0 0.36796 0 
1 1 0 0.244949 0.4 0 0.0786568 0.0383605 0.629912 0.0786568 0.0383605 0.629912 0.352311 0 0.384031 0 0.367979 0 
1 1 0 0.251342 0.4 0 0.0824551 0.0399912 0.623424 0.0824551 0.0399912 0.623424 0.350557 0 0.385928 0 0.368003 0 
1 1 0 0.257771 0.4 0 0.0863612 0.0416765 0.617053 0.0863612 0.0416765 0.617053 0.348648 0 0.388011 0 0.368032 0 
1 1 0 0.264237 0.4 0 0.0903741 0.043416 0.610801 0.0903741 0.043416 0.610801 0.346577 0 0.390292 0 0.368068 0 
1 1 0 0.270737 0.4 0 0.0944925 0.0452093 0.604669 0.0944925 0.0452093 0.604669 0.344337 0 0.392785 0 0.368111 0 
1 1 0 0.277269 0.4 0 0.0987151 0.0470556 0.598658 0.0987151 0.0470556 0.598658 0.341921 0 0.395503 0 0.368164 0 
1 1 0 0.283831 0.4 0 0.10304 0.048954 0.592771 0.10304 0.048954 0.592771 0.339324 0 0.398462 0 0.368227 0 
1 1 0 0.290421 0.4 0 0.107466 0.0509034 0.587008 0.107466 0.0509034 0.587008 0.33654 0 0.401674 0 0.368304 0 
1 1 0 0.297036 0.4 0 0.11199 0.0529029 0.581369 0.11199 0.0529029 0.581369 0.333566 0 0.405155 0 0.368395 0 
1 1 0 0.303673 0.4 0 0.11661 0.0549512 0.575852 0.11661 0.0549512 0.575852 0.330398 0 0.408917 0 0.368505 0 
1 1 0 0.31033 0.4 0 0.121323 0.0570473 0.570457 0.121323 0.0570473 0.570457 0.327033 0 0.412977 0 0.368637 0 
1 1 0 0.317002 0.4 0 0.126128 0.0591903 0.565182 0.126128 0.0591903 0.565182 0.323472 0 0.417347 0 0.368793 0 
1 1 0 0.323687 0.4 0 0.13102 0.0613795 0.560022 0.13102 0.0613795 0.560022 0.319712 0 0.422043 0 0.368979 0 
1 1 0 0.330379 0.4 0 0.135997 0.0636143 0.554976 0.135997 0.0636143 0.554976 0.315755 0 0.427078 0 0.369198 0 
1 1 0 0.337075 0.4 0 0.141055 0.0658948 0.550036 0.141055 0.0658948 0.550036 0.311602 0 0.432466 0 0.369457 0 
1 1 0 0.343769 0.4 0 0.146192 0.0682216 0.545199 0.146192 0.0682216 0.545199 0.307256 0 0.438221 0 0.369762 0 
1 1 0 0.350457 0.4 0 0.151403 0.0705958 0.540455 0.151403 0.0705958 0.540455 0.30272 0 0.444358 0 0.37012 0 
1 1 0 0.357131 0.4 0 0.156685 0.0730194 0.535798 0.156685 0.0730194 0.535798 0.297997 0 0.45089 0 0.370539 0 
1 1 0 0.363786 0.4 0 0.162034 0.0754955 0.531217 0.162034 0.0754955 0.531217 0.293091 0 0.45783 0 0.371031 0 
1 1 0 0.370414 0.4 0 0.167446 0.0780281 0.526702 0.167446 0.0780281 0.526702 0.288006 0 0.465193 0 0.371605 0 
1 1 0 0.377008 0.4 0 0.172915 0.0806225 0.522241 0.172915 0.0806225 0.522241 0.282746 0 0.472992 0 0.372277 0 
1 1 0 0.383557 0.4 0 0.178437 0.0832854 0.517822 0.178437 0.0832854 0.517822 0.277314 0 0.48124 0 0.373063 0 
1 1 0 0.390052 0.4 0 0.184007 0.0860249 0.513429 0.184007 0.0860249 0.513429 0.271715 0 0.48995 0 0.373982 0 
1 1 0 0.396483 0.4 0 0.189618 0.0888505 0.509049 0.189618 0.0888505 0.509049 0.26595 0 0.499133 0 0.375059 0 
1 1 0 0.402837 0.4 0 0.195265 0.0917733 0.504665 0.195265 0.0917733 0.504665 0.260023 0 0.508798 0 0.376322 0 
1 1 0 0.409101 0.4 0 0.200938 0.0948059 0.500261 0.200938 0.0948059 0.500261 0.253934 0 0.518951 0 0.377806 0 
1 1 0 0.415262 0.4 0 0.20663 0.0979621 0.495821 0.20663 0.0979621 0.495821 0.247685 0 0.529594 0 0.379554 0 
1 1 0 0.421305 0.4 0 0.212331 0.101257 0.49133 0.212331 0.101257 0.49133 0.241277 0 0.540719 0 0.381617 0 
1 1 0 0.427211 0.4 0 0.218028 0.104705 0.486774 0.218028 0.104705 0.486774 0.234713 0 0.552307 0 0.38406 0 
1 1 0 0.432967 0.4 0 0.223711 0.108322 0.482137 0.223711 0.108322 0.482137 0.227992 0 0.564328 0 0.38696 0 
1 1 0 0.438554 0.4 0 0.229366 0.112124 0.47741 0.229366 0.112124 0.47741 0.221118 0 0.576727 0 0.390412 0 
1 1 0 0.443957 0.4 0 0.234979 0.116125 0.472584 0.234979 0.116125 0.472584 0.214095 0 0.589423 0 0.394533 0 
1 1 0 0.44916 0.4 0 0.240534 0.120338 0.467652 0.240534 0.120338 0.467652 0.206931 0 0.6023 0 0.399465 0 
1 1 0 0.454151 0.4 0 0.246016 0.124772 0.462614 0.246016 0.124772 0.462614 0.199637 0 0.615188 0 0.405385 0 
1 1 0 0.458918 0.4 0 0.251408 0.129434 0.45747 0.251408 0.129434 0.45747 0.192229 0 0.627856 0 0.412514 0 
1 1 0 0.463455 0.4 0 0.256696 0.134328 0.452226 0.256696 0.134328 0.452226 0.184727 0 0.639985 0 0.421131 0 
1 1 0 0.467761 0.4 0 0.261865 0.139454 0.446889 0.261865 0.139454 0.446889 0.177157 0 0.651137 0 0.431604 0 
1 1 0 0.471838 0.4 0 0.266901 0.144806 0.441471 0.266901 0.144806 0.441471 0.169553 0 0.660696 0 0.444437 0 
1 1 0 0.475699 0.4 0 0.271793 0.150379 0.435984 0.271793 0.150379 0.435984 0.16195 0 0.667762 0 0.460378 0 
1 1 0 0.479359 0.4 0 0.276532 0.156161 0.430442 0.276532 0.156161 0.430442 0.154392 0 0.670897 0 0.480658 0 
1 1 0 0.482846 0.4 0 0.281108 0.162141 0.424862 0.281108 0.162141 0.424862 0.146925 0 0.667358 0 0.507765 0 
1 1 0 0.486191 0.4 0 0.285516 0.168305 0.41926 0.285516 0.168305 0.41926 0.139599 0 0.648977 0 0.549548 0 
1 1 0 0.489437 0.4 71.3876 0.28975 0.174638 0.413653 0.28975 0.174638 0.413653 0.132465 0 0.610694 0.0538895 0.610694 -0.0538895 
1 1 0 0.492636 0.4 39.3173 0.293804 0.181123 0.40806 0.293804 0.181123 0.40806 0.125576 0 0.621636 0.100196 0.621636 -0.100196 
1 1 0 0.495846 0.4 29.0919 0.297675 0.187743 0.402503 0.297675 0.187743 0.402503 0.118982 0 0.631842 0.138626 0.631842 -0.138626 
1 1 0 0.499138 0.4 23.5474 0.301356 0.194481 0.397006 0.301356 0.194481 0.397006 0.112734 0 0.641037 0.175227 0.641037 -0.175227 
1 1 0 0.502589 0.4 19.9434 0.304843 0.201314 0.391599 0.304843 0.201314 0.391599 0.106878 0 0.648926 0.211489 0.648926 -0.211489 
1 1 0 0.506281 0.4 17.3727 0.308129 0.208219 0.386318 0.308129 0.208219 0.386318 0.101455 0 0.655202 0.247869 0.655202 -0.247869 
1 1 0 0.510299 0.4 15.4336 0.311209 0.215165 0.381206 0.311209 0.215165 0.381206 0.0965022 0 0.659568 0.284406 0.659568 -0.284406 
1 1 0 0.51472 0.4 13.9155 0.314076 0.222114 0.376313 0.314076 0.222114 0.376313 0.0920446 0 0.661754 0.320909 0.661754 -0.320909 
1 1 0 0.519609 0.4 12.6952 0.316728 0.229023 0.371695 0.316728 0.229023 0.371695 0.0880957 0 0.661554 0.357063 0.661554 -0.357063 
1 1 0 0.525005 0.4 11.6945 0.319169 0.235845 0.367407 0.319169 0.235845 0.367407 0.0846521 0 0.658848 0.3925 0.658848 -0.3925 
1 1 0 0.530921 0.4 10.8601 0.321406 0.242531 0.363496 0.321406 0.242531 0.363496 0.0816919 0 0.653621 0.426883 0.653621 -0.426883 
1 1 0 0.537337 0.4 10.1543 0.323459 0.249041 0.359997 0.323459 0.249041 0.359997 0.0791754 0 0.645956 0.459957 0.645956 -0.459957 
1 1 0 0.544213 0.4 9.54874 0.32535 0.255345 0.356929 0.32535 0.255345 0.356929 0.0770491 0 0.636013 0.49159 0.636013 -0.49159 
1 1 0 0.551492 0.4 9.02213 0.327109 0.261426 0.354295 0.327109 0.261426 0.354295 0.0752516 0 0.623989 0.521771 0.623989 -0.521771 
1 1 0 0.559114 0.4 8.55812 0.328764 0.267279 0.352081 0.328764 0.267279 0.352081 0.0737204 0 0.610087 0.550585 0.610087 -0.550585 
1 1 0 0.567022 0.4 8.14423 0.330346 0.272908 0.350269 0.330346 0.272908 0.350269 0.0723959 0 0.594489 0.578177 0.594489 -0.578177 
1 1 0 0.575162 0.4 7.77095 0.331878 0.278323 0.348834 0.331878 0.278323 0.348834 0.0712249 0 0.577348 0.604717 0.577348 -0.604717 
1 1 0 0.583491 0.4 7.43104 0.333384 0.283538 0.347749 0.333384 0.283538 0.347749 0.0701616 0 0.558779 0.630374 0.558779 -0.630374 
1 1 0 0.59197 0.4 7.119 0.334881 0.288566 0.346988 0.334881 0.288566 0.346988 0.069168 0 0.538868 0.655302 0.538868 -0.655302 
1 1 0 0.60057 0.4 6.83066 0.336385 0.293421 0.346525 0.336385 0.293421 0.346525 0.0682128 0 0.517672 0.679629 0.517672 -0.679629 
1 1 0 0.609265 0.4 6.56281 0.337906 0.298117 0.346336 0.337906 0.298117 0.346336 0.0672713 0 0.495227 0.703452 0.495227 -0.703452 
1 1 0 0.618035 0.4 6.31297 0.339453 0.302664 0.346401 0.339453 0.302664 0.346401 0.0663242 0 0.471556 0.72684 0.471556 -0.72684 
1 1 0 0.626865 0.4 6.07921 0.341033 0.307075 0.346697 0.341033 0.307075 0.346697 0.0653572 0 0.44667 0.749837 0.44667 -0.749837 
1 1 0 0.635741 0.4 5.85999 0.34265 0.311357 0.347207 0.34265 0.311357 0.347207 0.0643598 0 0.420572 0.772459 0.420572 -0.772459 
1 1 0 0.644654 0.4 5.65405 0.344307 0.315519 0.347912 0.344307 0.315519 0.347912 0.0633251 0 0.393265 0.794705 0.393265 -0.794705 
1 1 0 0.653595 0.4 5.46034 0.346005 0.319568 0.348797 0.346005 0.319568 0.348797 0.0622491 0 0.36475 0.816555 0.36475 -0.816555 
1 1 0 0.662558 0.4 5.27797 0.347745 0.32351 0.349845 0.347745 0.32351 0.349845 0.0611301 0 0.33503 0.837973 0.33503 -0.837973 
1 1 0 0.671537 0.4 5.10618 0.349527 0.327352 0.351042 0.349527 0.327352 0.351042 0.0599685 0 0.304111 0.858916 0.304111 -0.858916 
1 1 0 0.68053 0.4 4.94427 0.351349 0.331097 0.352375 0.351349 0.331097 0.352375 0.0587661 0 0.272005 0.87933 0.272005 -0.87933 
1 1 0 0.689534 0.4 4.79161 0.353212 0.334753 0.35383 0.353212 0.334753 0.35383 0.0575261 0 0.238722 0.899156 0.238722 -0.899156 
1 1 0 0.698547 0.4 4.64766 0.355112 0.338321 0.355396 0.355112 0.338321 0.355396 0.0562526 0 0.204289 0.918329 0.204289 -0.918329 
1 1 0 0.707566 0.4 4.51188 0.357048 0.341807 0.357061 0.357048 0.341807 0.357061 0.0549505 0 0.168732 0.936784 0.168732 -0.936784 
1 1 0 0.716591 0.4 4.38378 0.359018 0.345213 0.358815 0.359018 0.345213 0.358815 0.0536249 0 0.132086 0.954455 0.132086 -0.954455 
1 1 0 0.725622 0.4 4.2629 0.361019 0.348544 0.360648 0.361019 0.348544 0.360648 0.0522815 0 0.0943867 0.971277 0.0943867 -0.971277 
1 1 0 0.734658 0.4 4.14881 0.363049 0.351803 0.36255 0.363049 0.351803 0.36255 0.0509257 0 0.0556794 0.987188 0.0556794 -0.987188 
1 1 0 0.742197 0.4 4.05858 0.364761 0.354467 0.364184 0.364761 0.354467 0.364184 0.04979 0 0.0226693 0.999714 0.0226693 -0.999714 
2 1 0 0.751243 0.4 3.9559 0.366837 0.357602 0.366192 0.366837 0.357602 0.366192 0.0484257 0 -0.0177557 1.0138 -0.0177557 -1.0138 
2 1 0 0.760296 0.4 3.8589 0.368935 0.360672 0.368248 0.368935 0.360672 0.368248 0.0470642 0 -0.0590425 1.02682 -0.0590425 -1.02682 
2 1 0 0.769355 0.4 3.76724 0.371051 0.363682 0.370344 0.371051 0.363682 0.370344 0.0457102 0 -0.101129 1.03873 -0.101129 -1.03873 
2 1 0 0.778422 0.4 3.68059 0.373185 0.366633 0.372474 0.373185 0.366633 0.372474 0.0443682 0 -0.143954 1.04948 -0.143954 -1.04948 
2 1 0 0.787497 0.4 3.59865 0.375332 0.369528 0.374633 0.375332 0.369528 0.374633 0.0430423 0 -0.187451 1.05904 -0.187451 -1.05904 
2 1 0 0.79658 0.4 3.52113 0.377492 0.372369 0.376815 0.377492 0.372369 0.376815 0.041736 0 -0.231555 1.06737 -0.231555 -1.06737 
2 1 0 0.805672 0.4 3.44774 0.379662 0.375158 0.379016 0.379662 0.375158 0.379016 0.0404525 0 -0.276198 1.07446 -0.276198 -1.07446 
2 1 0 0.814774 0.4 3.37825 0.38184 0.377899 0.381231 0.38184 0.377899 0.381231 0.0391945 0 -0.321312 1.08028 -0.321312 -1.08028 
2 1 0 0.823886 0.4 3.3124 0.384024 0.380592 0.383457 0.384024 0.380592 0.383457 0.0379645 0 -0.366828 1.08483 -0.366828 -1.08483 
2 1 0 0.833008 0.4 3.24997 0.386212 0.383239 0.38569 0.386212 0.383239 0.38569 0.0367643 0 -0.41268 1.08808 -0.41268 -1.08808 
2 1 0 0.842142 0.4 3.19075 0.388402 0.385843 0.387928 0.388402 0.385843 0.387928 0.0355955 0 -0.458799 1.09004 -0.458799 -1.09004 
2 1 0 0.851287 0.4 3.13454 0.390592 0.388404 0.390166 0.390592 0.388404 0.390166 0.0344594 0 -0.505121 1.09071 -0.505121 -1.09071 
2 1 0 0.860444 0.4 3.08116 0.392782 0.390926 0.392404 0.392782 0.390926 0.392404 0.0333568 0 -0.551581 1.0901 -0.551581 -1.0901 
2 1 0 0.869612 0.4 3.03044 0.39497 0.393408 0.394637 0.39497 0.393408 0.394637 0.0322884 0 -0.598117 1.08821 -0.598117 -1.08821 
2 1 0 0.878793 0.4 2.98221 0.397154 0.395853 0.396866 0.397154 0.395853 0.396866 0.0312544 0 -0.644668 1.08506 -0.644668 -1.08506 
2 1 0 0.887986 0.4 2.93633 0.399334 0.398263 0.399087 0.399334 0.398263 0.399087 0.0302551 0 -0.691176 1.08067 -0.691176 -1.08067 
2 1 0 0.897192 0.4 2.89264 0.401507 0.400637 0.4013 0.401507 0.400637 0.4013 0.0292903 0 -0.737587 1.07506 -0.737587 -1.07506 
2 1 0 0.90641 0.4 2.85103 0.403674 0.402978 0.403502 0.403674 0.402978 0.403502 0.0283597 0 -0.783846 1.06824 -0.783846 -1.06824 
2 1 0 0.91564 0.4 2.81136 0.405832 0.405287 0.405694 0.405832 0.405287 0.405694 0.0274629 0 -0.829905 1.06025 -0.829905 -1.06025 
2 1 0 0.924884 0.4 2.77353 0.407982 0.407565 0.407873 0.407982 0.407565 0.407873 0.0265995 0 -0.875714 1.05112 -0.875714 -1.05112 
2 1 0 0.93414 0.4 2.73742 0.410122 0.409813 0.41004 0.410122 0.409813 0.41004 0.0257686 0 -0.92123 1.04087 -0.92123 -1.04087 
2 1 0 0.943408 0.4 2.70294 0.412253 0.412032 0.412192 0.412253 0.412032 0.412192 0.0249696 0 -0.966411 1.02954 -0.966411 -1.02954 
2 1 0 0.95269 0.4 2.66999 0.414372 0.414223 0.41433 0.414372 0.414223 0.41433 0.0242017 0 -1.01122 1.01716 -1.01122 -1.01716 
2 1 0 0.961983 0.4 2.63848 0.41648 0.416387 0.416453 0.41648 0.416387 0.416453 0.023464 0 -1.05561 1.00376 -1.05561 -1.00376 
2 1 0 0.971289 0.4 2.60833 0.418576 0.418525 0.418561 0.418576 0.418525 0.418561 0.0227555 0 -1.09957 0.989379 -1.09957 -0.989379 
2 1 0 0.980606 0.4 2.57947 0.42066 0.420637 0.420653 0.42066 0.420637 0.420653 0.0220753 0 -1.14304 0.974053 -1.14304 -0.974053 
2 1 0 0.989936 0.4 2.55182 0.422731 0.422725 0.422729 0.422731 0.422725 0.422729 0.0214225 0 -1.18602 0.957818 -1.18602 -0.957818 
2 1 0 0.999278 0.4 2.52532 0.424788 0.424788 0.424788 0.424788 0.424788 0.424788 0.0207961 0 -1.22846 0.94071 -1.22846 -0.94071 
2 1 0 1.00863 0.4 2.4999 0.426833 0.426829 0.426832 0.426833 0.426829 0.426832 0.0201952 0 -1.27035 0.922765 -1.27035 -0.922765 
1 1 0 0 0.4 0 0.00334422 1 0.0101362 0.00334422 1 0.0101362 0.016478 0 7.60887 0 0.397093 0 
1 1 0 0.000894413 0.4 0 0.00336814 0.998213 0.0102089 0.00336814 0.998213 0.0102089 0.367879 0 0.367631 0 0.368128 0 
1 1 0 0.00179007 0.4 0 0.00339227 0.996426 0.0102837 0.00339227 0.996426 0.0102837 0.367879 0 0.367627 0 0.368132 0 
1 1 0 0.00358514 0.4 0 0.0034412 0.992855 0.01044 0.0034412 0.992855 0.01044 0.367879 0 0.367617 0 0.368142 0 
1 1 0 0.00719042 0.4 0 0.00354172 0.985723 0.0107794 0.00354172 0.985723 0.0107794 0.367879 0 0.367596 0 0.368163 0 
1 1 0 0.0117257 0.4 0 0.0036726 0.976824 0.0112549 0.0036726 0.976824 0.0112549 0.367879 0 0.367565 0 0.368194 0 
1 1 0 0.0162932 0.4 0 0.00380959 0.967944 0.0117888 0.00380959 0.967944 0.0117888 0.367879 0 0.367528 0 0.368231 0 
1 1 0 0.0208935 0.4 0 0.00395301 0.959086 0.0123826 0.00395301 0.959086 0.0123826 0.367879 0 0.367485 0 0.368274 0 
1 1 0 0.0255268 0.4 0 0.00410322 0.95025 0.0130381 0.00410322 0.95025 0.0130381 0.367879 0 0.367434 0 0.368325 0 
1 1 0 0.0301938 0.4 0 0.00426061 0.941436 0.013757 0.00426061 0.941436 0.013757 0.367879 0 0.367375 0 0.368384 0 
1 1 0 0.0348948 0.4 0 0.00442556 0.932646 0.0145409 0.00442556 0.932646 0.0145409 0.367879 0 0.367306 0 0.368454 0 
1 1 0 0.0396302 0.4 0 0.0045985 0.92388 0.0153916 0.0045985 0.92388 0.0153916 0.367879 0 0.367226 0 0.368535 0 
1 1 0 0.0444006 0.4 0 0.00477989 0.915141 0.016311 0.00477989 0.915141 0.016311 0.367879 0 0.367132 0 0.368628 0 
1 1 0 0.0492064 0.4 0 0.00497019 0.90643 0.017301 0.00497019 0.90643 0.017301 0.367879 0 0.367023 0 0.368738 0 
1 1 0 0.0540479 0.4 0 0.00516992 0.897746 0.0183634 0.00516992 0.897746 0.0183634 0.367879 0 0.366898 0 0.368864 0 
1 1 0 0.0589255 0.4 0 0.00537959 0.889093 0.0195002 0.00537959 0.889093 0.0195002 0.367879 0 0.366753 0 0.36901 0 
1 1 0 0.0638397 0.4 0 0.00559979 0.880471 0.0207135 0.00559979 0.880471 0.0207135 0.367879 0 0.366585 0 0.369178 0 
1 1 0 0.0687909 0.4 0 0.0058311 0.871882 0.0220052 0.0058311 0.871882 0.0220052 0.367879 0 0.366393 0 0.369372 0 
1 1 0 0.0737793 0.4 0 0.00607416 0.863327 0.0233774 0.00607416 0.863327 0.0233774 0.367879 0 0.366171 0 0.369596 0 
1 1 0 0.0788053 0.4 0 0.00632963 0.854809 0.0248321 0.00632963 0.854809 0.0248321 0.367879 0 0.365918 0 0.369852 0 
1 1 0 0.0838693 0.4 0 0.00659823 0.846328 0.0263715 0.00659823 0.846328 0.0263715 0.367879 0 0.365628 0 0.370145 0 
1 1 0 0.0889715 0.4 0 0.00688068 0.837887 0.0279976 0.00688068 0.837887 0.0279976 0.367879 0 0.365296 0 0.370481 0 
1 1 0 0.0941121 0.4 0 0.00717779 0.829487 0.0297126 0.00717779 0.829487 0.0297126 0.367879 0 0.364919 0 0.370864 0 
1 1 0 0.0992914 0.4 0 0.00749037 0.821131 0.0315186 0.00749037 0.821131 0.0315186 0.367879 0 0.36449 0 0.371301 0 
1 1 0 0.10451 0.4 0 0.00781929 0.81282 0.0334176 0.00781929 0.81282 0.0334176 0.367879 0 0.364003 0 0.371797 0 
1 1 0 0.109767 0.4 0 0.00816546 0.804557 0.0354118 0.00816546 0.804557 0.0354118 0.367879 0 0.363451 0 0.372362 0 
1 1 0 0.115063 0.4 0 0.00852984 0.796343 0.037503 0.00852984 0.796343 0.037503 0.367879 0 0.362828 0 0.373001 0 
1 1 0 0.120398 0.4 0 0.00891344 0.788182 0.0396934 0.00891344 0.788182 0.0396934 0.367879 0 0.362125 0 0.373725 0 
1 1 0 0.125773 0.4 0 0.00931729 0.780076 0.0419847 0.00931729 0.780076 0.0419847 0.367879 0 0.361335 0 0.374543 0 
1 1 0 0.131186 0.4 0 0.00974251 0.772026 0.0443788 0.00974251 0.772026 0.0443788 0.36788 0 0.360447 0 0.375465 0 
1 1 0 0.136638 0.4 0 0.0101902 0.764035 0.0468775 0.0101902 0.764035 0.0468775 0.36788 0 0.359453 0 0.376503 0 
1 1 0 0.142129 0.4 0 0.0106616 0.756107 0.0494823 0.0106616 0.756107 0.0494823 0.36788 0 0.358343 0 0.377669 0 
1 1 0 0.147658 0.4 0 0.0111579 0.748243 0.0521946 0.0111579 0.748243 0.0521946 0.36788 0 0.357105 0 0.378978 0 
1 1 0 0.153225 0.4 0 0.0116804 0.740445 0.0550159 0.0116804 0.740445 0.0550159 0.36788 0 0.355729 0 0.380445 0 
1 1 0 0.158829 0.4 0 0.0122304 0.732718 0.0579473 0.0122304 0.732718 0.0579473 0.36788 0 0.354203 0 0.382084 0 
1 1 0 0.164469 0.4 0 0.0128093 0.725062 0.0609896 0.0128093 0.725062 0.0609896 0.36788 0 0.352515 0 0.383913 0 
1 1 0 0.170146 0.4 0 0.0134184 0.717481 0.0641438 0.0134184 0.717481 0.0641438 0.36788 0 0.350652 0 0.385952 0 
1 1 0 0.175858 0.4 0 0.0140592 0.709976 0.0674103 0.0140592 0.709976 0.0674103 0.36788 0 0.348604 0 0.38822 0 
1 1 0 0.181603 0.4 0 0.0147332 0.702551 0.0707895 0.0147332 0.702551 0.0707895 0.36788 0 0.346356 0 0.390739 0 
1 1 0 0.187381 0.4 0 0.0154419 0.695206 0.0742813 0.0154419 0.695206 0.0742813 0.36788 0 0.393532 0 0.343898 0 
1 1 0 0.193191 0.4 0 0.0161868 0.687945 0.0778857 0.0161868 0.687945 0.0778857 0.36788 0 0.396623 0 0.341218 0 
1 1 0 0.19903 0.4 0 0.0169695 0.680768 0.0816021 0.0169695 0.680768 0.0816021 0.367881 0 0.400039 0 0.338304 0 
1 1 0 0.204897 0.4 0 0.0177916 0.673678 0.0854299 0.0177916 0.673678 0.0854299 0.367881 0 0.403808 0 0.335146 0 
1 1 0 0.210789 0.4 0 0.0186547 0.666675 0.0893682 0.0186547 0.666675 0.0893682 0.367881 0 0.407959 0 0.331736 0 
1 1 0 0.216704 0.4 0 0.0195605 0.659759 0.0934156 0.0195605 0.659759 0.0934156 0.367882 0 0.412525 0 0.328063 0 
1 1 0 0.22264 0.4 0 0.0205107 0.652931 0.0975709 0.0205107 0.652931 0.0975709 0.367882 0 0.41754 0 0.324123 0 
1 1 0 0.228593 0.4 0 0.021507 0.646191 0.101832 0.021507 0.646191 0.101832 0.367883 0 0.423038 0 0.31991 0 
1 1 0 0.23456 0.4 0 0.0225514 0.639538 0.106198 0.0225514 0.639538 0.106198 0.367884 0 0.429059 0 0.315419 0 
1 1 0 0.240537 0.4 0 0.0236456 0.632969 0.110666 0.0236456 0.632969 0.110666 0.367885 0 0.435644 0 0.310651 0 
1 1 0 0.246518 0.4 0 0.0247916 0.626484 0.115234 0.0247916 0.626484 0.115234 0.367887 0 0.442837 0 0.305604 0 
1 1 0 0.252499 0.4 0 0.0259917 0.620078 0.1199 0.0259917 0.620078 0.1199 0.367889 0 0.450683 0 0.300281 0 
1 1 0 0.258474 0.4 0 0.0272479 0.613748 0.124661 0.0272479 0.613748 0.124661 0.367891 0 0.459235 0 0.294688 0 
1 1 0 0.264436 0.4 0 0.0285627 0.607489 0.129516 0.0285627 0.607489 0.129516 0.367894 0 0.468547 0 0.288829 0 
1 1 0 0.270378 0.4 0 0.0299388 0.601296 0.134462 0.0299388 0.601296 0.134462 0.367898 0 0.478678 0 0.282713 0 
1 1 0 0.276291 0.4 0 0.0313789 0.595161 0.139497 0.0313789 0.595161 0.139497 0.367903 0 0.489693 0 0.27635 0 
1 1 0 0.282165 0.4 0 0.0328864 0.589078 0.144618 0.0328864 0.589078 0.144618 0.367909 0 0.501664 0 0.269751 0 
1 1 0 0.287988 0.4 0 0.0344649 0.583036 0.149825 0.0344649 0.583036 0.149825 0.367917 0 0.51467 0 0.262929 0 
1 1 0 0.293749 0.4 0 0.0361182 0.577025 0.155114 0.0361182 0.577025 0.155114 0.367926 0 0.528799 0 0.255897 0 
1 1 0 0.299431 0.4 0 0.0378509 0.571036 0.160485 0.0378509 0.571036 0.160485 0.367938 0 0.544148 0 0.248671 0 
1 1 0 0.305019 0.4 0 0.039668 0.565054 0.165937 0.039668 0.565054 0.165937 0.367953 0 0.56083 0 0.241264 0 
1 1 0 0.310492 0.4 0 0.0415752 0.559067 0.171467 0.0415752 0.559067 0.171467 0.367972 0 0.578971 0 0.233693 0 
1 1 0 0.315827 0.4 0 0.0435783 0.55306 0.177075 0.0435783 0.55306 0.177075 0.367995 0 0.225974 0 0.59871 0 
1 1 0 0.320998 0.4 0 0.0456843 0.547018 0.182759 0.0456843 0.547018 0.182759 0.368025 0 0.218121 0 0.620214 0 
1 1 0 0.325975 0.4 0 0.0479006 0.540924 0.18852 0.0479006 0.540924 0.18852 0.368062 0 0.210151 0 0.643672 0 
1 1 0 0.33072 0.4 0 0.0502347 0.534761 0.194356 0.0502347 0.534761 0.194356 0.368108 0 0.202078 0 0.669301 0 
1 1 0 0.335192 0.4 0 0.0526942 0.528514 0.200265 0.0526942 0.528514 0.200265 0.368166 0 0.193919 0 0.697352 0 
1 1 0 0.339341 0.4 0 0.0552862 0.522166 0.206246 0.0552862 0.522166 0.206246 0.368239 0 0.18569 0 0.728113 0 
1 1 0 0.343108 0.4 0 0.0580162 0.515704 0.212296 0.0580162 0.515704 0.212296 0.368331 0 0.177407 0 0.761916 0 
1 1 0 0.346425 0.4 0 0.0608872 0.509117 0.218409 0.0608872 0.509117 0.218409 0.368445 0 0.169092 0 0.799137 0 
1 1 0 0.349212 0.4 0 0.0638976 0.502402 0.224579 0.0638976 0.502402 0.224579 0.368587 0 0.160765 0 0.840202 0 
1 1 0 0.351377 0.4 0 0.0670386 0.495561 0.230796 0.0670386 0.495561 0.230796 0.368763 0 0.152456 0 0.885575 0 
1 1 0 0.352816 0.4 0 0.0702907 0.48861 0.237044 0.0702907 0.48861 0.237044 0.368978 0 0.144196 0 0.935753 0 
1 1 0 0.353418 0.4 0 0.0736201 0.48158 0.243301 0.0736201 0.48158 0.243301 0.369237 0 0.13603 0 0.991232 0 
1 1 0 0.353428 0.4 0 0.0740979 0.480575 0.244191 0.0740979 0.480575 0.244191 0.369278 0 0.134877 0 0.999595 0 
2 1 0 0.352931 0.4 0 0.0774495 0.473523 0.25042 0.0774495 0.473523 0.25042 0.369589 0 0.126884 0 1.06167 0 
2 1 0 0.35136 0.4 0 0.0807387 0.466538 0.256578 0.0807387 0.466538 0.256578 0.369942 0 0.119113 0 1.12986 0 
2 1 0 0.34864 0.4 0 0.083868 0.459727 0.262613 0.083868 0.459727 0.262613 0.370326 0 0.111642 0 1.20422 0 
2 1 0 0.344746 0.4 0 0.086729 0.453214 0.268464 0.086729 0.453214 0.268464 0.370722 0 0.10455 0 1.28453 0 
2 1 0 0.339719 0.4 0 0.0892179 0.447123 0.274072 0.0892179 0.447123 0.274072 0.371103 0 0.0979074 0 1.37027 0 
2 1 0 0.333666 0.4 0 0.0912548 0.44156 0.279389 0.0912548 0.44156 0.279389 0.371442 0 0.0917634 0 1.46068 0 
2 1 0 0.326741 0.4 0 0.0927964 0.436592 0.284387 0.0927964 0.436592 0.284387 0.371714 0 0.0861355 0 1.55498 0 
2 1 0 0.319115 0.4 0 0.0938381 0.432242 0.289061 0.0938381 0.432242 0.289061 0.371906 0 0.0810111 0 1.65249 0 
2 1 0 0.310953 0.4 0 0.0944063 0.428498 0.293424 0.0944063 0.428498 0.293424 0.37201 0 0.0763553 0 1.75276 0 
2 1 0 0.302393 0.4 0 0.0945465 0.425322 0.297501 0.0945465 0.425322 0.297501 0.372032 0 0.0721213 0 1.85555 0 
2 1 0 0.293545 0.4 0 0.0943123 0.422664 0.301322 0.0943123 0.422664 0.301322 0.371981 0 0.068259 0 1.96081 0 
2 1 0 0.284492 0.4 0 0.093758 0.420472 0.304919 0.093758 0.420472 0.304919 0.371869 0 0.0647209 0 2.06863 0 
2 1 0 0.275296 0.4 0 0.0929347 0.418694 0.308321 0.0929347 0.418694 0.308321 0.371708 0 0.0614645 0 2.17916 0 
2 1 0 0.265998 0.4 0 0.091888 0.417281 0.311557 0.091888 0.417281 0.311557 0.371513 0 0.0584535 0 2.29262 0 
2 1 0 0.256631 0.4 0 0.0906582 0.416193 0.314647 0.0906582 0.416193 0.314647 0.371293 0 0.0556574 0 2.40922 0 
2 1 0 0.247215 0.4 0 0.0892798 0.415393 0.317614 0.0892798 0.415393 0.317614 0.37106 0 0.0530508 0 2.52919 0 
2 1 0 0.237765 0.4 0 0.0877828 0.414848 0.320472 0.0877828 0.414848 0.320472 0.370821 0 0.0506128 0 2.65272 0 
2 1 0 0.228293 0.4 0 0.0861926 0.414532 0.323238 0.0861926 0.414532 0.323238 0.370582 0 0.0483262 0 2.78003 0 
2 1 0 0.218805 0.4 0 0.0845314 0.414422 0.325922 0.0845314 0.414422 0.325922 0.370348 0 2.91128 0 0.0461766 0 
2 1 0 0.209306 0.4 0 0.0828181 0.414496 0.328536 0.0828181 0.414496 0.328536 0.370124 0 0.0441521 0 3.04662 0 
2 1 0 0.1998 0.4 0 0.081069 0.414737 0.331087 0.081069 0.414737 0.331087 0.369912 0 0.0422423 0 3.18618 0 
2 1 0 0.190287 0.4 0 0.0792984 0.41513 0.333583 0.0792984 0.41513 0.333583 0.369712 0 0.0404389 0 3.33007 0 
2 1 0 0.18077 0.4 0 0.0775184 0.415663 0.336031 0.0775184 0.415663 0.336031 0.369527 0 0.038734 0 3.47838 0 
2 1 0 0.17125 0.4 0 0.0757401 0.416322 0.338435 0.0757401 0.416322 0.338435 0.369357 0 0.0371216 0 3.63114 0 
2 1 0 0.161726 0.4 0 0.0739726 0.417098 0.340801 0.0739726 0.417098 0.340801 0.369201 0 0.0355959 0 3.78838 0 
2 1 0 0.1522 0.4 0 0.0722244 0.417982 0.343131 0.0722244 0.417982 0.343131 0.36906 0 0.0341518 0 3.95008 0 
2 1 0 0.142672 0.4 0 0.0705024 0.418966 0.345429 0.0705024 0.418966 0.345429 0.368932 0 0.0327846 0 4.11623 0 
2 1 0 0.13314 0.4 0 0.068813 0.420044 0.347698 0.068813 0.420044 0.347698 0.368818 0 0.0314903 0 4.28675 0 
2 1 0 0.123606 0.4 0 0.0671615 0.421207 0.34994 0.0671615 0.421207 0.34994 0.368715 0 0.030265 0 4.46154 0 
2 1 0 0.114069 0.4 0 0.0655527 0.422453 0.352157 0.0655527 0.422453 0.352157 0.368623 0 0.0291052 0 4.64048 0 
2 1 0 0.104529 0.4 0 0.0639906 0.423774 0.354351 0.0639906 0.423774 0.354351 0.368542 0 0.0280076 0 4.82341 0 
2 1 0 0.0949864 0.4 0 0.0624786 0.425167 0.356523 0.0624786 0.425167 0.356523 0.368469 0 0.026969 0 5.01015 0 
2 1 0 0.0854409 0.4 0 0.0610196 0.426628 0.358674 0.0610196 0.426628 0.358674 0.368405 0 0.0259866 0 5.20045 0 
2 1 0 0.0758927 0.4 0 0.059616 0.428153 0.360806 0.059616 0.428153 0.360806 0.368349 0 0.0250577 0 5.39407 0 
2 1 0 0.066342 0.4 0 0.0582698 0.42974 0.362919 0.0582698 0.42974 0.362919 0.368299 0 0.0241796 0 5.5907 0 
2 1 0 0.056789 0.4 0 0.0569824 0.431384 0.365013 0.0569824 0.431384 0.365013 0.368255 0 0.02335 0 5.79004 0 
2 1 0 0.047234 0.4 0 0.055755 0.433084 0.367089 0.055755 0.433084 0.367089 0.368216 0 0.0225664 0 5.99171 0 
2 1 0 0.0376772 0.4 0 0.0545883 0.434837 0.369148 0.0545883 0.434837 0.369148 0.368182 0 0.0218267 0 6.19533 0 
2 1 0 0.028119 0.4 0 0.0534827 0.436642 0.37119 0.0534827 0.436642 0.37119 0.368153 0 0.0211289 0 6.40048 0 
2 1 0 0.0185598 0.4 0 0.0524383 0.438496 0.373215 0.0524383 0.438496 0.373215 0.368127 0 0.0204708 0 6.60671 0 
2 1 0 0.00900002 0.4 0 0.0514549 0.440397 0.375224 0.0514549 0.440397 0.375224 0.368104 0 0.0198506 0 6.81353 0 
2 1 0 -0.000559953 0.4 0 0.050532 0.442345 0.377215 0.050532 0.442345 0.377215 0.368083 0 0.0192666 0 7.02045 0 
1 1 0 0 0.4 0 1 0.00601027 0.0101362 1 0.00601027 0.0101362 1 0 0.118965 0 0.000141895 0 
1 1 0 0.000894276 0.4 0 0.998213 0.0060539 0.0102081 0.998213 0.0060539 0.0102081 0.367535 0 0.368224 0 0.367879 0 
1 1 0 0.00178981 0.4 0 0.996427 0.00609948 0.0102805 0.996427 0.00609948 0.0102805 0.367529 0 0.36823 0 0.367879 0 
1 1 0 0.00358464 0.4 0 0.992856 0.00619654 0.0104272 0.992856 0.00619654 0.0104272 0.367516 0 0.368243 0 0.367879 0 
1 1 0 0.00718955 0.4 0 0.985724 0.00641459 0.0107282 0.985724 0.00641459 0.0107282 0.367489 0 0.36827 0 0.367879 0 
1 1 0 0.0117246 0.4 0 0.976826 0.00673285 0.0111188 0.976826 0.00673285 0.0111188 0.367452 0 0.368307 0 0.367879 0 
1 1 0 0.0162921 0.4 0 0.967947 0.0071031 0.0115263 0.967947 0.0071031 0.0115263 0.367411 0 0.368349 0 0.367879 0 
1 1 0 0.0208926 0.4 0 0.959088 0.00752668 0.0119515 0.959088 0.00752668 0.0119515 0.367365 0 0.368395 0 0.367879 0 
1 1 0 0.0255266 0.4 0 0.95025 0.00800499 0.012395 0.95025 0.00800499 0.012395 0.367313 0 0.368447 0 0.367879 0 
1 1 0 0.0301945 0.4 0 0.941434 0.00853943 0.0128578 0.941434 0.00853943 0.0128578 0.367256 0 0.368504 0 0.367879 0 
1 1 0 0.0348969 0.4 0 0.932642 0.0091315 0.0133408 0.932642 0.0091315 0.0133408 0.367191 0 0.368569 0 0.367879 0 
1 1 0 0.0396341 0.4 0 0.923873 0.00978269 0.013845 0.923873 0.00978269 0.013845 0.367119 0 0.368641 0 0.367879 0 
1 1 0 0.0444068 0.4 0 0.91513 0.0104946 0.0143712 0.91513 0.0104946 0.0143712 0.367038 0 0.368723 0 0.367879 0 
1 1 0 0.0492154 0.4 0 0.906413 0.0112687 0.0149206 0.906413 0.0112687 0.0149206 0.366946 0 0.368815 0 0.36788 0 
1 1 0 0.0540603 0.4 0 0.897724 0.0121068 0.0154941 0.897724 0.0121068 0.0154941 0.366842 0 0.368919 0 0.36788 0 
1 1 0 0.0589421 0.4 0 0.889064 0.0130104 0.0160929 0.889064 0.0130104 0.0160929 0.366725 0 0.369037 0 0.36788 0 
1 1 0 0.0638611 0.4 0 0.880434 0.0139814 0.0167181 0.880434 0.0139814 0.0167181 0.366592 0 0.369171 0 0.36788 0 
1 1 0 0.0688179 0.4 0 0.871835 0.0150214 0.0173709 0.871835 0.0150214 0.0173709 0.366442 0 0.369322 0 0.36788 0 
1 1 0 0.0738128 0.4 0 0.86327 0.0161323 0.0180524 0.86327 0.0161323 0.0180524 0.366271 0 0.369495 0 0.36788 0 
1 1 0 0.0788462 0.4 0 0.85474 0.0173158 0.0187639 0.85474 0.0173158 0.0187639 0.366077 0 0.369691 0 0.36788 0 
1 1 0 0.0839186 0.4 0 0.846246 0.0185739 0.0195068 0.846246 0.0185739 0.0195068 0.365856 0 0.369914 0 0.36788 0 
1 1 0 0.0890303 0.4 0 0.837791 0.0199083 0.0202822 0.837791 0.0199083 0.0202822 0.365605 0 0.370167 0 0.36788 0 
1 1 0 0.0941817 0.4 0 0.829375 0.021321 0.0210916 0.829375 0.021321 0.0210916 0.36532 0 0.370456 0 0.36788 0 
1 1 0 0.099373 0.4 0 0.821001 0.022814 0.0219363 0.821001 0.022814 0.0219363 0.364996 0 0.370784 0 0.367881 0 
1 1 0 0.104605 0.4 0 0.812671 0.024389 0.0228178 0.812671 0.024389 0.0228178 0.364629 0 0.371157 0 0.367881 0 
1 1 0 0.109877 0.4 0 0.804388 0.026048 0.0237373 0.804388 0.026048 0.0237373 0.364213 0 0.371581 0 0.367882 0 
1 1 0 0.115189 0.4 0 0.796152 0.027793 0.0246964 0.796152 0.027793 0.0246964 0.363741 0 0.372062 0 0.367882 0 
1 1 0 0.120543 0.4 0 0.787967 0.0296258 0.0256964 0.787967 0.0296258 0.0256964 0.363208 0 0.372607 0 0.367883 0 
1 1 0 0.125938 0.4 0 0.779835 0.0315484 0.0267387 0.779835 0.0315484 0.0267387 0.362607 0 0.373224 0 0.367884 0 
1 1 0 0.131373 0.4 0 0.771758 0.0335624 0.0278249 0.771758 0.0335624 0.0278249 0.361929 0 0.373921 0 0.367886 0 
1 1 0 0.136849 0.4 0 0.763739 0.0356698 0.0289562 0.763739 0.0356698 0.0289562 0.361167 0 0.374709 0 0.367887 0 
1 1 0 0.142366 0.4 0 0.755781 0.0378723 0.030134 0.755781 0.0378723 0.030134 0.360311 0 0.375597 0 0.36789 0 
1 1 0 0.147924 0.4 0 0.747885 0.0401714 0.0313596 0.747885 0.0401714 0.0313596 0.359352 0 0.376597 0 0.367892 0 
1 1 0 0.153522 0.4 0 0.740055 0.0425688 0.0326343 0.740055 0.0425688 0.0326343 0.358279 0 0.37772 0 0.367896 0 
1 1 0 0.159161 0.4 0 0.732294 0.0450659 0.0339593 0.732294 0.0450659 0.0339593 0.357083 0 0.378981 0 0.3679 0 
1 1 0 0.164838 0.4 0 0.724604 0.047664 0.0353358 0.724604 0.047664 0.0353358 0.355752 0 0.380394 0 0.367905 0 
1 1 0 0.170555 0.4 0 0.716987 0.0503643 0.0367647 0.716987 0.0503643 0.0367647 0.354274 0 0.381974 0 0.367912 0 
1 1 0 0.176309 0.4 0 0.709448 0.0531679 0.0382472 0.709448 0.0531679 0.0382472 0.352637 0 0.383739 0 0.36792 0 
1 1 0 0.182101 0.4 0 0.701987 0.0560755 0.039784 0.701987 0.0560755 0.039784 0.350829 0 0.385706 0 0.36793 0 
1 1 0 0.187929 0.4 0 0.694608 0.059088 0.041376 0.694608 0.059088 0.041376 0.348837 0 0.387895 0 0.367942 0 
1 1 0 0.193792 0.4 0 0.687314 0.0622056 0.0430238 0.687314 0.0622056 0.0430238 0.346648 0 0.390329 0 0.367957 0 
1 1 0 0.199689 0.4 0 0.680106 0.0654287 0.0447282 0.680106 0.0654287 0.0447282 0.34425 0 0.393027 0 0.367976 0 
1 1 0 0.205618 0.4 0 0.672986 0.0687572 0.0464896 0.672986 0.0687572 0.0464896 0.341631 0 0.396016 0 0.367998 0 
1 1 0 0.211576 0.4 0 0.665956 0.0721909 0.0483086 0.665956 0.0721909 0.0483086 0.338778 0 0.399321 0 0.368026 0 
1 1 0 0.217563 0.4 0 0.659018 0.0757294 0.0501856 0.659018 0.0757294 0.0501856 0.335681 0 0.402969 0 0.368059 0 
1 1 0 0.223575 0.4 0 0.652172 0.0793717 0.0521211 0.652172 0.0793717 0.0521211 0.332329 0 0.406989 0 0.3681 0 
1 1 0 0.22961 0.4 0 0.645419 0.083117 0.0541157 0.645419 0.083117 0.0541157 0.328712 0 0.411413 0 0.368149 0 
1 1 0 0.235663 0.4 0 0.638759 0.0869638 0.0561698 0.638759 0.0869638 0.0561698 0.324822 0 0.416273 0 0.368208 0 
1 1 0 0.241733 0.4 0 0.632191 0.0909106 0.0582844 0.632191 0.0909106 0.0582844 0.320652 0 0.421605 0 0.368279 0 
1 1 0 0.247814 0.4 0 0.625715 0.0949555 0.0604605 0.625715 0.0949555 0.0604605 0.316197 0 0.427446 0 0.368364 0 
1 1 0 0.253902 0.4 0 0.619327 0.0990963 0.0626994 0.619327 0.0990963 0.0626994 0.311454 0 0.433836 0 0.368466 0 
1 1 0 0.259991 0.4 0 0.613026 0.103331 0.0650029 0.613026 0.103331 0.0650029 0.306419 0 0.440819 0 0.368588 0 
1 1 0 0.266076 0.4 0 0.606808 0.107656 0.0673734 0.606808 0.107656 0.0673734 0.301093 0 0.448439 0 0.368733 0 
1 1 0 0.27215 0.4 0 0.600667 0.112069 0.069814 0.600667 0.112069 0.069814 0.295478 0 0.456748 0 0.368905 0 
1 1 0 0.278204 0.4 0 0.5946 0.116566 0.0723283 0.5946 0.116566 0.0723283 0.289576 0 0.465798 0 0.369111 0 
1 1 0 0.28423 0.4 0 0.588598 0.121145 0.0749213 0.588598 0.121145 0.0749213 0.283393 0 0.475648 0 0.369354 0 
1 1 0 0.290217 0.4 0 0.582655 0.1258 0.0775986 0.582655 0.1258 0.0775986 0.276933 0 0.486361 0 0.369643 0 
1 1 0 0.296156 0.4 0 0.576761 0.130528 0.0803676 0.576761 0.130528 0.0803676 0.270205 0 0.498009 0 0.369986 0 
1 1 0 0.302032 0.4 0 0.570908 0.135324 0.0832365 0.570908 0.135324 0.0832365 0.263218 0 0.510669 0 0.370392 0 
1 1 0 0.307831 0.4 0 0.565084 0.140182 0.0862154 0.565084 0.140182 0.0862154 0.255979 0 0.524427 0 0.370875 0 
1 1 0 0.313537 0.4 0 0.559279 0.145097 0.089316 0.559279 0.145097 0.089316 0.248499 0 0.539379 0 0.371448 0 
1 1 0 0.319131 0.4 0 0.553481 0.150062 0.0925515 0.553481 0.150062 0.0925515 0.240788 0 0.555633 0 0.372128 0 
1 1 0 0.32459 0.4 0 0.547677 0.155068 0.0959363 0.547677 0.155068 0.0959363 0.232858 0 0.573307 0 0.372939 0 
1 1 0 0.32989 0.4 0 0.541855 0.160108 0.0994876 0.541855 0.160108 0.0994876 0.224719 0 0.592539 0 0.373904 0 
1 1 0 0.335006 0.4 0 0.536002 0.165169 0.103224 0.536002 0.165169 0.103224 0.21638 0 0.613482 0 0.375057 0 
1 1 0 0.339904 0.4 0 0.530107 0.170241 0.107164 0.530107 0.170241 0.107164 0.207855 0 0.636307 0 0.376435 0 
1 1 0 0.344551 0.4 0 0.52416 0.175309 0.11133 0.52416 0.175309 0.11133 0.199154 0 0.661208 0 0.378085 0 
1 1 0 0.348907 0.4 0 0.518152 0.180355 0.115742 0.518152 0.180355 0.115742 0.190294 0 0.688398 0 0.380061 0 
1 1 0 0.352928 0.4 0 0.512078 0.185359 0.120421 0.512078 0.185359 0.120421 0.181289 0 0.718114 0 0.382429 0 
1 1 0 0.356566 0.4 0 0.505936 0.190297 0.125387 0.505936 0.190297 0.125387 0.172163 0 0.750616 0 0.385265 0 
1 1 0 0.359768 0.4 0 0.499729 0.195141 0.130656 0.499729 0.195141 0.130656 0.16294 0 0.786183 0 0.388657 0 
1 1 0 0.362476 0.4 0 0.493466 0.199858 0.136242 0.493466 0.199858 0.136242 0.153654 0 0.825108 0 0.3927 0 
1 1 0 0.364629 0.4 0 0.487162 0.204409 0.142151 0.487162 0.204409 0.142151 0.144349 0 0.867692 0 0.397499 0 
1 1 0 0.366163 0.4 0 0.480841 0.20875 0.148383 0.480841 0.20875 0.148383 0.135079 0 0.914229 0 0.403157 0 
1 1 0 0.367016 0.4 0 0.474534 0.212831 0.154928 0.474534 0.212831 0.154928 0.125908 0 0.964984 0 0.409772 0 
1 1 0 0.367176 0.4 0 0.47055 0.215265 0.159242 0.47055 0.215265 0.159242 0.120166 0 0.999542 0 0.414508 0 
2 1 0 0.366783 0.4 0 0.464361 0.218801 0.166244 0.464361 0.218801 0.166244 0.111333 0 1.05762 0 0.422829 0 
2 1 0 0.365563 0.4 0 0.458316 0.221922 0.173471 0.458316 0.221922 0.173471 0.102825 0 1.12029 0 0.432203 0 
2 1 0 0.363482 0.4 0 0.452482 0.224569 0.180862 0.452482 0.224569 0.180862 0.094739 0 1.18748 0 0.44255 0 
2 1 0 0.360528 0.4 0 0.446929 0.226685 0.188344 0.446929 0.226685 0.188344 0.0871648 0 1.25898 0 0.453689 0 
2 1 0 0.356713 0.4 0 0.44173 0.228221 0.195831 0.44173 0.228221 0.195831 0.0801784 0 1.33445 0 0.465326 0 
2 1 0 0.352077 0.4 0 0.436952 0.229147 0.203235 0.436952 0.229147 0.203235 0.0738335 0 1.41349 0 0.477059 0 
2 1 0 0.346685 0.4 0 0.432651 0.229451 0.210469 0.432651 0.229451 0.210469 0.0681562 0 1.49566 0 0.488403 0 
2 1 0 0.340617 0.4 0 0.428866 0.229144 0.217453 0.428866 0.229144 0.217453 0.0631433 0 1.58061 0 0.498842 0 
2 1 0 0.333968 0.4 0 0.425621 0.228256 0.224121 0.425621 0.228256 0.224121 0.0587659 0 1.66811 0 0.507886 0 
2 1 0 0.326831 0.4 0 0.422917 0.226839 0.230426 0.422917 0.226839 0.230426 0.0549746 0 1.75803 0 0.515143 0 
2 1 0 0.319296 0.4 0 0.420738 0.224957 0.236336 0.420738 0.224957 0.236336 0.0517068 0 1.8504 0 0.520361 0 
2 1 0 0.31144 0.4 0 0.419056 0.222683 0.24184 0.419056 0.222683 0.24184 0.0488939 0 1.94529 0 0.523453 0 
2 1 0 0.303331 0.4 0 0.417832 0.22009 0.246941 0.417832 0.22009 0.246941 0.0464672 0 2.04284 0 0.524489 0 
2 1 0 0.295022 0.4 0 0.41702 0.217249 0.251656 0.41702 0.217249 0.251656 0.0443618 0 2.1432 0 0.523656 0 
2 1 0 0.286555 0.4 0 0.416574 0.214223 0.256009 0.416574 0.214223 0.256009 0.0425196 0 2.2465 0 0.52122 0 
2 1 0 0.277962 0.4 0 0.416449 0.211068 0.260033 0.416449 0.211068 0.260033 0.0408903 0 2.35291 0 0.517478 0 
2 1 0 0.269267 0.4 0 0.416602 0.207829 0.26376 0.416602 0.207829 0.26376 0.0394318 0 2.46253 0 0.512729 0 
2 1 0 0.260489 0.4 0 0.416997 0.204544 0.267223 0.416997 0.204544 0.267223 0.0381095 0 2.57552 0 0.507244 0 
2 1 0 0.251641 0.4 0 0.417599 0.201242 0.270455 0.417599 0.201242 0.270455 0.0368956 0 2.69201 0 0.501263 0 
2 1 0 0.242733 0.4 0 0.418378 0.197946 0.273486 0.418378 0.197946 0.273486 0.0357678 0 2.81212 0 0.494983 0 
2 1 0 0.233774 0.4 0 0.419311 0.194674 0.276341 0.419311 0.194674 0.276341 0.0347087 0 2.93599 0 0.488567 0 
2 1 0 0.224768 0.4 0 0.420376 0.191442 0.279045 0.420376 0.191442 0.279045 0.0337046 0 3.06374 0 0.482142 0 
2 1 0 0.215719 0.4 0 0.421555 0.188259 0.281619 0.421555 0.188259 0.281619 0.032745 0 3.19553 0 0.475804 0 
2 1 0 0.206632 0.4 0 0.422832 0.185134 0.284082 0.422832 0.185134 0.284082 0.0318222 0 3.33145 0 0.469628 0 
2 1 0 0.19751 0.4 0 0.424194 0.182075 0.286448 0.424194 0.182075 0.286448 0.0309301 0 3.4716 0 0.463667 0 
2 1 0 0.188355 0.4 0 0.425629 0.179088 0.288734 0.425629 0.179088 0.288734 0.0300643 0 3.61609 0 0.457958 0 
2 1 0 0.179169 0.4 0 0.427128 0.176177 0.290949 0.427128 0.176177 0.290949 0.0292218 0 3.76501 0 0.452526 0 
2 1 0 0.169954 0.4 0 0.428682 0.173345 0.293106 0.428682 0.173345 0.293106 0.0284003 0 3.91842 0 0.447386 0 
2 1 0 0.16071 0.4 0 0.430285 0.170595 0.295213 0.430285 0.170595 0.295213 0.0275985 0 4.07638 0 0.442544 0 
2 1 0 0.151439 0.4 0 0.431929 0.167932 0.297278 0.431929 0.167932 0.297278 0.0268155 0 4.23892 0 0.438001 0 
2 1 0 0.142142 0.4 0 0.43361 0.165356 0.299308 0.43361 0.165356 0.299308 0.0260509 0 4.40606 0 0.433754 0 
2 1 0 0.132821 0.4 0 0.435322 0.16287 0.30131 0.435322 0.16287 0.30131 0.0253046 0 4.57778 0 0.429795 0 
2 1 0 0.123475 0.4 0 0.437061 0.160475 0.303288 0.437061 0.160475 0.303288 0.0245768 0 4.75406 0 0.426116 0 
2 1 0 0.114107 0.4 0 0.438824 0.158173 0.305246 0.438824 0.158173 0.305246 0.0238676 0 4.93481 0 0.422705 0 
2 1 0 0.104716 0.4 0 0.440606 0.155966 0.30719 0.440606 0.155966 0.30719 0.0231775 0 5.11996 0 0.41955 0 
2 1 0 0.0953043 0.4 0 0.442406 0.153854 0.309122 0.442406 0.153854 0.309122 0.0225068 0 5.30939 0 0.416638 0 
2 1 0 0.0858725 0.4 0 0.444219 0.151839 0.311045 0.444219 0.151839 0.311045 0.0218558 0 5.50294 0 0.413956 0 
2 1 0 0.0764213 0.4 0 0.446044 0.149921 0.312963 0.446044 0.149921 0.312963 0.021225 0 5.70044 0 0.411492 0 
2 1 0 0.0669519 0.4 0 0.447878 0.148101 0.314877 0.447878 0.148101 0.314877 0.0206146 0 5.90166 0 0.409231 0 
2 1 0 0.0574652 0.4 0 0.44972 0.14638 0.316789 0.44972 0.14638 0.316789 0.0200248 0 6.10636 0 0.407162 0 
2 1 0 0.0479622 0.4 0 0.451567 0.144757 0.318702 0.451567 0.144757 0.318702 0.0194557 0 6.31426 0 0.405272 0 
2 1 0 0.0384439 0.4 0 0.453418 0.143234 0.320617 0.453418 0.143234 0.320617 0.0189076 0 6.52504 0 0.40355 0 
2 1 0 0.0289114 0.4 0 0.45527 0.141809 0.322535 0.45527 0.141809 0.322535 0.0183803 0 6.73836 0 0.401984 0 
2 1 0 0.0193657 0.4 0 0.457124 0.140483 0.324458 0.457124 0.140483 0.324458 0.0178739 0 6.95383 0 0.400565 0 
2 1 0 0.00980773 0.4 0 0.458976 0.139256 0.326386 0.458976 0.139256 0.326386 0.0173882 0 7.17104 0 0.399283 0 
2 1 0 0.000238703 0.4 0 0.460825 0.138126 0.328321 0.460825 0.138126 0.328321 0.0169229 0 7.38954 0 0.398128 0 
2 1 0 -0.00934038 0.4 0 0.462672 0.137093 0.330264 0.462672 0.137093 0.330264 0.016478 0 7.60887 0 0.397093 0 
