1 1 0 0 0.4 0 0.00568206 0.0150568 1 0.00568206 0.0150568 1 1 0 0.119056 0 0.000141855 0 
1 1 0 0.000893617 0.4 0 0.00572333 0.0151627 0.998214 0.00572333 0.0151627 0.998214 0.367879 0 0.367378 0 0.368381 0 
1 1 0 0.00178848 0.4 0 0.00576653 0.0152696 0.996429 0.00576653 0.0152696 0.996429 0.367879 0 0.36737 0 0.36839 0 
1 1 0 0.00358194 0.4 0 0.00585878 0.0154859 0.992862 0.00585878 0.0154859 0.992862 0.367879 0 0.368408 0 0.367351 0 
1 1 0 0.00718395 0.4 0 0.00606692 0.0159293 0.985735 0.00606692 0.0159293 0.985735 0.367879 0 0.367313 0 0.368447 0 
1 1 0 0.011715 0.4 0 0.00637224 0.0165044 0.976844 0.00637224 0.0165044 0.976844 0.367879 0 0.36726 0 0.368499 0 
1 1 0 0.0162783 0.4 0 0.00672892 0.0171035 0.967973 0.00672892 0.0171035 0.967973 0.367879 0 0.367203 0 0.368557 0 
1 1 0 0.0208741 0.4 0 0.00713825 0.0177278 0.959123 0.00713825 0.0177278 0.959123 0.367879 0 0.367139 0 0.368621 0 
1 1 0 0.025503 0.4 0 0.00760159 0.0183784 0.950295 0.00760159 0.0183784 0.950295 0.367879 0 0.367069 0 0.368691 0 
1 1 0 0.0301653 0.4 0 0.00812031 0.0190563 0.941489 0.00812031 0.0190563 0.941489 0.367879 0 0.366992 0 0.368769 0 
1 1 0 0.0348616 0.4 0 0.00869583 0.0197629 0.932707 0.00869583 0.0197629 0.932707 0.367879 0 0.366908 0 0.368854 0 
1 1 0 0.0395922 0.4 0 0.00932963 0.0204992 0.92395 0.00932963 0.0204992 0.92395 0.367879 0 0.366814 0 0.368948 0 
1 1 0 0.0443577 0.4 0 0.0100232 0.0212666 0.915219 0.0100232 0.0212666 0.915219 0.367879 0 0.36671 0 0.369052 0 
1 1 0 0.0491583 0.4 0 0.010778 0.0220664 0.906516 0.010778 0.0220664 0.906516 0.367879 0 0.366596 0 0.369167 0 
1 1 0 0.0539946 0.4 0 0.0115958 0.0228999 0.897841 0.0115958 0.0228999 0.897841 0.36788 0 0.36647 0 0.369294 0 
1 1 0 0.0588669 0.4 0 0.012478 0.0237684 0.889196 0.012478 0.0237684 0.889196 0.36788 0 0.36633 0 0.369435 0 
1 1 0 0.0637757 0.4 0 0.0134263 0.0246734 0.880582 0.0134263 0.0246734 0.880582 0.36788 0 0.366175 0 0.369591 0 
1 1 0 0.0687212 0.4 0 0.0144424 0.0256164 0.872002 0.0144424 0.0256164 0.872002 0.36788 0 0.366004 0 0.369764 0 
1 1 0 0.0737039 0.4 0 0.015528 0.0265987 0.863456 0.015528 0.0265987 0.863456 0.36788 0 0.365814 0 0.369956 0 
1 1 0 0.0787241 0.4 0 0.0166849 0.0276219 0.854945 0.0166849 0.0276219 0.854945 0.36788 0 0.365604 0 0.370169 0 
1 1 0 0.083782 0.4 0 0.0179147 0.0286874 0.846473 0.0179147 0.0286874 0.846473 0.36788 0 0.36537 0 0.370405 0 
1 1 0 0.088878 0.4 0 0.0192192 0.0297968 0.838041 0.0192192 0.0297968 0.838041 0.36788 0 0.365111 0 0.370668 0 
1 1 0 0.0940123 0.4 0 0.0206003 0.0309515 0.829649 0.0206003 0.0309515 0.829649 0.367881 0 0.364823 0 0.37096 0 
1 1 0 0.0991851 0.4 0 0.0220597 0.0321531 0.821302 0.0220597 0.0321531 0.821302 0.367881 0 0.364504 0 0.371285 0 
1 1 0 0.104397 0.4 0 0.0235992 0.0334031 0.813 0.0235992 0.0334031 0.813 0.367882 0 0.371645 0 0.364149 0 
1 1 0 0.109647 0.4 0 0.0252206 0.0347029 0.804746 0.0252206 0.0347029 0.804746 0.367883 0 0.363756 0 0.372046 0 
1 1 0 0.114936 0.4 0 0.0269257 0.0360538 0.796542 0.0269257 0.0360538 0.796542 0.367884 0 0.372492 0 0.363319 0 
1 1 0 0.120265 0.4 0 0.0287163 0.0374574 0.788391 0.0287163 0.0374574 0.788391 0.367885 0 0.372988 0 0.362835 0 
1 1 0 0.125632 0.4 0 0.030594 0.0389149 0.780294 0.030594 0.0389149 0.780294 0.367887 0 0.373538 0 0.362299 0 
1 1 0 0.131038 0.4 0 0.0325605 0.0404275 0.772255 0.0325605 0.0404275 0.772255 0.36789 0 0.361704 0 0.37415 0 
1 1 0 0.136483 0.4 0 0.0346176 0.0419963 0.764275 0.0346176 0.0419963 0.764275 0.367893 0 0.361046 0 0.374828 0 
1 1 0 0.141967 0.4 0 0.0367667 0.0436224 0.756358 0.0367667 0.0436224 0.756358 0.367898 0 0.360318 0 0.37558 0 
1 1 0 0.14749 0.4 0 0.0390094 0.0453066 0.748506 0.0390094 0.0453066 0.748506 0.367904 0 0.359515 0 0.376414 0 
1 1 0 0.15305 0.4 0 0.0413472 0.0470498 0.740722 0.0413472 0.0470498 0.740722 0.367911 0 0.358628 0 0.377337 0 
1 1 0 0.158649 0.4 0 0.0437813 0.0488524 0.733008 0.0437813 0.0488524 0.733008 0.36792 0 0.357651 0 0.378358 0 
1 1 0 0.164285 0.4 0 0.0463129 0.0507149 0.725368 0.0463129 0.0507149 0.725368 0.367932 0 0.356576 0 0.379486 0 
1 1 0 0.169959 0.4 0 0.0489433 0.0526376 0.717803 0.0489433 0.0526376 0.717803 0.367947 0 0.355396 0 0.380731 0 
1 1 0 0.175669 0.4 0 0.0516733 0.0546203 0.710318 0.0516733 0.0546203 0.710318 0.367966 0 0.354102 0 0.382103 0 
1 1 0 0.181415 0.4 0 0.0545038 0.0566629 0.702914 0.0545038 0.0566629 0.702914 0.36799 0 0.352686 0 0.383612 0 
1 1 0 0.187197 0.4 0 0.0574355 0.058765 0.695594 0.0574355 0.058765 0.695594 0.36802 0 0.385271 0 0.351139 0 
1 1 0 0.193014 0.4 0 0.0604688 0.0609259 0.688361 0.0604688 0.0609259 0.688361 0.368056 0 0.387091 0 0.349454 0 
1 1 0 0.198864 0.4 0 0.0636042 0.0631445 0.681217 0.0636042 0.0631445 0.681217 0.368102 0 0.389085 0 0.34762 0 
1 1 0 0.204749 0.4 0 0.0668418 0.0654198 0.674165 0.0668418 0.0654198 0.674165 0.368157 0 0.391266 0 0.34563 0 
1 1 0 0.210665 0.4 0 0.0701816 0.0677504 0.667205 0.0701816 0.0677504 0.667205 0.368226 0 0.393647 0 0.343475 0 
1 1 0 0.216614 0.4 0 0.0736234 0.0701346 0.660342 0.0736234 0.0701346 0.660342 0.368309 0 0.396243 0 0.341148 0 
1 1 0 0.222593 0.4 0 0.0771668 0.0725707 0.653575 0.0771668 0.0725707 0.653575 0.368409 0 0.33864 0 0.399068 0 
1 1 0 0.228601 0.4 0 0.0808111 0.0750564 0.646907 0.0808111 0.0750564 0.646907 0.368531 0 0.335945 0 0.402138 0 
1 1 0 0.234638 0.4 0 0.0845556 0.0775898 0.640339 0.0845556 0.0775898 0.640339 0.368677 0 0.333056 0 0.405466 0 
1 1 0 0.240702 0.4 0 0.0883992 0.0801685 0.633871 0.0883992 0.0801685 0.633871 0.368851 0 0.329966 0 0.409069 0 
1 1 0 0.246791 0.4 0 0.0923408 0.0827901 0.627505 0.0923408 0.0827901 0.627505 0.369059 0 0.326671 0 0.412962 0 
1 1 0 0.252905 0.4 0 0.096379 0.0854522 0.62124 0.096379 0.0854522 0.62124 0.369306 0 0.323166 0 0.417162 0 
1 1 0 0.259041 0.4 0 0.100512 0.0881525 0.615076 0.100512 0.0881525 0.615076 0.319448 0 0.421685 0 0.369597 0 
1 1 0 0.265197 0.4 0 0.104738 0.0908888 0.609012 0.104738 0.0908888 0.609012 0.315514 0 0.426547 0 0.36994 0 
1 1 0 0.271371 0.4 0 0.109056 0.0936589 0.603046 0.109056 0.0936589 0.603046 0.311363 0 0.431764 0 0.370342 0 
1 1 0 0.277561 0.4 0 0.113462 0.0964611 0.597179 0.113462 0.0964611 0.597179 0.306995 0 0.437355 0 0.370811 0 
1 1 0 0.283764 0.4 0 0.117956 0.099294 0.591406 0.117956 0.099294 0.591406 0.302409 0 0.443335 0 0.371356 0 
1 1 0 0.289977 0.4 0 0.122533 0.102157 0.585725 0.122533 0.102157 0.585725 0.297608 0 0.449721 0 0.371987 0 
1 1 0 0.296196 0.4 0 0.127192 0.105048 0.580133 0.127192 0.105048 0.580133 0.292594 0 0.456533 0 0.372717 0 
1 1 0 0.302417 0.4 0 0.131929 0.10797 0.574624 0.131929 0.10797 0.574624 0.287371 0 0.463785 0 0.373557 0 
1 1 0 0.308635 0.4 0 0.136741 0.110922 0.569196 0.136741 0.110922 0.569196 0.281942 0 0.471498 0 0.374521 0 
1 1 0 0.314845 0.4 0 0.141626 0.113906 0.56384 0.141626 0.113906 0.56384 0.276313 0 0.479689 0 0.375626 0 
1 1 0 0.321041 0.4 0 0.146579 0.116926 0.558552 0.146579 0.116926 0.558552 0.270489 0 0.488376 0 0.376888 0 
1 1 0 0.327217 0.4 0 0.151596 0.119986 0.553323 0.151596 0.119986 0.553323 0.264477 0 0.497578 0 0.378327 0 
1 1 0 0.333363 0.4 0 0.156673 0.123092 0.548146 0.156673 0.123092 0.548146 0.258282 0 0.507314 0 0.379967 0 
1 1 0 0.339473 0.4 0 0.161806 0.126249 0.543011 0.161806 0.126249 0.543011 0.251911 0 0.517601 0 0.381833 0 
1 1 0 0.345535 0.4 0 0.16699 0.129468 0.537908 0.16699 0.129468 0.537908 0.245372 0 0.528457 0 0.383956 0 
1 1 0 0.351539 0.4 0 0.172218 0.132757 0.532828 0.172218 0.132757 0.532828 0.238672 0 0.539898 0 0.38637 0 
1 1 0 0.357473 0.4 0 0.177484 0.136128 0.527758 0.177484 0.136128 0.527758 0.231817 0 0.551937 0 0.389118 0 
1 1 0 0.363323 0.4 0 0.182781 0.139595 0.522687 0.182781 0.139595 0.522687 0.224817 0 0.564582 0 0.392248 0 
1 1 0 0.369074 0.4 0 0.1881 0.143172 0.517602 0.1881 0.143172 0.517602 0.217679 0 0.577837 0 0.395818 0 
1 1 0 0.37471 0.4 0 0.193432 0.146875 0.512491 0.193432 0.146875 0.512491 0.210412 0 0.591693 0 0.399898 0 
1 1 0 0.380214 0.4 0 0.198765 0.150721 0.507342 0.198765 0.150721 0.507342 0.203029 0 0.60613 0 0.404569 0 
1 1 0 0.385565 0.4 0 0.204086 0.154726 0.502145 0.204086 0.154726 0.502145 0.195543 0 0.621105 0 0.40993 0 
1 1 0 0.390747 0.4 0 0.209382 0.158908 0.496889 0.209382 0.158908 0.496889 0.187969 0 0.636552 0 0.416098 0 
1 1 0 0.39574 0.4 0 0.214634 0.163284 0.491566 0.214634 0.163284 0.491566 0.180327 0 0.652373 0 0.423214 0 
1 1 0 0.400525 0.4 0 0.219826 0.167868 0.486169 0.219826 0.167868 0.486169 0.172639 0 0.668418 0 0.431448 0 
1 1 0 0.405087 0.4 0 0.224938 0.172674 0.480695 0.224938 0.172674 0.480695 0.164935 0 0.684482 0 0.441004 0 
1 1 0 0.409412 0.4 0 0.229948 0.177709 0.475142 0.229948 0.177709 0.475142 0.157246 0 0.700279 0 0.452133 0 
1 1 0 0.413493 0.4 0 0.234835 0.182981 0.469514 0.234835 0.182981 0.469514 0.149612 0 0.715421 0 0.465146 0 
1 1 0 0.417327 0.4 0 0.239576 0.188488 0.463814 0.239576 0.188488 0.463814 0.142075 0 0.729381 0 0.480446 0 
1 1 0 0.42092 0.4 0 0.244151 0.194228 0.45805 0.244151 0.194228 0.45805 0.134681 0 0.741432 0 0.498584 0 
1 1 0 0.424288 0.4 0 0.248538 0.200191 0.452232 0.248538 0.200191 0.452232 0.12748 0 0.75052 0 0.52037 0 
1 1 0 0.427458 0.4 0 0.25272 0.206363 0.44637 0.25272 0.206363 0.44637 0.120521 0 0.754969 0 0.547175 0 
1 1 0 0.430466 0.4 0 0.256681 0.212729 0.440475 0.256681 0.212729 0.440475 0.113851 0 0.751509 0 0.581894 0 
1 1 0 0.433365 0.4 0 0.260409 0.219264 0.434561 0.260409 0.219264 0.434561 0.10752 0 0.72924 0 0.634978 0 
1 1 0 0.436219 0.4 66.7775 0.263895 0.225944 0.428638 0.263895 0.225944 0.428638 0.101568 0 0.697034 0.0657791 0.697034 -0.0657791 
1 1 0 0.43911 0.4 40.0758 0.267137 0.232737 0.422722 0.267137 0.232737 0.422722 0.0960376 0 0.711177 0.112423 0.711177 -0.112423 
1 1 0 0.442131 0.4 30.5276 0.270135 0.239603 0.416829 0.270135 0.239603 0.416829 0.0909629 0 0.724205 0.151197 0.724205 -0.151197 
1 1 0 0.445392 0.4 25.2075 0.2729 0.246495 0.410979 0.2729 0.246495 0.410979 0.0863751 0 0.735751 0.187287 0.735751 -0.187287 
1 1 0 0.449014 0.4 21.706 0.275452 0.25335 0.405202 0.275452 0.25335 0.405202 0.0822994 0 0.745426 0.222013 0.745426 -0.222013 
1 1 0 0.453118 0.4 19.1864 0.277819 0.260092 0.399536 0.277819 0.260092 0.399536 0.0787536 0 0.752847 0.255752 0.752847 -0.255752 
1 1 0 0.457816 0.4 17.2687 0.280046 0.266627 0.394035 0.280046 0.266627 0.394035 0.0757436 0 0.757671 0.288523 0.757671 -0.288523 
1 1 0 0.463189 0.4 15.7507 0.282184 0.272854 0.388763 0.282184 0.272854 0.388763 0.073259 0 0.759653 0.320205 0.759653 -0.320205 
1 1 0 0.469268 0.4 14.5129 0.284289 0.278675 0.38379 0.284289 0.278675 0.38379 0.0712679 0 0.758702 0.350659 0.758702 -0.350659 
1 1 0 0.476026 0.4 13.4792 0.286412 0.284019 0.379179 0.286412 0.284019 0.379179 0.0697165 0 0.754906 0.379806 0.754906 -0.379806 
1 1 0 0.483388 0.4 12.5988 0.288591 0.288853 0.374974 0.288591 0.288853 0.374974 0.0685343 0 0.748509 0.407662 0.748509 -0.407662 
1 1 0 0.491252 0.4 11.8359 0.290847 0.29319 0.371197 0.290847 0.29319 0.371197 0.0676442 0 0.73984 0.434339 0.73984 -0.434339 
1 1 0 0.499512 0.4 11.1648 0.293184 0.297074 0.367845 0.293184 0.297074 0.367845 0.0669728 0 0.729235 0.460009 0.729235 -0.460009 
1 1 0 0.508074 0.4 10.5669 0.295596 0.300567 0.364902 0.295596 0.300567 0.364902 0.0664561 0 0.716989 0.484869 0.716989 -0.484869 
1 1 0 0.516865 0.4 10.0281 0.298074 0.303737 0.362344 0.298074 0.303737 0.362344 0.0660421 0 0.703332 0.50911 0.703332 -0.50911 
1 1 0 0.525825 0.4 9.5382 0.300603 0.306649 0.360144 0.300603 0.306649 0.360144 0.0656897 0 0.688425 0.532901 0.688425 -0.532901 
1 1 0 0.534911 0.4 9.08926 0.303173 0.309359 0.358276 0.303173 0.309359 0.358276 0.0653671 0 0.672379 0.556382 0.672379 -0.556382 
1 1 0 0.544092 0.4 8.6753 0.305771 0.311915 0.356716 0.305771 0.311915 0.356716 0.0650496 0 0.655256 0.579663 0.655256 -0.579663 
1 1 0 0.553341 0.4 8.29167 0.30839 0.314358 0.355442 0.30839 0.314358 0.355442 0.0647185 0 0.637092 0.602827 0.637092 -0.602827 
1 1 0 0.562641 0.4 7.93476 0.311021 0.316719 0.354435 0.311021 0.316719 0.354435 0.0643591 0 0.617896 0.625929 0.617896 -0.625929 
1 1 0 0.571976 0.4 7.60166 0.313659 0.319025 0.353677 0.313659 0.319025 0.353677 0.0639605 0 0.597664 0.649001 0.597664 -0.649001 
1 1 0 0.581336 0.4 7.29004 0.3163 0.321294 0.35315 0.3163 0.321294 0.35315 0.0635143 0 0.576379 0.672056 0.576379 -0.672056 
1 1 0 0.59071 0.4 6.99799 0.318941 0.323544 0.352841 0.318941 0.323544 0.352841 0.0630146 0 0.554021 0.695089 0.554021 -0.695089 
1 1 0 0.600091 0.4 6.72387 0.321579 0.325786 0.352734 0.321579 0.325786 0.352734 0.0624574 0 0.530565 0.718079 0.530565 -0.718079 
1 1 0 0.609473 0.4 6.46633 0.324213 0.328029 0.352817 0.324213 0.328029 0.352817 0.0618403 0 0.505983 0.740994 0.505983 -0.740994 
1 1 0 0.618851 0.4 6.22416 0.326842 0.33028 0.353077 0.326842 0.33028 0.353077 0.0611626 0 0.480253 0.763786 0.480253 -0.763786 
1 1 0 0.628222 0.4 5.99629 0.329465 0.332542 0.353502 0.329465 0.332542 0.353502 0.0604244 0 0.453351 0.786403 0.453351 -0.786403 
1 1 0 0.637584 0.4 5.7818 0.332081 0.33482 0.354081 0.332081 0.33482 0.354081 0.0596272 0 0.425261 0.80878 0.425261 -0.80878 
1 1 0 0.646933 0.4 5.57981 0.33469 0.337114 0.354803 0.33469 0.337114 0.354803 0.0587732 0 0.395969 0.830851 0.395969 -0.830851 
1 1 0 0.65627 0.4 5.38953 0.337292 0.339425 0.355657 0.337292 0.339425 0.355657 0.0578654 0 0.365467 0.852542 0.365467 -0.852542 
1 1 0 0.665592 0.4 5.21025 0.339886 0.341754 0.356636 0.339886 0.341754 0.356636 0.0569075 0 0.333756 0.873776 0.333756 -0.873776 
1 1 0 0.6749 0.4 5.04129 0.342472 0.344099 0.357728 0.342472 0.344099 0.357728 0.0559035 0 0.300845 0.894473 0.300845 -0.894473 
1 1 0 0.684193 0.4 4.88204 0.34505 0.346459 0.358926 0.34505 0.346459 0.358926 0.0548579 0 0.266746 0.914555 0.266746 -0.914555 
1 1 0 0.693472 0.4 4.73189 0.347619 0.348832 0.360221 0.347619 0.348832 0.360221 0.0537755 0 0.231483 0.933942 0.231483 -0.933942 
1 1 0 0.702737 0.4 4.59031 0.350178 0.351218 0.361606 0.350178 0.351218 0.361606 0.052661 0 0.195082 0.952559 0.195082 -0.952559 
1 1 0 0.71199 0.4 4.45678 0.352728 0.353613 0.363073 0.352728 0.353613 0.363073 0.0515195 0 0.157579 0.970331 0.157579 -0.970331 
1 1 0 0.721232 0.4 4.3308 0.355268 0.356016 0.364616 0.355268 0.356016 0.364616 0.0503559 0 0.119017 0.987187 0.119017 -0.987187 
1 1 0 0.725651 0.4 4.27304 0.35648 0.357169 0.365379 0.35648 0.357169 0.365379 0.0497927 0 0.100196 0.99491 0.100196 -0.99491 
2 1 0 0.734878 0.4 4.1574 0.359003 0.359581 0.367022 0.359003 0.359581 0.367022 0.048605 0 0.0601534 1.0103 0.0601534 -1.0103 
2 1 0 0.744096 0.4 4.04824 0.361516 0.361995 0.368724 0.361516 0.361995 0.368724 0.0474074 0 0.0191813 1.02461 0.0191813 -1.02461 
2 1 0 0.753306 0.4 3.94516 0.364016 0.364411 0.370481 0.364016 0.364411 0.370481 0.046204 0 -0.0226624 1.0378 -0.0226624 -1.0378 
2 1 0 0.76251 0.4 3.8478 0.366504 0.366826 0.372288 0.366504 0.366826 0.372288 0.0449992 0 -0.0653141 1.04983 -0.0653141 -1.04983 
2 1 0 0.77171 0.4 3.75579 0.368979 0.369238 0.374138 0.368979 0.369238 0.374138 0.0437968 0 -0.108707 1.06064 -0.108707 -1.06064 
2 1 0 0.780906 0.4 3.66883 0.37144 0.371647 0.376029 0.37144 0.371647 0.376029 0.0426006 0 -0.152772 1.07021 -0.152772 -1.07021 
2 1 0 0.7901 0.4 3.58659 0.373887 0.374049 0.377955 0.373887 0.374049 0.377955 0.041414 0 -0.197439 1.07852 -0.197439 -1.07852 
2 1 0 0.799293 0.4 3.50879 0.37632 0.376445 0.379912 0.37632 0.376445 0.379912 0.0402402 0 -0.242635 1.08553 -0.242635 -1.08553 
2 1 0 0.808487 0.4 3.43516 0.378738 0.378832 0.381898 0.378738 0.378832 0.381898 0.0390819 0 -0.28829 1.09124 -0.28829 -1.09124 
2 1 0 0.817681 0.4 3.36545 0.38114 0.381209 0.383907 0.38114 0.381209 0.383907 0.0379417 0 -0.334331 1.09564 -0.334331 -1.09564 
2 1 0 0.826878 0.4 3.29941 0.383527 0.383575 0.385938 0.383527 0.383575 0.385938 0.0368217 0 -0.380688 1.09872 -0.380688 -1.09872 
2 1 0 0.836078 0.4 3.23683 0.385897 0.385929 0.387987 0.385897 0.385929 0.387987 0.0357238 0 -0.427293 1.10049 -0.427293 -1.10049 
2 1 0 0.845282 0.4 3.1775 0.388251 0.38827 0.390051 0.388251 0.38827 0.390051 0.0346496 0 -0.474077 1.10096 -0.474077 -1.10096 
2 1 0 0.854491 0.4 3.12121 0.390588 0.390598 0.392128 0.390588 0.390598 0.392128 0.0336006 0 -0.520975 1.10014 -0.520975 -1.10014 
2 1 0 0.863706 0.4 3.06778 0.392909 0.392911 0.394215 0.392909 0.392911 0.394215 0.0325778 0 -0.567925 1.09805 -0.567925 -1.09805 
2 1 0 0.872927 0.4 3.01705 0.395212 0.395209 0.39631 0.395212 0.395209 0.39631 0.031582 0 -0.614866 1.0947 -0.614866 -1.0947 
2 1 0 0.882155 0.4 2.96885 0.397497 0.397491 0.398411 0.397497 0.397491 0.398411 0.030614 0 -0.661741 1.09013 -0.661741 -1.09013 
2 1 0 0.89139 0.4 2.92303 0.399765 0.399757 0.400516 0.399765 0.399757 0.400516 0.0296741 0 -0.708497 1.08436 -0.708497 -1.08436 
2 1 0 0.900633 0.4 2.87945 0.402015 0.402006 0.402624 0.402015 0.402006 0.402624 0.0287626 0 -0.755081 1.07741 -0.755081 -1.07741 
2 1 0 0.909885 0.4 2.83797 0.404248 0.404239 0.404732 0.404248 0.404239 0.404732 0.0278797 0 -0.801447 1.06933 -0.801447 -1.06933 
2 1 0 0.919145 0.4 2.79848 0.406462 0.406454 0.40684 0.406462 0.406454 0.40684 0.0270253 0 -0.84755 1.06014 -0.84755 -1.06014 
2 1 0 0.928414 0.4 2.76085 0.408658 0.408651 0.408945 0.408658 0.408651 0.408945 0.0261992 0 -0.893349 1.04988 -0.893349 -1.04988 
2 1 0 0.937692 0.4 2.72498 0.410837 0.410831 0.411047 0.410837 0.410831 0.411047 0.0254011 0 -0.938804 1.0386 -0.938804 -1.0386 
2 1 0 0.94698 0.4 2.69077 0.412997 0.412992 0.413145 0.412997 0.412992 0.413145 0.0246307 0 -0.983882 1.02631 -0.983882 -1.02631 
2 1 0 0.956277 0.4 2.65811 0.41514 0.415136 0.415237 0.41514 0.415136 0.415237 0.0238876 0 -1.02855 1.01307 -1.02855 -1.01307 
2 1 0 0.965584 0.4 2.62693 0.417264 0.417262 0.417323 0.417264 0.417262 0.417323 0.0231711 0 -1.07278 0.998908 -1.07278 -0.998908 
2 1 0 0.974901 0.4 2.59713 0.419371 0.419369 0.419401 0.419371 0.419369 0.419401 0.0224807 0 -1.11654 0.983867 -1.11654 -0.983867 
2 1 0 0.984227 0.4 2.56865 0.42146 0.421459 0.421471 0.42146 0.421459 0.421471 0.0218158 0 -1.15981 0.967983 -1.15981 -0.967983 
2 1 0 0.993564 0.4 2.5414 0.423531 0.423531 0.423533 0.423531 0.423531 0.423533 0.0211757 0 -1.20257 0.951295 -1.20257 -0.951295 
2 1 0 1.00291 0.4 2.51532 0.425584 0.425584 0.425585 0.425584 0.425584 0.425585 0.0205596 0 -1.2448 0.93384 -1.2448 -0.93384 
1 1 0 0 0.4 0 1 0.0114842 0.00787754 1 0.0114842 0.00787754 0.0205596 0 -1.2448 0.93384 -1.2448 -0.93384 
1 1 0 0.000893963 0.4 0 0.998214 0.0115662 0.00793352 0.998214 0.0115662 0.00793352 0.367559 0 0.3682 0 0.367879 0 
1 1 0 0.00178916 0.4 0 0.996428 0.0116505 0.00798998 0.996428 0.0116505 0.00798998 0.367553 0 0.368206 0 0.367879 0 
1 1 0 0.00358327 0.4 0 0.992859 0.0118259 0.00810433 0.992859 0.0118259 0.00810433 0.367541 0 0.368218 0 0.367879 0 
1 1 0 0.00718647 0.4 0 0.98573 0.0122044 0.00833893 0.98573 0.0122044 0.00833893 0.367514 0 0.368245 0 0.367879 0 
1 1 0 0.0117188 0.4 0 0.976837 0.0127304 0.0086436 0.976837 0.0127304 0.0086436 0.367476 0 0.368284 0 0.367879 0 
1 1 0 0.0162831 0.4 0 0.967964 0.0133167 0.00896156 0.967964 0.0133167 0.00896156 0.367431 0 0.368328 0 0.367879 0 
1 1 0 0.0208796 0.4 0 0.959113 0.0139651 0.00929342 0.959113 0.0139651 0.00929342 0.36738 0 0.36838 0 0.367879 0 
1 1 0 0.0255088 0.4 0 0.950284 0.014677 0.00963985 0.950284 0.014677 0.00963985 0.36732 0 0.36844 0 0.367879 0 
1 1 0 0.030171 0.4 0 0.941478 0.0154544 0.0100015 0.941478 0.0154544 0.0100015 0.367251 0 0.368509 0 0.367879 0 
1 1 0 0.0348668 0.4 0 0.932698 0.016299 0.0103792 0.932698 0.016299 0.0103792 0.367171 0 0.368589 0 0.367879 0 
1 1 0 0.0395964 0.4 0 0.923943 0.0172127 0.0107737 0.923943 0.0172127 0.0107737 0.367079 0 0.368682 0 0.367879 0 
1 1 0 0.0443602 0.4 0 0.915215 0.0181972 0.0111857 0.915215 0.0181972 0.0111857 0.366973 0 0.368788 0 0.36788 0 
1 1 0 0.0491586 0.4 0 0.906516 0.0192546 0.011616 0.906516 0.0192546 0.011616 0.366851 0 0.368911 0 0.36788 0 
1 1 0 0.0539919 0.4 0 0.897846 0.0203868 0.0120656 0.897846 0.0203868 0.0120656 0.366711 0 0.369052 0 0.36788 0 
1 1 0 0.0588605 0.4 0 0.889208 0.0215958 0.0125353 0.889208 0.0215958 0.0125353 0.36655 0 0.369214 0 0.36788 0 
1 1 0 0.0637647 0.4 0 0.880602 0.0228835 0.0130261 0.880602 0.0228835 0.0130261 0.366366 0 0.369399 0 0.36788 0 
1 1 0 0.0687047 0.4 0 0.87203 0.0242521 0.0135388 0.87203 0.0242521 0.0135388 0.366155 0 0.369612 0 0.36788 0 
1 1 0 0.0736808 0.4 0 0.863495 0.0257036 0.0140746 0.863495 0.0257036 0.0140746 0.365914 0 0.369855 0 0.36788 0 
1 1 0 0.0786933 0.4 0 0.854997 0.02724 0.0146344 0.854997 0.02724 0.0146344 0.365639 0 0.370133 0 0.36788 0 
1 1 0 0.0837422 0.4 0 0.846539 0.0288634 0.0152193 0.846539 0.0288634 0.0152193 0.365327 0 0.37045 0 0.36788 0 
1 1 0 0.0888279 0.4 0 0.838122 0.030576 0.0158304 0.838122 0.030576 0.0158304 0.364972 0 0.37081 0 0.36788 0 
1 1 0 0.0939504 0.4 0 0.829749 0.0323796 0.0164688 0.829749 0.0323796 0.0164688 0.364569 0 0.37122 0 0.36788 0 
1 1 0 0.0991097 0.4 0 0.821421 0.0342765 0.0171356 0.821421 0.0342765 0.0171356 0.364113 0 0.371685 0 0.36788 0 
1 1 0 0.104306 0.4 0 0.813141 0.0362685 0.0178321 0.813141 0.0362685 0.0178321 0.363597 0 0.372211 0 0.36788 0 
1 1 0 0.109539 0.4 0 0.804911 0.0383576 0.0185594 0.804911 0.0383576 0.0185594 0.363016 0 0.372807 0 0.36788 0 
1 1 0 0.114809 0.4 0 0.796733 0.0405457 0.0193187 0.796733 0.0405457 0.0193187 0.362361 0 0.37348 0 0.367881 0 
1 1 0 0.120116 0.4 0 0.78861 0.0428346 0.0201112 0.78861 0.0428346 0.0201112 0.361626 0 0.374239 0 0.367881 0 
1 1 0 0.125459 0.4 0 0.780544 0.045226 0.0209383 0.780544 0.045226 0.0209383 0.360802 0 0.375094 0 0.367881 0 
1 1 0 0.130838 0.4 0 0.772537 0.0477216 0.021801 0.772537 0.0477216 0.021801 0.359881 0 0.376054 0 0.367882 0 
1 1 0 0.136254 0.4 0 0.764592 0.0503227 0.0227007 0.764592 0.0503227 0.0227007 0.358852 0 0.377131 0 0.367882 0 
1 1 0 0.141704 0.4 0 0.756712 0.0530307 0.0236386 0.756712 0.0530307 0.0236386 0.357707 0 0.378338 0 0.367883 0 
1 1 0 0.14719 0.4 0 0.748899 0.0558469 0.0246159 0.748899 0.0558469 0.0246159 0.356435 0 0.379687 0 0.367884 0 
1 1 0 0.15271 0.4 0 0.741156 0.0587721 0.0256338 0.741156 0.0587721 0.0256338 0.355026 0 0.381194 0 0.367884 0 
1 1 0 0.158264 0.4 0 0.733485 0.0618072 0.0266935 0.733485 0.0618072 0.0266935 0.353467 0 0.382873 0 0.367886 0 
1 1 0 0.16385 0.4 0 0.725889 0.0649528 0.0277961 0.725889 0.0649528 0.0277961 0.35175 0 0.384741 0 0.367887 0 
1 1 0 0.169469 0.4 0 0.718371 0.0682093 0.0289428 0.718371 0.0682093 0.0289428 0.349861 0 0.386816 0 0.367889 0 
1 1 0 0.175119 0.4 0 0.710931 0.0715767 0.0301346 0.710931 0.0715767 0.0301346 0.347789 0 0.389118 0 0.367891 0 
1 1 0 0.180798 0.4 0 0.703574 0.075055 0.0313726 0.703574 0.075055 0.0313726 0.345524 0 0.391666 0 0.367894 0 
1 1 0 0.186506 0.4 0 0.6963 0.0786438 0.0326578 0.6963 0.0786438 0.0326578 0.343055 0 0.394482 0 0.367897 0 
1 1 0 0.192241 0.4 0 0.689111 0.0823424 0.0339912 0.689111 0.0823424 0.0339912 0.340369 0 0.397589 0 0.367901 0 
1 1 0 0.198001 0.4 0 0.68201 0.08615 0.0353737 0.68201 0.08615 0.0353737 0.337459 0 0.401013 0 0.367906 0 
1 1 0 0.203785 0.4 0 0.674996 0.0900655 0.0368064 0.674996 0.0900655 0.0368064 0.334315 0 0.404778 0 0.367912 0 
1 1 0 0.209591 0.4 0 0.668073 0.0940874 0.0382902 0.668073 0.0940874 0.0382902 0.330927 0 0.408913 0 0.367919 0 
1 1 0 0.215416 0.4 0 0.661238 0.0982142 0.0398259 0.661238 0.0982142 0.0398259 0.32729 0 0.413447 0 0.367928 0 
1 1 0 0.221257 0.4 0 0.654494 0.102444 0.0414147 0.654494 0.102444 0.0414147 0.323398 0 0.418411 0 0.367939 0 
1 1 0 0.227113 0.4 0 0.64784 0.106775 0.0430576 0.64784 0.106775 0.0430576 0.319246 0 0.423838 0 0.367952 0 
1 1 0 0.232978 0.4 0 0.641274 0.111204 0.0447557 0.641274 0.111204 0.0447557 0.314832 0 0.429762 0 0.367968 0 
1 1 0 0.238851 0.4 0 0.634796 0.11573 0.0465103 0.634796 0.11573 0.0465103 0.310155 0 0.43622 0 0.367987 0 
1 1 0 0.244727 0.4 0 0.628403 0.12035 0.048323 0.628403 0.12035 0.048323 0.305215 0 0.443252 0 0.36801 0 
1 1 0 0.250601 0.4 0 0.622093 0.125061 0.0501954 0.622093 0.125061 0.0501954 0.300016 0 0.450901 0 0.368037 0 
1 1 0 0.256467 0.4 0 0.615862 0.129861 0.0521296 0.615862 0.129861 0.0521296 0.29456 0 0.45921 0 0.368071 0 
1 1 0 0.262321 0.4 0 0.609707 0.134747 0.054128 0.609707 0.134747 0.054128 0.288856 0 0.468228 0 0.36811 0 
1 1 0 0.268154 0.4 0 0.603623 0.139717 0.0561934 0.603623 0.139717 0.0561934 0.28291 0 0.478006 0 0.368158 0 
1 1 0 0.273961 0.4 0 0.597603 0.144767 0.0583293 0.597603 0.144767 0.0583293 0.276731 0 0.488602 0 0.368216 0 
1 1 0 0.279731 0.4 0 0.591642 0.149896 0.0605397 0.591642 0.149896 0.0605397 0.270331 0 0.500076 0 0.368285 0 
1 1 0 0.285454 0.4 0 0.585732 0.155101 0.0628292 0.585732 0.155101 0.0628292 0.263721 0 0.512495 0 0.368368 0 
1 1 0 0.29112 0.4 0 0.579865 0.160379 0.0652036 0.579865 0.160379 0.0652036 0.256913 0 0.525933 0 0.368468 0 
1 1 0 0.296715 0.4 0 0.574033 0.165729 0.0676692 0.574033 0.165729 0.0676692 0.249922 0 0.540469 0 0.368588 0 
1 1 0 0.302223 0.4 0 0.568224 0.171147 0.0702338 0.568224 0.171147 0.0702338 0.242761 0 0.556195 0 0.368732 0 
1 1 0 0.307629 0.4 0 0.562429 0.176632 0.0729059 0.562429 0.176632 0.0729059 0.235445 0 0.573209 0 0.368905 0 
1 1 0 0.31291 0.4 0 0.556635 0.182181 0.0756955 0.556635 0.182181 0.0756955 0.227988 0 0.591623 0 0.369114 0 
1 1 0 0.318044 0.4 0 0.550833 0.18779 0.0786131 0.550833 0.18779 0.0786131 0.220406 0 0.611557 0 0.369366 0 
1 1 0 0.323005 0.4 0 0.545009 0.193458 0.0816716 0.545009 0.193458 0.0816716 0.212713 0 0.633151 0 0.369671 0 
1 1 0 0.327761 0.4 0 0.539151 0.19918 0.0848844 0.539151 0.19918 0.0848844 0.204924 0 0.656561 0 0.370041 0 
1 1 0 0.332277 0.4 0 0.533248 0.204952 0.0882661 0.533248 0.204952 0.0882661 0.197053 0 0.681956 0 0.370491 0 
1 1 0 0.336513 0.4 0 0.527288 0.210768 0.0918313 0.527288 0.210768 0.0918313 0.189116 0 0.709526 0 0.371039 0 
1 1 0 0.340422 0.4 0 0.521264 0.216621 0.0955951 0.521264 0.216621 0.0955951 0.181131 0 0.739477 0 0.371707 0 
1 1 0 0.343952 0.4 0 0.515169 0.222502 0.099571 0.515169 0.222502 0.099571 0.173113 0 0.77203 0 0.372522 0 
1 1 0 0.347044 0.4 0 0.509002 0.228399 0.10377 0.509002 0.228399 0.10377 0.165085 0 0.807418 0 0.373518 0 
1 1 0 0.349633 0.4 0 0.502767 0.234298 0.108201 0.502767 0.234298 0.108201 0.157067 0 0.845881 0 0.374733 0 
1 1 0 0.351651 0.4 0 0.496475 0.24018 0.112863 0.496475 0.24018 0.112863 0.149088 0 0.887653 0 0.37621 0 
1 1 0 0.353024 0.4 0 0.490146 0.246026 0.117751 0.490146 0.246026 0.117751 0.141178 0 0.932954 0 0.377998 0 
1 1 0 0.353683 0.4 0 0.483808 0.25181 0.122844 0.483808 0.25181 0.122844 0.133372 0 0.981971 0 0.380148 0 
1 1 0 0.353732 0.4 0 0.481651 0.253764 0.124624 0.481651 0.253764 0.124624 0.130741 0 0.999568 0 0.380972 0 
2 1 0 0.353326 0.4 0 0.475366 0.259424 0.129943 0.475366 0.259424 0.129943 0.12314 0 1.05377 0 0.383682 0 
2 1 0 0.352062 0.4 0 0.469179 0.264959 0.135374 0.469179 0.264959 0.135374 0.115744 0 1.11192 0 0.386853 0 
2 1 0 0.349902 0.4 0 0.46315 0.270341 0.140853 0.46315 0.270341 0.140853 0.1086 0 1.17397 0 0.390506 0 
2 1 0 0.346829 0.4 0 0.457342 0.275547 0.146305 0.457342 0.275547 0.146305 0.101756 0 1.23982 0 0.394637 0 
2 1 0 0.342851 0.4 0 0.451818 0.280557 0.15165 0.451818 0.280557 0.15165 0.0952521 0 1.30929 0 0.399214 0 
2 1 0 0.338004 0.4 0 0.446636 0.285358 0.156807 0.446636 0.285358 0.156807 0.089124 0 1.38214 0 0.404175 0 
2 1 0 0.332344 0.4 0 0.441844 0.289946 0.161702 0.441844 0.289946 0.161702 0.0833952 0 1.45812 0 0.409432 0 
2 1 0 0.32595 0.4 0 0.437477 0.294323 0.166271 0.437477 0.294323 0.166271 0.0780776 0 1.53698 0 0.414879 0 
2 1 0 0.318909 0.4 0 0.433555 0.2985 0.170468 0.433555 0.2985 0.170468 0.0731706 0 1.61852 0 0.420399 0 
2 1 0 0.311317 0.4 0 0.430084 0.302491 0.174261 0.430084 0.302491 0.174261 0.0686629 0 1.7026 0 0.425874 0 
2 1 0 0.303266 0.4 0 0.427056 0.306315 0.177635 0.427056 0.306315 0.177635 0.0645347 0 1.78916 0 0.431196 0 
2 1 0 0.294841 0.4 0 0.424454 0.309991 0.18059 0.424454 0.309991 0.18059 0.0607606 0 1.87819 0 0.436269 0 
2 1 0 0.286118 0.4 0 0.422255 0.313541 0.183134 0.422255 0.313541 0.183134 0.0573126 0 1.96978 0 0.441011 0 
2 1 0 0.277162 0.4 0 0.42043 0.316982 0.185283 0.42043 0.316982 0.185283 0.0541618 0 2.06403 0 0.445356 0 
2 1 0 0.268027 0.4 0 0.418951 0.320331 0.187057 0.418951 0.320331 0.187057 0.05128 0 2.16111 0 0.449253 0 
2 1 0 0.258757 0.4 0 0.417789 0.323601 0.18848 0.417789 0.323601 0.18848 0.0486409 0 2.2612 0 0.452665 0 
2 1 0 0.249388 0.4 0 0.416915 0.326805 0.189575 0.416915 0.326805 0.189575 0.04622 0 2.36448 0 0.455566 0 
2 1 0 0.239949 0.4 0 0.416304 0.329951 0.190368 0.416304 0.329951 0.190368 0.0439952 0 2.47115 0 0.457944 0 
2 1 0 0.230461 0.4 0 0.41593 0.333045 0.190882 0.41593 0.333045 0.190882 0.0419468 0 2.5814 0 0.459794 0 
2 1 0 0.220942 0.4 0 0.415773 0.336094 0.19114 0.415773 0.336094 0.19114 0.0400569 0 2.6954 0 0.461121 0 
2 1 0 0.211405 0.4 0 0.415812 0.339102 0.191164 0.415812 0.339102 0.191164 0.0383098 0 2.81333 0 0.461941 0 
2 1 0 0.20186 0.4 0 0.41603 0.342069 0.190975 0.41603 0.342069 0.190975 0.0366911 0 2.93532 0 0.462275 0 
2 1 0 0.192314 0.4 0 0.41641 0.344999 0.190595 0.41641 0.344999 0.190595 0.0351883 0 3.06152 0 0.462149 0 
2 1 0 0.182772 0.4 0 0.416939 0.347893 0.19004 0.416939 0.347893 0.19004 0.0337901 0 3.19201 0 0.461597 0 
2 1 0 0.173238 0.4 0 0.417603 0.35075 0.189329 0.417603 0.35075 0.189329 0.0324865 0 3.32689 0 0.460654 0 
2 1 0 0.163713 0.4 0 0.418392 0.353571 0.188479 0.418392 0.353571 0.188479 0.0312684 0 3.46623 0 0.45936 0 
2 1 0 0.1542 0.4 0 0.419295 0.356357 0.187505 0.419295 0.356357 0.187505 0.030128 0 3.61005 0 0.457755 0 
2 1 0 0.144699 0.4 0 0.420303 0.359107 0.186421 0.420303 0.359107 0.186421 0.0290583 0 3.75834 0 0.455879 0 
2 1 0 0.13521 0.4 0 0.421408 0.361821 0.18524 0.421408 0.361821 0.18524 0.0280531 0 3.91108 0 0.453773 0 
2 1 0 0.125733 0.4 0 0.422604 0.3645 0.183975 0.422604 0.3645 0.183975 0.0271067 0 4.06823 0 0.451476 0 
2 1 0 0.116267 0.4 0 0.423884 0.367142 0.182637 0.423884 0.367142 0.182637 0.0262143 0 4.2297 0 0.449023 0 
2 1 0 0.106812 0.4 0 0.425241 0.369749 0.181236 0.425241 0.369749 0.181236 0.0253715 0 4.3954 0 0.44645 0 
2 1 0 0.0973655 0.4 0 0.426672 0.372321 0.17978 0.426672 0.372321 0.17978 0.0245745 0 4.56518 0 0.443787 0 
2 1 0 0.0879278 0.4 0 0.428171 0.374858 0.178279 0.428171 0.374858 0.178279 0.0238198 0 4.73888 0 0.441064 0 
2 1 0 0.0784975 0.4 0 0.429735 0.377361 0.176739 0.429735 0.377361 0.176739 0.0231046 0 4.91632 0 0.438306 0 
2 1 0 0.0690738 0.4 0 0.431359 0.37983 0.175169 0.431359 0.37983 0.175169 0.0224262 0 5.09726 0 0.435535 0 
2 1 0 0.0596558 0.4 0 0.433041 0.382265 0.173572 0.433041 0.382265 0.173572 0.0217823 0 5.28147 0 0.432771 0 
2 1 0 0.0502427 0.4 0 0.434778 0.384666 0.171956 0.434778 0.384666 0.171956 0.0211707 0 5.46865 0 0.430031 0 
2 1 0 0.0408338 0.4 0 0.436566 0.387036 0.170324 0.436566 0.387036 0.170324 0.0205898 0 5.65852 0 0.427329 0 
2 1 0 0.0314284 0.4 0 0.438405 0.389373 0.168682 0.438405 0.389373 0.168682 0.0200377 0 5.85072 0 0.424678 0 
2 1 0 0.0220261 0.4 0 0.440292 0.39168 0.167032 0.440292 0.39168 0.167032 0.0195131 0 6.0449 0 0.422085 0 
2 1 0 0.0126264 0.4 0 0.442224 0.393955 0.165378 0.442224 0.393955 0.165378 0.0190147 0 6.24067 0 0.419561 0 
2 1 0 0.00322899 0.4 0 0.444202 0.3962 0.163722 0.444202 0.3962 0.163722 0.0185414 0 6.43762 0 0.417109 0 
2 1 0 -0.00616651 0.4 0 0.446222 0.398416 0.162068 0.446222 0.398416 0.162068 0.0180919 0 6.6353 0 0.414736 0 
1 1 0 0 0.4 0 0.00812623 1 0.0106198 0.00812623 1 0.0106198 0.0180919 0 6.6353 0 0.414736 0 
1 1 0 0.000894047 0.4 0 0.00818397 0.998213 0.0106958 0.00818397 0.998213 0.0106958 0.367879 0 0.368083 0 0.367676 0 
1 1 0 0.00178933 0.4 0 0.00824219 0.996428 0.010774 0.00824219 0.996428 0.010774 0.367879 0 0.368086 0 0.367673 0 
1 1 0 0.00358363 0.4 0 0.00836012 0.992858 0.0109371 0.00836012 0.992858 0.0109371 0.367879 0 0.368094 0 0.367665 0 
1 1 0 0.00718726 0.4 0 0.00860205 0.985729 0.0112904 0.00860205 0.985729 0.0112904 0.367879 0 0.368111 0 0.367648 0 
1 1 0 0.0117203 0.4 0 0.00891625 0.976834 0.0117839 0.00891625 0.976834 0.0117839 0.367879 0 0.368135 0 0.367624 0 
1 1 0 0.0162852 0.4 0 0.00924412 0.96796 0.0123365 0.00924412 0.96796 0.0123365 0.367879 0 0.367596 0 0.368163 0 
1 1 0 0.0208826 0.4 0 0.00958631 0.959107 0.0129496 0.00958631 0.959107 0.0129496 0.367879 0 0.368196 0 0.367563 0 
1 1 0 0.0255129 0.4 0 0.0099435 0.950276 0.0136251 0.0099435 0.950276 0.0136251 0.367879 0 0.368234 0 0.367525 0 
1 1 0 0.0301763 0.4 0 0.0103164 0.941469 0.0143646 0.0103164 0.941469 0.0143646 0.36788 0 0.368278 0 0.367481 0 
1 1 0 0.0348734 0.4 0 0.0107058 0.932685 0.0151699 0.0107058 0.932685 0.0151699 0.36788 0 0.368329 0 0.367431 0 
1 1 0 0.0396046 0.4 0 0.0111124 0.923928 0.0160427 0.0111124 0.923928 0.0160427 0.36788 0 0.367372 0 0.368387 0 
1 1 0 0.0443702 0.4 0 0.0115371 0.915197 0.0169849 0.0115371 0.915197 0.0169849 0.36788 0 0.367305 0 0.368455 0 
1 1 0 0.0491706 0.4 0 0.0119807 0.906494 0.0179983 0.0119807 0.906494 0.0179983 0.36788 0 0.367227 0 0.368533 0 
1 1 0 0.0540063 0.4 0 0.0124441 0.897821 0.0190849 0.0124441 0.897821 0.0190849 0.36788 0 0.367137 0 0.368623 0 
1 1 0 0.0588775 0.4 0 0.0129282 0.889178 0.0202466 0.0129282 0.889178 0.0202466 0.36788 0 0.367034 0 0.368727 0 
1 1 0 0.0637845 0.4 0 0.013434 0.880568 0.0214855 0.013434 0.880568 0.0214855 0.36788 0 0.366915 0 0.368846 0 
1 1 0 0.0687278 0.4 0 0.0139624 0.871991 0.0228034 0.0139624 0.871991 0.0228034 0.36788 0 0.366779 0 0.368983 0 
1 1 0 0.0737076 0.4 0 0.0145145 0.86345 0.0242025 0.0145145 0.86345 0.0242025 0.36788 0 0.366624 0 0.369139 0 
1 1 0 0.0787241 0.4 0 0.0150913 0.854946 0.0256847 0.0150913 0.854946 0.0256847 0.36788 0 0.366446 0 0.369318 0 
1 1 0 0.0837776 0.4 0 0.0156939 0.846481 0.0272522 0.0156939 0.846481 0.0272522 0.36788 0 0.366243 0 0.369523 0 
1 1 0 0.0888682 0.4 0 0.0163234 0.838057 0.0289069 0.0163234 0.838057 0.0289069 0.36788 0 0.366011 0 0.369757 0 
1 1 0 0.0939963 0.4 0 0.016981 0.829676 0.030651 0.016981 0.829676 0.030651 0.36788 0 0.365748 0 0.370023 0 
1 1 0 0.0991618 0.4 0 0.0176679 0.82134 0.0324865 0.0176679 0.82134 0.0324865 0.367881 0 0.365449 0 0.370325 0 
1 1 0 0.104365 0.4 0 0.0183852 0.813052 0.0344153 0.0183852 0.813052 0.0344153 0.367881 0 0.36511 0 0.370669 0 
1 1 0 0.109606 0.4 0 0.0191342 0.804812 0.0364395 0.0191342 0.804812 0.0364395 0.367881 0 0.364726 0 0.371058 0 
1 1 0 0.114884 0.4 0 0.019916 0.796624 0.0385609 0.019916 0.796624 0.0385609 0.367882 0 0.364293 0 0.371499 0 
1 1 0 0.1202 0.4 0 0.020732 0.78849 0.0407814 0.020732 0.78849 0.0407814 0.367882 0 0.363805 0 0.371997 0 
1 1 0 0.125553 0.4 0 0.0215834 0.780413 0.0431028 0.0215834 0.780413 0.0431028 0.367883 0 0.363255 0 0.372559 0 
1 1 0 0.130944 0.4 0 0.0224714 0.772394 0.0455267 0.0224714 0.772394 0.0455267 0.367883 0 0.362639 0 0.373192 0 
1 1 0 0.136372 0.4 0 0.0233973 0.764438 0.0480546 0.0233973 0.764438 0.0480546 0.367884 0 0.361948 0 0.373903 0 
1 1 0 0.141836 0.4 0 0.0243622 0.756545 0.0506881 0.0243622 0.756545 0.0506881 0.367886 0 0.361176 0 0.374701 0 
1 1 0 0.147337 0.4 0 0.0253674 0.74872 0.0534284 0.0253674 0.74872 0.0534284 0.367887 0 0.360315 0 0.375595 0 
1 1 0 0.152874 0.4 0 0.026414 0.740964 0.0562766 0.026414 0.740964 0.0562766 0.367889 0 0.359357 0 0.376595 0 
1 1 0 0.158447 0.4 0 0.0275032 0.733281 0.0592336 0.0275032 0.733281 0.0592336 0.367891 0 0.358292 0 0.377711 0 
1 1 0 0.164055 0.4 0 0.028636 0.725672 0.0623002 0.028636 0.725672 0.0623002 0.367893 0 0.357114 0 0.378956 0 
1 1 0 0.169697 0.4 0 0.0298134 0.718142 0.0654769 0.0298134 0.718142 0.0654769 0.367897 0 0.355811 0 0.38034 0 
1 1 0 0.175373 0.4 0 0.0310364 0.710691 0.068764 0.0310364 0.710691 0.068764 0.3679 0 0.354375 0 0.381877 0 
1 1 0 0.181081 0.4 0 0.0323057 0.703324 0.0721616 0.0323057 0.703324 0.0721616 0.367905 0 0.352796 0 0.383581 0 
1 1 0 0.186822 0.4 0 0.0336222 0.696042 0.0756693 0.0336222 0.696042 0.0756693 0.367911 0 0.351064 0 0.385467 0 
1 1 0 0.192595 0.4 0 0.0349865 0.688848 0.0792869 0.0349865 0.688848 0.0792869 0.367918 0 0.34917 0 0.387551 0 
1 1 0 0.198397 0.4 0 0.0363992 0.681744 0.0830136 0.0363992 0.681744 0.0830136 0.367926 0 0.347105 0 0.389848 0 
1 1 0 0.204229 0.4 0 0.0378606 0.674732 0.0868483 0.0378606 0.674732 0.0868483 0.367936 0 0.344858 0 0.392377 0 
1 1 0 0.210089 0.4 0 0.0393711 0.667813 0.0907899 0.0393711 0.667813 0.0907899 0.367949 0 0.342421 0 0.395156 0 
1 1 0 0.215976 0.4 0 0.0409309 0.66099 0.0948369 0.0409309 0.66099 0.0948369 0.367964 0 0.339786 0 0.398204 0 
1 1 0 0.221888 0.4 0 0.04254 0.654263 0.0989875 0.04254 0.654263 0.0989875 0.367982 0 0.336945 0 0.401542 0 
1 1 0 0.227825 0.4 0 0.0441984 0.647634 0.10324 0.0441984 0.647634 0.10324 0.368003 0 0.333891 0 0.405191 0 
1 1 0 0.233784 0.4 0 0.0459059 0.641102 0.107592 0.0459059 0.641102 0.107592 0.368029 0 0.330619 0 0.409173 0 
1 1 0 0.239763 0.4 0 0.0476623 0.634669 0.112041 0.0476623 0.634669 0.112041 0.36806 0 0.327123 0 0.413511 0 
1 1 0 0.245761 0.4 0 0.0494672 0.628333 0.116584 0.0494672 0.628333 0.116584 0.368096 0 0.323399 0 0.418231 0 
1 1 0 0.251776 0.4 0 0.0513202 0.622094 0.12122 0.0513202 0.622094 0.12122 0.36814 0 0.319446 0 0.423356 0 
1 1 0 0.257805 0.4 0 0.0532208 0.615952 0.125945 0.0532208 0.615952 0.125945 0.368191 0 0.315263 0 0.428914 0 
1 1 0 0.263846 0.4 0 0.0551685 0.609903 0.130756 0.0551685 0.609903 0.130756 0.368252 0 0.310849 0 0.434933 0 
1 1 0 0.269895 0.4 0 0.0571631 0.603946 0.135651 0.0571631 0.603946 0.135651 0.368324 0 0.306207 0 0.441441 0 
1 1 0 0.27595 0.4 0 0.059204 0.598078 0.140627 0.059204 0.598078 0.140627 0.368407 0 0.301339 0 0.448469 0 
1 1 0 0.282006 0.4 0 0.061291 0.592295 0.145681 0.061291 0.592295 0.145681 0.368506 0 0.296251 0 0.45605 0 
1 1 0 0.288059 0.4 0 0.0634242 0.586593 0.15081 0.0634242 0.586593 0.15081 0.368621 0 0.290949 0 0.464216 0 
1 1 0 0.294104 0.4 0 0.0656038 0.580966 0.156012 0.0656038 0.580966 0.156012 0.368755 0 0.285439 0 0.473005 0 
1 1 0 0.300136 0.4 0 0.0678305 0.575409 0.161284 0.0678305 0.575409 0.161284 0.368911 0 0.279731 0 0.482454 0 
1 1 0 0.306148 0.4 0 0.0701051 0.569916 0.166624 0.0701051 0.569916 0.166624 0.369091 0 0.273833 0 0.492603 0 
1 1 0 0.312133 0.4 0 0.0724295 0.564477 0.172029 0.0724295 0.564477 0.172029 0.369301 0 0.267755 0 0.503498 0 
1 1 0 0.318081 0.4 0 0.0748057 0.559086 0.177498 0.0748057 0.559086 0.177498 0.369544 0 0.26151 0 0.515184 0 
1 1 0 0.323985 0.4 0 0.0772368 0.553733 0.183029 0.0772368 0.553733 0.183029 0.369825 0 0.255108 0 0.527712 0 
1 1 0 0.329832 0.4 0 0.0797267 0.548407 0.18862 0.0797267 0.548407 0.18862 0.370149 0 0.248561 0 0.541136 0 
1 1 0 0.335609 0.4 0 0.0822802 0.543097 0.194269 0.0822802 0.543097 0.194269 0.370524 0 0.241882 0 0.555516 0 
1 1 0 0.341302 0.4 0 0.0849034 0.53779 0.199975 0.0849034 0.53779 0.199975 0.370957 0 0.235082 0 0.570916 0 
1 1 0 0.346894 0.4 0 0.0876033 0.532474 0.205737 0.0876033 0.532474 0.205737 0.371458 0 0.228175 0 0.587405 0 
1 1 0 0.352366 0.4 0 0.0903883 0.527134 0.211552 0.0903883 0.527134 0.211552 0.372039 0 0.221173 0 0.605057 0 
1 1 0 0.357694 0.4 0 0.0932673 0.521757 0.217418 0.0932673 0.521757 0.217418 0.372712 0 0.214089 0 0.623949 0 
1 1 0 0.362855 0.4 0 0.0962511 0.516327 0.223332 0.0962511 0.516327 0.223332 0.373494 0 0.206936 0 0.644165 0 
1 1 0 0.367819 0.4 0 0.0993511 0.510829 0.229293 0.0993511 0.510829 0.229293 0.374404 0 0.199727 0 0.665792 0 
1 1 0 0.372554 0.4 0 0.102579 0.505249 0.235295 0.102579 0.505249 0.235295 0.375465 0 0.192477 0 0.688918 0 
1 1 0 0.377024 0.4 0 0.105946 0.499574 0.241334 0.105946 0.499574 0.241334 0.376704 0 0.185201 0 0.713628 0 
1 1 0 0.381191 0.4 0 0.109464 0.493792 0.247403 0.109464 0.493792 0.247403 0.378154 0 0.177917 0 0.74 0 
1 1 0 0.385012 0.4 0 0.11314 0.487895 0.253495 0.11314 0.487895 0.253495 0.37985 0 0.170642 0 0.768102 0 
1 1 0 0.388441 0.4 0 0.11698 0.481877 0.259601 0.11698 0.481877 0.259601 0.381834 0 0.163398 0 0.797984 0 
1 1 0 0.391431 0.4 0 0.120984 0.475738 0.265711 0.120984 0.475738 0.265711 0.384151 0 0.15621 0 0.82967 0 
1 1 0 0.393935 0.4 0 0.125148 0.469481 0.271813 0.125148 0.469481 0.271813 0.386847 0 0.149104 0 0.863155 0 
1 1 0 0.395905 0.4 0 0.129458 0.463114 0.277897 0.129458 0.463114 0.277897 0.389967 0 0.142108 0 0.8984 0 
1 1 0 0.397296 0.4 0 0.133893 0.456654 0.283951 0.133893 0.456654 0.283951 0.393551 0 0.135255 0 0.935327 0 
1 1 0 0.398065 0.4 0 0.138421 0.450118 0.289967 0.138421 0.450118 0.289967 0.397628 0 0.128575 0 0.973829 0 
1 1 0 0.398213 0.4 0 0.141408 0.445821 0.29387 0.141408 0.445821 0.29387 0.40056 0 0.124324 0 0.999753 0 
2 1 0 0.397868 0.4 0 0.145991 0.439216 0.299806 0.145991 0.439216 0.299806 0.405457 0 0.118006 0 1.04057 0 
2 1 0 0.3968 0.4 0 0.150531 0.432609 0.305688 0.150531 0.432609 0.305688 0.410798 0 0.111949 0 1.0826 0 
2 1 0 0.394974 0.4 0 0.154953 0.42604 0.311516 0.154953 0.42604 0.311516 0.416489 0 0.106187 0 1.12575 0 
2 1 0 0.392356 0.4 0 0.15917 0.419556 0.317288 0.15917 0.419556 0.317288 0.422368 0 0.100752 0 1.16996 0 
2 1 0 0.388914 0.4 0 0.16308 0.413213 0.323001 0.16308 0.413213 0.323001 0.428202 0 0.0956735 0 1.21528 0 
2 1 0 0.384622 0.4 0 0.166567 0.407087 0.328648 0.166567 0.407087 0.328648 0.433678 0 0.0909816 0 1.26181 0 
2 1 0 0.379471 0.4 0 0.16951 0.401266 0.33421 0.16951 0.401266 0.33421 0.438428 0 0.0867015 0 1.30976 0 
2 1 0 0.373484 0.4 0 0.171794 0.395855 0.339656 0.171794 0.395855 0.339656 0.442073 0 0.08285 0 1.35935 0 
2 1 0 0.366727 0.4 0 0.173332 0.390956 0.344946 0.173332 0.390956 0.344946 0.444311 0 0.0794288 0 1.41076 0 
2 1 0 0.359311 0.4 0 0.174089 0.38665 0.350035 0.174089 0.38665 0.350035 0.444993 0 0.0764179 0 1.46409 0 
2 1 0 0.351377 0.4 0 0.174091 0.382976 0.354888 0.174091 0.382976 0.354888 0.44417 0 0.0737747 0 1.51936 0 
2 1 0 0.343067 0.4 0 0.173413 0.379928 0.359491 0.173413 0.379928 0.359491 0.442052 0 0.0714403 0 1.57652 0 
2 1 0 0.3345 0.4 0 0.172159 0.377464 0.363846 0.172159 0.377464 0.363846 0.438934 0 0.0693505 0 1.63557 0 
2 1 0 0.325767 0.4 0 0.170437 0.375521 0.36797 0.170437 0.375521 0.36797 0.435121 0 0.0674448 0 1.69652 0 
2 1 0 0.316931 0.4 0 0.168344 0.374034 0.371885 0.168344 0.374034 0.371885 0.430881 0 0.0656722 0 1.75945 0 
2 1 0 0.308031 0.4 0 0.165964 0.37294 0.375618 0.165964 0.37294 0.375618 0.426431 0 0.0639922 0 1.82449 0 
2 1 0 0.299093 0.4 0 0.163365 0.372183 0.379192 0.163365 0.372183 0.379192 0.421932 0 0.0623743 0 1.89177 0 
2 1 0 0.290129 0.4 0 0.160601 0.371718 0.382627 0.160601 0.371718 0.382627 0.417503 0 0.0607964 0 1.96146 0 
2 1 0 0.28115 0.4 0 0.157715 0.371506 0.385943 0.157715 0.371506 0.385943 0.413226 0 0.0592432 0 2.03372 0 
2 1 0 0.272158 0.4 0 0.154743 0.371515 0.389155 0.154743 0.371515 0.389155 0.409154 0 0.0577045 0 2.10873 0 
2 1 0 0.263156 0.4 0 0.151712 0.371719 0.392276 0.151712 0.371719 0.392276 0.405321 0 0.0561745 0 2.18664 0 
2 1 0 0.254144 0.4 0 0.148646 0.372095 0.395316 0.148646 0.372095 0.395316 0.401747 0 0.0546501 0 2.26764 0 
2 1 0 0.245122 0.4 0 0.145563 0.372625 0.398285 0.145563 0.372625 0.398285 0.398438 0 0.0531304 0 2.35187 0 
2 1 0 0.236089 0.4 0 0.142478 0.373295 0.401192 0.142478 0.373295 0.401192 0.395393 0 0.0516163 0 2.4395 0 
2 1 0 0.227043 0.4 0 0.139405 0.37409 0.404041 0.139405 0.37409 0.404041 0.392607 0 0.05011 0 2.53066 0 
2 1 0 0.217984 0.4 0 0.136355 0.375 0.40684 0.136355 0.375 0.40684 0.390069 0 0.0486141 0 2.6255 0 
2 1 0 0.208912 0.4 0 0.133337 0.376014 0.409592 0.133337 0.376014 0.409592 0.387766 0 0.047132 0 2.72415 0 
2 1 0 0.199825 0.4 0 0.130361 0.377125 0.412302 0.130361 0.377125 0.412302 0.385685 0 0.0456669 0 2.82672 0 
2 1 0 0.190722 0.4 0 0.127433 0.378324 0.414973 0.127433 0.378324 0.414973 0.383809 0 0.0442224 0 2.93332 0 
2 1 0 0.181603 0.4 0 0.124559 0.379606 0.417608 0.124559 0.379606 0.417608 0.382123 0 0.0428018 0 3.04405 0 
2 1 0 0.172466 0.4 0 0.121744 0.380965 0.420209 0.121744 0.380965 0.420209 0.380611 0 0.0414083 0 3.15899 0 
2 1 0 0.163312 0.4 0 0.118994 0.382394 0.42278 0.118994 0.382394 0.42278 0.379259 0 0.0400446 0 3.27822 0 
2 1 0 0.15414 0.4 0 0.116312 0.383891 0.425321 0.116312 0.383891 0.425321 0.378051 0 0.0387133 0 3.40178 0 
2 1 0 0.14495 0.4 0 0.113702 0.385449 0.427834 0.113702 0.385449 0.427834 0.376975 0 0.0374166 0 3.52971 0 
2 1 0 0.135743 0.4 0 0.111167 0.387066 0.430321 0.111167 0.387066 0.430321 0.376017 0 0.0361564 0 3.66204 0 
2 1 0 0.126517 0.4 0 0.10871 0.388738 0.432783 0.10871 0.388738 0.432783 0.375166 0 0.0349342 0 3.79877 0 
2 1 0 0.117273 0.4 0 0.106333 0.390462 0.43522 0.106333 0.390462 0.43522 0.37441 0 0.0337511 0 3.93987 0 
2 1 0 0.108012 0.4 0 0.104037 0.392235 0.437634 0.104037 0.392235 0.437634 0.373739 0 0.032608 0 4.0853 0 
2 1 0 0.0987333 0.4 0 0.101824 0.394054 0.440024 0.101824 0.394054 0.440024 0.373145 0 0.0315054 0 4.23501 0 
2 1 0 0.0894382 0.4 0 0.0996953 0.395917 0.442393 0.0996953 0.395917 0.442393 0.372618 0 0.0304436 0 4.38891 0 
2 1 0 0.0801269 0.4 0 0.0976511 0.397822 0.444739 0.0976511 0.397822 0.444739 0.372151 0 0.0294228 0 4.54688 0 
2 1 0 0.0708001 0.4 0 0.095692 0.399766 0.447063 0.095692 0.399766 0.447063 0.371738 0 0.0284426 0 4.7088 0 
2 1 0 0.0614584 0.4 0 0.093818 0.401748 0.449365 0.093818 0.401748 0.449365 0.371372 0 0.0275028 0 4.8745 0 
2 1 0 0.0521026 0.4 0 0.0920289 0.403767 0.451647 0.0920289 0.403767 0.451647 0.371049 0 5.04379 0 0.0266029 0 
2 1 0 0.0427335 0.4 0 0.0903242 0.40582 0.453906 0.0903242 0.40582 0.453906 0.370762 0 0.0257421 0 5.21647 0 
2 1 0 0.0333518 0.4 0 0.0887033 0.407906 0.456145 0.0887033 0.407906 0.456145 0.370508 0 0.0249198 0 5.3923 0 
2 1 0 0.0239583 0.4 0 0.0871649 0.410024 0.458363 0.0871649 0.410024 0.458363 0.370283 0 0.0241351 0 5.57101 0 
2 1 0 0.0145539 0.4 0 0.0857081 0.412173 0.460559 0.0857081 0.412173 0.460559 0.370083 0 0.023387 0 5.7523 0 
2 1 0 0.00513947 0.4 0 0.0843312 0.414353 0.462734 0.0843312 0.414353 0.462734 0.369906 0 0.0226746 0 5.93587 0 
2 1 0 -0.00428419 0.4 0 0.0830327 0.416561 0.464888 0.0830327 0.416561 0.464888 0.369749 0 0.0219969 0 6.12137 0 