1 1 0 0 0.4 0 0.0101362 0.0101362 1 0.0101362 0.0101362 1 0.712101 0 -0.000212126 0 -8.78677e-21 0 
1 1 0 0.002 0.4 0 0.0101362 0.0101362 1 0.0101362 0.0101362 1 0.367615 0 0.368144 0 0.367879 0 
1 1 0 0.004 0.4 0 0.0101362 0.0101362 1 0.0101362 0.0101362 1 0.367615 0 0.368144 0 0.367879 0 
1 1 0 0.008 0.4 0 0.0101362 0.0101362 1 0.0101362 0.0101362 1 0.367615 0 0.368144 0 0.367879 0 
1 1 0 0.016 0.4 0 0.0101363 0.0101362 1 0.0101363 0.0101362 1 0.367615 0 0.368144 0 0.367879 0 
1 1 0 0.026 0.4 0 0.0101374 0.0101362 1 0.0101374 0.0101362 1 0.367615 0 0.368144 0 0.367879 0 
1 1 0 0.036 0.4 0 0.0101421 0.0101362 1 0.0101421 0.0101362 1 0.367615 0 0.368144 0 0.367879 0 
1 1 0 0.046 0.4 0 0.0101561 0.0101362 1 0.0101561 0.0101362 1 0.367614 0 0.368145 0 0.367879 0 
1 1 0 0.056 0.4 0 0.0101894 0.0101362 1 0.0101894 0.0101362 1 0.367614 0 0.368145 0 0.367879 0 
1 1 0 0.0659998 0.4 0 0.0102572 0.0101362 1 0.0102572 0.0101362 1 0.367612 0 0.368147 0 0.367879 0 
1 1 0 0.0759992 0.4 0 0.0103812 0.0101362 1 0.0103812 0.0101362 1 0.367608 0 0.368151 0 0.367879 0 
1 1 0 0.0859974 0.4 0 0.0105907 0.0101362 1 0.0105907 0.0101362 1 0.367603 0 0.368156 0 0.367879 0 
1 1 0 0.0959926 0.4 0 0.0109235 0.0101362 1 0.0109235 0.0101362 1 0.367593 0 0.368166 0 0.367879 0 
1 1 0 0.105981 0.4 0 0.011427 0.0101362 1 0.011427 0.0101362 1 0.367577 0 0.368182 0 0.367879 0 
1 1 0 0.115955 0.4 0 0.0121584 0.0101362 1 0.0121584 0.0101362 1 0.367552 0 0.368207 0 0.367879 0 
1 1 0 0.125902 0.4 0 0.0131848 0.0101362 1 0.0131848 0.0101362 1 0.367513 0 0.368247 0 0.367879 0 
1 1 0 0.135804 0.4 0 0.0145813 0.0101362 1 0.0145813 0.0101362 1 0.367451 0 0.368309 0 0.367879 0 
1 1 0 0.145632 0.4 0 0.0164282 0.0101362 1 0.0164282 0.0101362 1 0.367356 0 0.368404 0 0.367879 0 
1 1 0 0.155345 0.4 0 0.0188047 0.0101362 1 0.0188047 0.0101362 1 0.367212 0 0.368548 0 0.367879 0 
1 1 0 0.164892 0.4 0 0.0217811 0.0101362 1 0.0217811 0.0101362 1 0.367002 0 0.368759 0 0.367879 0 
1 1 0 0.174211 0.4 0 0.0254084 0.0101362 0.999999 0.0254084 0.0101362 0.999999 0.3667 0 0.369062 0 0.36788 0 
1 1 0 0.183238 0.4 0 0.0297105 0.0101363 0.999998 0.0297105 0.0101363 0.999998 0.366281 0 0.369485 0 0.36788 0 
1 1 0 0.191916 0.4 0 0.0346797 0.0101364 0.999995 0.0346797 0.0101364 0.999995 0.365715 0 0.370056 0 0.36788 0 
1 1 0 0.200202 0.4 0 0.0402794 0.0101366 0.99999 0.0402794 0.0101366 0.99999 0.364976 0 0.370806 0 0.36788 0 
1 1 0 0.208069 0.4 0 0.0464519 0.0101371 0.999979 0.0464519 0.0101371 0.999979 0.364039 0 0.37176 0 0.36788 0 
1 1 0 0.215514 0.4 0 0.0531284 0.0101379 0.999959 0.0531284 0.0101379 0.999959 0.362883 0 0.372944 0 0.36788 0 
1 1 0 0.222546 0.4 0 0.060238 0.0101393 0.999923 0.060238 0.0101393 0.999923 0.361494 0 0.374377 0 0.36788 0 
1 1 0 0.229187 0.4 0 0.0677141 0.0101419 0.999861 0.0677141 0.0101419 0.999861 0.359862 0 0.376076 0 0.36788 0 
1 1 0 0.235465 0.4 0 0.0754975 0.010146 0.999761 0.0754975 0.010146 0.999761 0.357979 0 0.378053 0 0.36788 0 
1 1 0 0.241409 0.4 0 0.0835374 0.0101524 0.999603 0.0835374 0.0101524 0.999603 0.355844 0 0.380322 0 0.36788 0 
1 1 0 0.24705 0.4 0 0.0917911 0.0101622 0.999364 0.0917911 0.0101622 0.999364 0.353456 0 0.382892 0 0.36788 0 
1 1 0 0.252416 0.4 0 0.100222 0.0101767 0.999013 0.100222 0.0101767 0.999013 0.350816 0 0.385772 0 0.36788 0 
1 1 0 0.257532 0.4 0 0.1088 0.0101974 0.998513 0.1088 0.0101974 0.998513 0.347929 0 0.388974 0 0.36788 0 
1 1 0 0.26242 0.4 0 0.117496 0.0102264 0.997818 0.117496 0.0102264 0.997818 0.344798 0 0.392506 0 0.36788 0 
1 1 0 0.267097 0.4 0 0.126284 0.0102661 0.996873 0.126284 0.0102661 0.996873 0.341429 0 0.396379 0 0.36788 0 
1 1 0 0.271579 0.4 0 0.135135 0.0103192 0.995618 0.135135 0.0103192 0.995618 0.337827 0 0.400604 0 0.36788 0 
1 1 0 0.275874 0.4 0 0.144017 0.010389 0.993986 0.144017 0.010389 0.993986 0.334003 0 0.405191 0 0.36788 0 
1 1 0 0.279986 0.4 0 0.152891 0.0104789 0.991907 0.152891 0.0104789 0.991907 0.329968 0 0.410146 0 0.36788 0 
1 1 0 0.283916 0.4 0 0.161713 0.0105928 0.989315 0.161713 0.0105928 0.989315 0.325738 0 0.415473 0 0.36788 0 
1 1 0 0.28766 0.4 0 0.170429 0.010734 0.986153 0.170429 0.010734 0.986153 0.321333 0 0.421168 0 0.36788 0 
1 1 0 0.29121 0.4 0 0.178981 0.0109061 0.98238 0.178981 0.0109061 0.98238 0.316779 0 0.427222 0 0.36788 0 
1 1 0 0.29456 0.4 0 0.187309 0.0111116 0.977979 0.187309 0.0111116 0.977979 0.312107 0 0.433618 0 0.36788 0 
1 1 0 0.297706 0.4 0 0.195363 0.0113524 0.97296 0.195363 0.0113524 0.97296 0.307347 0 0.440332 0 0.36788 0 
1 1 0 0.300647 0.4 0 0.203099 0.0116296 0.967354 0.203099 0.0116296 0.967354 0.30253 0 0.447344 0 0.36788 0 
1 1 0 0.303386 0.4 0 0.210493 0.0119437 0.961211 0.210493 0.0119437 0.961211 0.29768 0 0.454632 0 0.36788 0 
1 1 0 0.305931 0.4 0 0.217533 0.0122948 0.954591 0.217533 0.0122948 0.954591 0.292816 0 0.462184 0 0.367881 0 
1 1 0 0.308295 0.4 0 0.224223 0.0126826 0.947555 0.224223 0.0126826 0.947555 0.287951 0 0.469992 0 0.367881 0 
1 1 0 0.310491 0.4 0 0.230576 0.0131072 0.940163 0.230576 0.0131072 0.940163 0.283092 0 0.478059 0 0.367881 0 
1 1 0 0.312533 0.4 0 0.23661 0.0135686 0.932469 0.23661 0.0135686 0.932469 0.278242 0 0.486392 0 0.367881 0 
1 1 0 0.314435 0.4 0 0.24235 0.0140673 0.92452 0.24235 0.0140673 0.92452 0.273399 0 0.495008 0 0.367882 0 
1 1 0 0.316209 0.4 0 0.247819 0.0146039 0.916355 0.247819 0.0146039 0.916355 0.268561 0 0.503924 0 0.367882 0 
1 1 0 0.317869 0.4 0 0.253041 0.0151793 0.90801 0.253041 0.0151793 0.90801 0.263724 0 0.513167 0 0.367882 0 
1 1 0 0.319424 0.4 0 0.258037 0.0157951 0.899511 0.258037 0.0157951 0.899511 0.258882 0 0.522763 0 0.367883 0 
1 1 0 0.320884 0.4 0 0.26283 0.0164526 0.890882 0.26283 0.0164526 0.890882 0.254032 0 0.532743 0 0.367884 0 
1 1 0 0.322257 0.4 0 0.26744 0.017154 0.882139 0.26744 0.017154 0.882139 0.249166 0 0.543146 0 0.367885 0 
1 1 0 0.32355 0.4 0 0.271882 0.0179012 0.873303 0.271882 0.0179012 0.873303 0.244282 0 0.554003 0 0.367886 0 
1 1 0 0.324769 0.4 0 0.276172 0.0186968 0.864386 0.276172 0.0186968 0.864386 0.239375 0 0.565357 0 0.367887 0 
1 1 0 0.325919 0.4 0 0.280324 0.0195433 0.855399 0.280324 0.0195433 0.855399 0.234443 0 0.57725 0 0.367889 0 
1 1 0 0.327004 0.4 0 0.284351 0.0204439 0.846353 0.284351 0.0204439 0.846353 0.22948 0 0.589729 0 0.367891 0 
1 1 0 0.328027 0.4 0 0.288263 0.0214016 0.837257 0.288263 0.0214016 0.837257 0.224486 0 0.602845 0 0.367893 0 
1 1 0 0.328992 0.4 0 0.292071 0.0224202 0.828116 0.292071 0.0224202 0.828116 0.219457 0 0.616653 0 0.367896 0 
1 1 0 0.329901 0.4 0 0.295784 0.0235033 0.818938 0.295784 0.0235033 0.818938 0.214393 0 0.631214 0 0.3679 0 
1 1 0 0.330756 0.4 0 0.29941 0.0246552 0.809729 0.29941 0.0246552 0.809729 0.209292 0 0.64659 0 0.367904 0 
1 1 0 0.331558 0.4 0 0.302956 0.0258802 0.800493 0.302956 0.0258802 0.800493 0.204154 0 0.662853 0 0.36791 0 
1 1 0 0.332307 0.4 0 0.306429 0.027183 0.791236 0.306429 0.027183 0.791236 0.198979 0 0.680079 0 0.367916 0 
1 1 0 0.333004 0.4 0 0.309834 0.0285688 0.781962 0.309834 0.0285688 0.781962 0.193768 0 0.698352 0 0.367925 0 
1 1 0 0.333649 0.4 0 0.313177 0.0300427 0.772675 0.313177 0.0300427 0.772675 0.188523 0 0.717762 0 0.367935 0 
1 1 0 0.334242 0.4 0 0.316462 0.0316105 0.763379 0.316462 0.0316105 0.763379 0.183245 0 0.738409 0 0.367949 0 
1 1 0 0.334782 0.4 0 0.319694 0.0332781 0.754079 0.319694 0.0332781 0.754079 0.177938 0 0.7604 0 0.367965 0 
1 1 0 0.335267 0.4 0 0.322877 0.0350518 0.744778 0.322877 0.0350518 0.744778 0.172604 0 0.783853 0 0.367985 0 
1 1 0 0.335696 0.4 0 0.326014 0.036938 0.735481 0.326014 0.036938 0.735481 0.167249 0 0.808898 0 0.368011 0 
1 1 0 0.336067 0.4 0 0.329107 0.0389434 0.726191 0.329107 0.0389434 0.726191 0.161876 0 0.835674 0 0.368042 0 
1 1 0 0.336377 0.4 0 0.33216 0.041075 0.716914 0.33216 0.041075 0.716914 0.156491 0 0.864334 0 0.368082 0 
1 1 0 0.336624 0.4 0 0.335175 0.0433398 0.707655 0.335175 0.0433398 0.707655 0.151101 0 0.895045 0 0.368132 0 
1 1 0 0.336804 0.4 0 0.338154 0.0457449 0.698417 0.338154 0.0457449 0.698417 0.145713 0 0.927987 0 0.368194 0 
1 1 0 0.336914 0.4 0 0.341098 0.0482972 0.689206 0.341098 0.0482972 0.689206 0.140334 0 0.963355 0 0.368271 0 
1 1 0 0.33695 0.4 0 0.343906 0.0509047 0.680355 0.343906 0.0509047 0.680355 0.135162 0 0.999961 0 0.368364 0 
2 1 0 0.33691 0.4 0 0.346786 0.0537658 0.671215 0.346786 0.0537658 0.671215 0.129826 0 1.04072 0 0.368484 0 
2 1 0 0.336787 0.4 0 0.349635 0.0567935 0.662121 0.349635 0.0567935 0.662121 0.124526 0 1.08458 0 0.368634 0 
2 1 0 0.336575 0.4 0 0.352452 0.0599933 0.653078 0.352452 0.0599933 0.653078 0.11927 0 1.1318 0 0.368821 0 
2 1 0 0.336268 0.4 0 0.355239 0.0633701 0.644093 0.355239 0.0633701 0.644093 0.114069 0 1.18267 0 0.369053 0 
2 1 0 0.335861 0.4 0 0.357995 0.0669277 0.635172 0.357995 0.0669277 0.635172 0.108932 0 1.23747 0 0.36934 0 
2 1 0 0.335347 0.4 0 0.360721 0.0706687 0.626322 0.360721 0.0706687 0.626322 0.103871 0 1.29652 0 0.369696 0 
2 1 0 0.334719 0.4 0 0.363416 0.0745945 0.617551 0.363416 0.0745945 0.617551 0.0988939 0 1.36015 0 0.370134 0 
2 1 0 0.333969 0.4 0 0.366079 0.0787048 0.608865 0.366079 0.0787048 0.608865 0.0940114 0 1.42872 0 0.370672 0 
2 1 0 0.33309 0.4 0 0.36871 0.0829977 0.60027 0.36871 0.0829977 0.60027 0.0892321 0 1.50257 0 0.37133 0 
2 1 0 0.332072 0.4 0 0.371307 0.0874692 0.591772 0.371307 0.0874692 0.591772 0.0845646 0 1.5821 0 0.372129 0 
2 1 0 0.330907 0.4 0 0.373871 0.0921136 0.583375 0.373871 0.0921136 0.583375 0.0800165 0 1.6677 0 0.373095 0 
2 1 0 0.329585 0.4 0 0.3764 0.096923 0.575085 0.3764 0.096923 0.575085 0.0755949 0 1.75976 0 0.374257 0 
2 1 0 0.328094 0.4 0 0.378894 0.101887 0.566905 0.378894 0.101887 0.566905 0.0713057 0 1.85872 0 0.375645 0 
2 1 0 0.326424 0.4 0 0.381351 0.106994 0.558837 0.381351 0.106994 0.558837 0.0671545 0 1.96501 0 0.377292 0 
2 1 0 0.32456 0.4 0 0.38377 0.112229 0.550883 0.38377 0.112229 0.550883 0.0631457 0 2.07906 0 0.379232 0 
2 1 0 0.322489 0.4 0 0.386151 0.117575 0.543043 0.386151 0.117575 0.543043 0.0592835 0 2.20135 0 0.381499 0 
2 1 0 0.320192 0.4 0 0.388492 0.123012 0.535317 0.388492 0.123012 0.535317 0.0555713 0 2.33233 0 0.384128 0 
2 1 0 0.317651 0.4 0 0.390792 0.128517 0.527705 0.390792 0.128517 0.527705 0.0520125 0 2.47247 0 0.387149 0 
2 1 0 0.314842 0.4 0 0.393051 0.134064 0.520206 0.393051 0.134064 0.520206 0.0486101 0 2.62223 0 0.390588 0 
2 1 0 0.311738 0.4 0 0.395265 0.139622 0.512819 0.395265 0.139622 0.512819 0.0453675 0 2.78205 0 0.394464 0 
2 1 0 0.308307 0.4 0 0.397434 0.145156 0.505545 0.397434 0.145156 0.505545 0.0422881 0 2.95232 0 0.398782 0 
2 1 0 0.304514 0.4 0 0.399556 0.150622 0.498388 0.399556 0.150622 0.498388 0.0393761 0 3.13335 0 0.40353 0 
2 1 0 0.300313 0.4 0 0.401627 0.15597 0.491355 0.401627 0.15597 0.491355 0.0366364 0 3.32529 0 0.408671 0 
2 1 0 0.295656 0.4 0 0.403645 0.161138 0.484461 0.403645 0.161138 0.484461 0.0340753 0 3.52802 0 0.414139 0 
2 1 0 0.29049 0.4 0 0.405603 0.166054 0.477729 0.405603 0.166054 0.477729 0.0317004 0 3.74098 0 0.419823 0 
2 1 0 0.284761 0.4 0 0.407495 0.170632 0.471198 0.407495 0.170632 0.471198 0.0295208 0 3.96296 0 0.425568 0 
2 1 0 0.278425 0.4 0 0.409309 0.174776 0.464923 0.409309 0.174776 0.464923 0.0275469 0 4.19176 0 0.431169 0 
2 1 0 0.271455 0.4 0 0.411034 0.178393 0.458976 0.411034 0.178393 0.458976 0.0257888 0 4.42397 0 0.436388 0 
2 1 0 0.263861 0.4 0 0.412651 0.181404 0.45344 0.412651 0.181404 0.45344 0.0242536 0 4.65494 0 0.440988 0 
2 1 0 0.255693 0.4 0 0.414144 0.183772 0.448394 0.414144 0.183772 0.448394 0.0229414 0 4.87921 0 0.444782 0 
2 1 0 0.247037 0.4 0 0.415499 0.18551 0.443898 0.415499 0.18551 0.443898 0.0218432 0 5.09132 0 0.447682 0 
2 1 0 0.237994 0.4 0 0.416707 0.186684 0.439977 0.416707 0.186684 0.439977 0.0209405 0 5.28679 0 0.449714 0 
2 1 0 0.228661 0.4 0 0.417766 0.187395 0.436618 0.417766 0.187395 0.436618 0.0202088 0 5.46269 0 0.450993 0 
2 1 0 0.219121 0.4 0 0.41868 0.187754 0.433784 0.41868 0.187754 0.433784 0.0196214 0 5.61767 0 0.45168 0 
2 1 0 0.209436 0.4 0 0.419459 0.187867 0.431424 0.419459 0.187867 0.431424 0.019153 0 5.75172 0 0.451942 0 
2 1 0 0.199649 0.4 0 0.420113 0.187822 0.42948 0.420113 0.187822 0.42948 0.0187814 0 5.86572 0 0.451926 0 
2 1 0 0.189791 0.4 0 0.420655 0.187687 0.427896 0.420655 0.187687 0.427896 0.0184881 0 5.96114 0 0.451746 0 
2 1 0 0.179884 0.4 0 0.421099 0.187509 0.426618 0.421099 0.187509 0.426618 0.0182578 0 6.03979 0 0.451487 0 
2 1 0 0.169944 0.4 0 0.421457 0.187322 0.4256 0.421457 0.187322 0.4256 0.0180782 0 6.10362 0 0.451205 0 
2 1 0 0.159982 0.4 0 0.421742 0.187146 0.424798 0.421742 0.187146 0.424798 0.0179393 0 6.15457 0 0.450934 0 
2 1 0 0.150005 0.4 0 0.421964 0.18699 0.424176 0.421964 0.18699 0.424176 0.017833 0 6.19457 0 0.450693 0 
2 1 0 0.140019 0.4 0 0.422136 0.186861 0.423701 0.422136 0.186861 0.423701 0.0177527 0 6.22538 0 0.450492 0 
2 1 0 0.130026 0.4 0 0.422264 0.186757 0.423344 0.422264 0.186757 0.423344 0.0176929 0 6.24864 0 0.45033 0 
2 1 0 0.120029 0.4 0 0.422359 0.186678 0.423083 0.422359 0.186678 0.423083 0.0176493 0 6.2658 0 0.450206 0 
2 1 0 0.110031 0.4 0 0.422427 0.186619 0.422895 0.422427 0.186619 0.422895 0.0176183 0 6.27812 0 0.450114 0 
2 1 0 0.100032 0.4 0 0.422475 0.186577 0.422765 0.422475 0.186577 0.422765 0.0175968 0 6.28671 0 0.450049 0 
2 1 0 0.0900324 0.4 0 0.422507 0.186549 0.422678 0.422507 0.186549 0.422678 0.0175824 0 6.29247 0 0.450005 0 
2 1 0 0.0800326 0.4 0 0.422527 0.18653 0.422622 0.422527 0.18653 0.422622 0.0175732 0 6.29617 0 0.449976 0 
2 1 0 0.0700326 0.4 0 0.422539 0.186519 0.422588 0.422539 0.186519 0.422588 0.0175676 0 6.29842 0 0.449958 0 
2 1 0 0.0600326 0.4 0 0.422546 0.186513 0.422569 0.422546 0.186513 0.422569 0.0175644 0 6.2997 0 0.449948 0 
2 1 0 0.0500326 0.4 0 0.42255 0.18651 0.422559 0.42255 0.18651 0.422559 0.0175628 0 6.30035 0 0.449943 0 
2 1 0 0.0400326 0.4 0 0.422552 0.186508 0.422555 0.422552 0.186508 0.422555 0.0175621 0 6.30065 0 0.449941 0 
2 1 0 0.0300326 0.4 0 0.422552 0.186507 0.422553 0.422552 0.186507 0.422553 0.0175618 0 6.30076 0 0.44994 0 
2 1 0 0.0200326 0.4 0 0.422553 0.186507 0.422553 0.422553 0.186507 0.422553 0.0175617 0 6.30079 0 0.44994 0 
2 1 0 0.0100326 0.4 0 0.422553 0.186507 0.422553 0.422553 0.186507 0.422553 0.0175617 0 6.30079 0 0.44994 0 
2 1 0 3.2597e-05 0.4 0 0.422553 0.186507 0.422553 0.422553 0.186507 0.422553 0.0175617 0 6.30079 0 0.44994 0 
2 1 0 -0.0099674 0.4 0 0.422553 0.186507 0.422553 0.422553 0.186507 0.422553 0.0175617 0 6.30079 0 0.44994 0 
1 1 0 0 0.4 0 1 0.0101362 0.0101362 1 0.0101362 0.0101362 0.0175617 0 6.30079 0 0.44994 0 
1 1 0 0.002 0.4 0 1 0.0101362 0.0101362 1 0.0101362 0.0101362 0.368144 0 0.367615 0 0.367879 0 
1 1 0 0.004 0.4 0 1 0.0101362 0.0101362 1 0.0101362 0.0101362 0.367615 0 0.368144 0 0.367879 0 
1 1 0 0.008 0.4 0 1 0.0101362 0.0101362 1 0.0101362 0.0101362 0.367615 0 0.368144 0 0.367879 0 
1 1 0 0.016 0.4 0 1 0.0101363 0.0101362 1 0.0101363 0.0101362 0.367615 0 0.368144 0 0.367879 0 
1 1 0 0.026 0.4 0 1 0.0101374 0.0101362 1 0.0101374 0.0101362 0.367615 0 0.368144 0 0.367879 0 
1 1 0 0.036 0.4 0 1 0.0101421 0.0101362 1 0.0101421 0.0101362 0.367615 0 0.368144 0 0.367879 0 
1 1 0 0.046 0.4 0 1 0.0101561 0.0101362 1 0.0101561 0.0101362 0.367614 0 0.368145 0 0.367879 0 
1 1 0 0.056 0.4 0 1 0.0101894 0.0101362 1 0.0101894 0.0101362 0.367614 0 0.368145 0 0.367879 0 
1 1 0 0.0659998 0.4 0 1 0.0102572 0.0101362 1 0.0102572 0.0101362 0.367612 0 0.368147 0 0.367879 0 
1 1 0 0.0759992 0.4 0 1 0.0103812 0.0101362 1 0.0103812 0.0101362 0.367608 0 0.368151 0 0.367879 0 
1 1 0 0.0859974 0.4 0 1 0.0105907 0.0101362 1 0.0105907 0.0101362 0.367603 0 0.368156 0 0.367879 0 
1 1 0 0.0959926 0.4 0 1 0.0109235 0.0101362 1 0.0109235 0.0101362 0.367593 0 0.368166 0 0.367879 0 
1 1 0 0.105981 0.4 0 1 0.011427 0.0101362 1 0.011427 0.0101362 0.367577 0 0.368182 0 0.367879 0 
1 1 0 0.115955 0.4 0 1 0.0121584 0.0101362 1 0.0121584 0.0101362 0.367552 0 0.368207 0 0.367879 0 
1 1 0 0.125902 0.4 0 1 0.0131848 0.0101362 1 0.0131848 0.0101362 0.367513 0 0.368247 0 0.367879 0 
1 1 0 0.135804 0.4 0 1 0.0145813 0.0101362 1 0.0145813 0.0101362 0.367451 0 0.368309 0 0.367879 0 
1 1 0 0.145632 0.4 0 1 0.0164282 0.0101362 1 0.0164282 0.0101362 0.367356 0 0.368404 0 0.367879 0 
1 1 0 0.155345 0.4 0 1 0.0188047 0.0101362 1 0.0188047 0.0101362 0.367212 0 0.368548 0 0.367879 0 
1 1 0 0.164892 0.4 0 1 0.0217811 0.0101362 1 0.0217811 0.0101362 0.367002 0 0.368759 0 0.367879 0 
1 1 0 0.174211 0.4 0 0.999999 0.0254084 0.0101362 0.999999 0.0254084 0.0101362 0.3667 0 0.369062 0 0.36788 0 
1 1 0 0.183238 0.4 0 0.999998 0.0297105 0.0101363 0.999998 0.0297105 0.0101363 0.366281 0 0.369485 0 0.36788 0 
1 1 0 0.191916 0.4 0 0.999995 0.0346797 0.0101364 0.999995 0.0346797 0.0101364 0.365715 0 0.370056 0 0.36788 0 
1 1 0 0.200202 0.4 0 0.99999 0.0402794 0.0101366 0.99999 0.0402794 0.0101366 0.364976 0 0.370806 0 0.36788 0 
1 1 0 0.208069 0.4 0 0.999979 0.0464519 0.0101371 0.999979 0.0464519 0.0101371 0.364039 0 0.37176 0 0.36788 0 
1 1 0 0.215514 0.4 0 0.999959 0.0531284 0.0101379 0.999959 0.0531284 0.0101379 0.362883 0 0.372944 0 0.36788 0 
1 1 0 0.222546 0.4 0 0.999923 0.060238 0.0101393 0.999923 0.060238 0.0101393 0.361494 0 0.374377 0 0.36788 0 
1 1 0 0.229187 0.4 0 0.999861 0.0677141 0.0101419 0.999861 0.0677141 0.0101419 0.359862 0 0.376076 0 0.36788 0 
1 1 0 0.235465 0.4 0 0.999761 0.0754975 0.010146 0.999761 0.0754975 0.010146 0.357979 0 0.378053 0 0.36788 0 
1 1 0 0.241409 0.4 0 0.999603 0.0835374 0.0101524 0.999603 0.0835374 0.0101524 0.355844 0 0.380322 0 0.36788 0 
1 1 0 0.24705 0.4 0 0.999364 0.0917911 0.0101622 0.999364 0.0917911 0.0101622 0.353456 0 0.382892 0 0.36788 0 
1 1 0 0.252416 0.4 0 0.999013 0.100222 0.0101767 0.999013 0.100222 0.0101767 0.350816 0 0.385772 0 0.36788 0 
1 1 0 0.257532 0.4 0 0.998513 0.1088 0.0101974 0.998513 0.1088 0.0101974 0.347929 0 0.388974 0 0.36788 0 
1 1 0 0.26242 0.4 0 0.997818 0.117496 0.0102264 0.997818 0.117496 0.0102264 0.344798 0 0.392506 0 0.36788 0 
1 1 0 0.267097 0.4 0 0.996873 0.126284 0.0102661 0.996873 0.126284 0.0102661 0.341429 0 0.396379 0 0.36788 0 
1 1 0 0.271579 0.4 0 0.995618 0.135135 0.0103192 0.995618 0.135135 0.0103192 0.337827 0 0.400604 0 0.36788 0 
1 1 0 0.275874 0.4 0 0.993986 0.144017 0.010389 0.993986 0.144017 0.010389 0.334003 0 0.405191 0 0.36788 0 
1 1 0 0.279986 0.4 0 0.991907 0.152891 0.0104789 0.991907 0.152891 0.0104789 0.329968 0 0.410146 0 0.36788 0 
1 1 0 0.283916 0.4 0 0.989315 0.161713 0.0105928 0.989315 0.161713 0.0105928 0.325738 0 0.415473 0 0.36788 0 
1 1 0 0.28766 0.4 0 0.986153 0.170429 0.010734 0.986153 0.170429 0.010734 0.321333 0 0.421168 0 0.36788 0 
1 1 0 0.29121 0.4 0 0.98238 0.178981 0.0109061 0.98238 0.178981 0.0109061 0.316779 0 0.427222 0 0.36788 0 
1 1 0 0.29456 0.4 0 0.977979 0.187309 0.0111116 0.977979 0.187309 0.0111116 0.312107 0 0.433618 0 0.36788 0 
1 1 0 0.297706 0.4 0 0.97296 0.195363 0.0113524 0.97296 0.195363 0.0113524 0.307347 0 0.440332 0 0.36788 0 
1 1 0 0.300647 0.4 0 0.967354 0.203099 0.0116296 0.967354 0.203099 0.0116296 0.30253 0 0.447344 0 0.36788 0 
1 1 0 0.303386 0.4 0 0.961211 0.210493 0.0119437 0.961211 0.210493 0.0119437 0.29768 0 0.454632 0 0.36788 0 
1 1 0 0.305931 0.4 0 0.954591 0.217533 0.0122948 0.954591 0.217533 0.0122948 0.292816 0 0.462184 0 0.367881 0 
1 1 0 0.308295 0.4 0 0.947555 0.224223 0.0126826 0.947555 0.224223 0.0126826 0.287951 0 0.469992 0 0.367881 0 
1 1 0 0.310491 0.4 0 0.940163 0.230576 0.0131072 0.940163 0.230576 0.0131072 0.283092 0 0.478059 0 0.367881 0 
1 1 0 0.312533 0.4 0 0.932469 0.23661 0.0135686 0.932469 0.23661 0.0135686 0.278242 0 0.486392 0 0.367881 0 
1 1 0 0.314435 0.4 0 0.92452 0.24235 0.0140673 0.92452 0.24235 0.0140673 0.273399 0 0.495008 0 0.367882 0 
1 1 0 0.316209 0.4 0 0.916355 0.247819 0.0146039 0.916355 0.247819 0.0146039 0.268561 0 0.503924 0 0.367882 0 
1 1 0 0.317869 0.4 0 0.90801 0.253041 0.0151793 0.90801 0.253041 0.0151793 0.263724 0 0.513167 0 0.367882 0 
1 1 0 0.319424 0.4 0 0.899511 0.258037 0.0157951 0.899511 0.258037 0.0157951 0.258882 0 0.522763 0 0.367883 0 
1 1 0 0.320884 0.4 0 0.890882 0.26283 0.0164526 0.890882 0.26283 0.0164526 0.254032 0 0.532743 0 0.367884 0 
1 1 0 0.322257 0.4 0 0.882139 0.26744 0.017154 0.882139 0.26744 0.017154 0.249166 0 0.543146 0 0.367885 0 
1 1 0 0.32355 0.4 0 0.873303 0.271882 0.0179012 0.873303 0.271882 0.0179012 0.244282 0 0.554003 0 0.367886 0 
1 1 0 0.324769 0.4 0 0.864386 0.276172 0.0186968 0.864386 0.276172 0.0186968 0.239375 0 0.565357 0 0.367887 0 
1 1 0 0.325919 0.4 0 0.855399 0.280324 0.0195433 0.855399 0.280324 0.0195433 0.234443 0 0.57725 0 0.367889 0 
1 1 0 0.327004 0.4 0 0.846353 0.284351 0.0204439 0.846353 0.284351 0.0204439 0.22948 0 0.589729 0 0.367891 0 
1 1 0 0.328027 0.4 0 0.837257 0.288263 0.0214016 0.837257 0.288263 0.0214016 0.224486 0 0.602845 0 0.367893 0 
1 1 0 0.328992 0.4 0 0.828116 0.292071 0.0224202 0.828116 0.292071 0.0224202 0.219457 0 0.616653 0 0.367896 0 
1 1 0 0.329901 0.4 0 0.818938 0.295784 0.0235033 0.818938 0.295784 0.0235033 0.214393 0 0.631214 0 0.3679 0 
1 1 0 0.330756 0.4 0 0.809729 0.29941 0.0246552 0.809729 0.29941 0.0246552 0.209292 0 0.64659 0 0.367904 0 
1 1 0 0.331558 0.4 0 0.800493 0.302956 0.0258802 0.800493 0.302956 0.0258802 0.204154 0 0.662853 0 0.36791 0 
1 1 0 0.332307 0.4 0 0.791236 0.306429 0.027183 0.791236 0.306429 0.027183 0.198979 0 0.680079 0 0.367916 0 
1 1 0 0.333004 0.4 0 0.781962 0.309834 0.0285688 0.781962 0.309834 0.0285688 0.193768 0 0.698352 0 0.367925 0 
1 1 0 0.333649 0.4 0 0.772675 0.313177 0.0300427 0.772675 0.313177 0.0300427 0.188523 0 0.717762 0 0.367935 0 
1 1 0 0.334242 0.4 0 0.763379 0.316462 0.0316105 0.763379 0.316462 0.0316105 0.183245 0 0.738409 0 0.367949 0 
1 1 0 0.334782 0.4 0 0.754079 0.319694 0.0332781 0.754079 0.319694 0.0332781 0.177938 0 0.7604 0 0.367965 0 
1 1 0 0.335267 0.4 0 0.744778 0.322877 0.0350518 0.744778 0.322877 0.0350518 0.172604 0 0.783853 0 0.367985 0 
1 1 0 0.335696 0.4 0 0.735481 0.326014 0.036938 0.735481 0.326014 0.036938 0.167249 0 0.808898 0 0.368011 0 
1 1 0 0.336067 0.4 0 0.726191 0.329107 0.0389434 0.726191 0.329107 0.0389434 0.161876 0 0.835674 0 0.368042 0 
1 1 0 0.336377 0.4 0 0.716914 0.33216 0.041075 0.716914 0.33216 0.041075 0.156491 0 0.864334 0 0.368082 0 
1 1 0 0.336624 0.4 0 0.707655 0.335175 0.0433398 0.707655 0.335175 0.0433398 0.151101 0 0.895045 0 0.368132 0 
1 1 0 0.336804 0.4 0 0.698417 0.338154 0.0457449 0.698417 0.338154 0.0457449 0.145713 0 0.927987 0 0.368194 0 
1 1 0 0.336914 0.4 0 0.689206 0.341098 0.0482972 0.689206 0.341098 0.0482972 0.140334 0 0.963355 0 0.368271 0 
1 1 0 0.33695 0.4 0 0.680355 0.343906 0.0509047 0.680355 0.343906 0.0509047 0.135162 0 0.999961 0 0.368364 0 
2 1 0 0.33691 0.4 0 0.671215 0.346786 0.0537658 0.671215 0.346786 0.0537658 0.129826 0 1.04072 0 0.368484 0 
2 1 0 0.336787 0.4 0 0.662121 0.349635 0.0567935 0.662121 0.349635 0.0567935 0.124526 0 1.08458 0 0.368634 0 
2 1 0 0.336575 0.4 0 0.653078 0.352452 0.0599933 0.653078 0.352452 0.0599933 0.11927 0 1.1318 0 0.368821 0 
2 1 0 0.336268 0.4 0 0.644093 0.355239 0.0633701 0.644093 0.355239 0.0633701 0.114069 0 1.18267 0 0.369053 0 
2 1 0 0.335861 0.4 0 0.635172 0.357995 0.0669277 0.635172 0.357995 0.0669277 0.108932 0 1.23747 0 0.36934 0 
2 1 0 0.335347 0.4 0 0.626322 0.360721 0.0706687 0.626322 0.360721 0.0706687 0.103871 0 1.29652 0 0.369696 0 
2 1 0 0.334719 0.4 0 0.617551 0.363416 0.0745945 0.617551 0.363416 0.0745945 0.0988939 0 1.36015 0 0.370134 0 
2 1 0 0.333969 0.4 0 0.608865 0.366079 0.0787048 0.608865 0.366079 0.0787048 0.0940114 0 1.42872 0 0.370672 0 
2 1 0 0.33309 0.4 0 0.60027 0.36871 0.0829977 0.60027 0.36871 0.0829977 0.0892321 0 1.50257 0 0.37133 0 
2 1 0 0.332072 0.4 0 0.591772 0.371307 0.0874692 0.591772 0.371307 0.0874692 0.0845646 0 1.5821 0 0.372129 0 
2 1 0 0.330907 0.4 0 0.583375 0.373871 0.0921136 0.583375 0.373871 0.0921136 0.0800165 0 1.6677 0 0.373095 0 
2 1 0 0.329585 0.4 0 0.575085 0.3764 0.096923 0.575085 0.3764 0.096923 0.0755949 0 1.75976 0 0.374257 0 
2 1 0 0.328094 0.4 0 0.566905 0.378894 0.101887 0.566905 0.378894 0.101887 0.0713057 0 1.85872 0 0.375645 0 
2 1 0 0.326424 0.4 0 0.558837 0.381351 0.106994 0.558837 0.381351 0.106994 0.0671545 0 1.96501 0 0.377292 0 
2 1 0 0.32456 0.4 0 0.550883 0.38377 0.112229 0.550883 0.38377 0.112229 0.0631457 0 2.07906 0 0.379232 0 
2 1 0 0.322489 0.4 0 0.543043 0.386151 0.117575 0.543043 0.386151 0.117575 0.0592835 0 2.20135 0 0.381499 0 
2 1 0 0.320192 0.4 0 0.535317 0.388492 0.123012 0.535317 0.388492 0.123012 0.0555713 0 2.33233 0 0.384128 0 
2 1 0 0.317651 0.4 0 0.527705 0.390792 0.128517 0.527705 0.390792 0.128517 0.0520125 0 2.47247 0 0.387149 0 
2 1 0 0.314842 0.4 0 0.520206 0.393051 0.134064 0.520206 0.393051 0.134064 0.0486101 0 2.62223 0 0.390588 0 
2 1 0 0.311738 0.4 0 0.512819 0.395265 0.139622 0.512819 0.395265 0.139622 0.0453675 0 2.78205 0 0.394464 0 
2 1 0 0.308307 0.4 0 0.505545 0.397434 0.145156 0.505545 0.397434 0.145156 0.0422881 0 2.95232 0 0.398782 0 
2 1 0 0.304514 0.4 0 0.498388 0.399556 0.150622 0.498388 0.399556 0.150622 0.0393761 0 3.13335 0 0.40353 0 
2 1 0 0.300313 0.4 0 0.491355 0.401627 0.15597 0.491355 0.401627 0.15597 0.0366364 0 3.32529 0 0.408671 0 
2 1 0 0.295656 0.4 0 0.484461 0.403645 0.161138 0.484461 0.403645 0.161138 0.0340753 0 3.52802 0 0.414139 0 
2 1 0 0.29049 0.4 0 0.477729 0.405603 0.166054 0.477729 0.405603 0.166054 0.0317004 0 3.74098 0 0.419823 0 
2 1 0 0.284761 0.4 0 0.471198 0.407495 0.170632 0.471198 0.407495 0.170632 0.0295208 0 3.96296 0 0.425568 0 
2 1 0 0.278425 0.4 0 0.464923 0.409309 0.174776 0.464923 0.409309 0.174776 0.0275469 0 4.19176 0 0.431169 0 
2 1 0 0.271455 0.4 0 0.458976 0.411034 0.178393 0.458976 0.411034 0.178393 0.0257888 0 4.42397 0 0.436388 0 
2 1 0 0.263861 0.4 0 0.45344 0.412651 0.181404 0.45344 0.412651 0.181404 0.0242536 0 4.65494 0 0.440988 0 
2 1 0 0.255693 0.4 0 0.448394 0.414144 0.183772 0.448394 0.414144 0.183772 0.0229414 0 4.87921 0 0.444782 0 
2 1 0 0.247037 0.4 0 0.443898 0.415499 0.18551 0.443898 0.415499 0.18551 0.0218432 0 5.09132 0 0.447682 0 
2 1 0 0.237994 0.4 0 0.439977 0.416707 0.186684 0.439977 0.416707 0.186684 0.0209405 0 5.28679 0 0.449714 0 
2 1 0 0.228661 0.4 0 0.436618 0.417766 0.187395 0.436618 0.417766 0.187395 0.0202088 0 5.46269 0 0.450993 0 
2 1 0 0.219121 0.4 0 0.433784 0.41868 0.187754 0.433784 0.41868 0.187754 0.0196214 0 5.61767 0 0.45168 0 
2 1 0 0.209436 0.4 0 0.431424 0.419459 0.187867 0.431424 0.419459 0.187867 0.019153 0 5.75172 0 0.451942 0 
2 1 0 0.199649 0.4 0 0.42948 0.420113 0.187822 0.42948 0.420113 0.187822 0.0187814 0 5.86572 0 0.451926 0 
2 1 0 0.189791 0.4 0 0.427896 0.420655 0.187687 0.427896 0.420655 0.187687 0.0184881 0 5.96114 0 0.451746 0 
2 1 0 0.179884 0.4 0 0.426618 0.421099 0.187509 0.426618 0.421099 0.187509 0.0182578 0 6.03979 0 0.451487 0 
2 1 0 0.169944 0.4 0 0.4256 0.421457 0.187322 0.4256 0.421457 0.187322 0.0180782 0 6.10362 0 0.451205 0 
2 1 0 0.159982 0.4 0 0.424798 0.421742 0.187146 0.424798 0.421742 0.187146 0.0179393 0 6.15457 0 0.450934 0 
2 1 0 0.150005 0.4 0 0.424176 0.421964 0.18699 0.424176 0.421964 0.18699 0.017833 0 6.19457 0 0.450693 0 
2 1 0 0.140019 0.4 0 0.423701 0.422136 0.186861 0.423701 0.422136 0.186861 0.0177527 0 6.22538 0 0.450492 0 
2 1 0 0.130026 0.4 0 0.423344 0.422264 0.186757 0.423344 0.422264 0.186757 0.0176929 0 6.24864 0 0.45033 0 
2 1 0 0.120029 0.4 0 0.423083 0.422359 0.186678 0.423083 0.422359 0.186678 0.0176493 0 6.2658 0 0.450206 0 
2 1 0 0.110031 0.4 0 0.422895 0.422427 0.186619 0.422895 0.422427 0.186619 0.0176183 0 6.27812 0 0.450114 0 
2 1 0 0.100032 0.4 0 0.422765 0.422475 0.186577 0.422765 0.422475 0.186577 0.0175968 0 6.28671 0 0.450049 0 
2 1 0 0.0900324 0.4 0 0.422678 0.422507 0.186549 0.422678 0.422507 0.186549 0.0175824 0 6.29247 0 0.450005 0 
2 1 0 0.0800326 0.4 0 0.422622 0.422527 0.18653 0.422622 0.422527 0.18653 0.0175732 0 6.29617 0 0.449976 0 
2 1 0 0.0700326 0.4 0 0.422588 0.422539 0.186519 0.422588 0.422539 0.186519 0.0175676 0 6.29842 0 0.449958 0 
2 1 0 0.0600326 0.4 0 0.422569 0.422546 0.186513 0.422569 0.422546 0.186513 0.0175644 0 6.2997 0 0.449948 0 
2 1 0 0.0500326 0.4 0 0.422559 0.42255 0.18651 0.422559 0.42255 0.18651 0.0175628 0 6.30035 0 0.449943 0 
2 1 0 0.0400326 0.4 0 0.422555 0.422552 0.186508 0.422555 0.422552 0.186508 0.0175621 0 6.30065 0 0.449941 0 
2 1 0 0.0300326 0.4 0 0.422553 0.422552 0.186507 0.422553 0.422552 0.186507 0.0175618 0 6.30076 0 0.44994 0 
2 1 0 0.0200326 0.4 0 0.422553 0.422553 0.186507 0.422553 0.422553 0.186507 0.0175617 0 6.30079 0 0.44994 0 
2 1 0 0.0100326 0.4 0 0.422553 0.422553 0.186507 0.422553 0.422553 0.186507 0.0175617 0 6.30079 0 0.44994 0 
2 1 0 3.25971e-05 0.4 0 0.422553 0.422553 0.186507 0.422553 0.422553 0.186507 0.0175617 0 6.30079 0 0.44994 0 
2 1 0 -0.0099674 0.4 0 0.422553 0.422553 0.186507 0.422553 0.422553 0.186507 0.0175617 0 6.30079 0 0.44994 0 
1 1 0 0 0.4 0 0.0101362 1 0.0101362 0.0101362 1 0.0101362 0.0175617 0 6.30079 0 0.44994 0 
1 1 0 0.002 0.4 0 0.0101362 1 0.0101362 0.0101362 1 0.0101362 0.367615 0 0.368144 0 0.367879 0 
1 1 0 0.004 0.4 0 0.0101362 1 0.0101362 0.0101362 1 0.0101362 0.367615 0 0.368144 0 0.367879 0 
1 1 0 0.008 0.4 0 0.0101362 1 0.0101362 0.0101362 1 0.0101362 0.367615 0 0.368144 0 0.367879 0 
1 1 0 0.016 0.4 0 0.0101362 1 0.0101363 0.0101362 1 0.0101363 0.367615 0 0.368144 0 0.367879 0 
1 1 0 0.026 0.4 0 0.0101362 1 0.0101374 0.0101362 1 0.0101374 0.367615 0 0.368144 0 0.367879 0 
1 1 0 0.036 0.4 0 0.0101362 1 0.0101421 0.0101362 1 0.0101421 0.367615 0 0.368144 0 0.367879 0 
1 1 0 0.046 0.4 0 0.0101362 1 0.0101561 0.0101362 1 0.0101561 0.367614 0 0.368145 0 0.367879 0 
1 1 0 0.056 0.4 0 0.0101362 1 0.0101894 0.0101362 1 0.0101894 0.367879 0 0.367614 0 0.368145 0 
1 1 0 0.0659998 0.4 0 0.0101362 1 0.0102572 0.0101362 1 0.0102572 0.367879 0 0.368147 0 0.367612 0 
1 1 0 0.0759992 0.4 0 0.0101362 1 0.0103812 0.0101362 1 0.0103812 0.367879 0 0.367608 0 0.368151 0 
1 1 0 0.0859974 0.4 0 0.0101362 1 0.0105907 0.0101362 1 0.0105907 0.367879 0 0.368156 0 0.367603 0 
1 1 0 0.0959926 0.4 0 0.0101362 1 0.0109235 0.0101362 1 0.0109235 0.367879 0 0.367593 0 0.368166 0 
1 1 0 0.105981 0.4 0 0.0101362 1 0.011427 0.0101362 1 0.011427 0.367879 0 0.367577 0 0.368182 0 
1 1 0 0.115955 0.4 0 0.0101362 1 0.0121584 0.0101362 1 0.0121584 0.367879 0 0.368207 0 0.367552 0 
1 1 0 0.125902 0.4 0 0.0101362 1 0.0131848 0.0101362 1 0.0131848 0.367879 0 0.367513 0 0.368247 0 
1 1 0 0.135804 0.4 0 0.0101362 1 0.0145813 0.0101362 1 0.0145813 0.367879 0 0.367451 0 0.368309 0 
1 1 0 0.145632 0.4 0 0.0101362 1 0.0164282 0.0101362 1 0.0164282 0.367879 0 0.367356 0 0.368404 0 
1 1 0 0.155345 0.4 0 0.0101362 1 0.0188047 0.0101362 1 0.0188047 0.367879 0 0.367212 0 0.368548 0 
1 1 0 0.164892 0.4 0 0.0101362 1 0.0217811 0.0101362 1 0.0217811 0.367879 0 0.367002 0 0.368759 0 
1 1 0 0.174211 0.4 0 0.0101362 0.999999 0.0254084 0.0101362 0.999999 0.0254084 0.36788 0 0.3667 0 0.369062 0 
1 1 0 0.183238 0.4 0 0.0101363 0.999998 0.0297105 0.0101363 0.999998 0.0297105 0.36788 0 0.366281 0 0.369485 0 
1 1 0 0.191916 0.4 0 0.0101364 0.999995 0.0346797 0.0101364 0.999995 0.0346797 0.36788 0 0.365715 0 0.370056 0 
1 1 0 0.200202 0.4 0 0.0101366 0.99999 0.0402794 0.0101366 0.99999 0.0402794 0.36788 0 0.370806 0 0.364976 0 
1 1 0 0.208069 0.4 0 0.0101371 0.999979 0.0464519 0.0101371 0.999979 0.0464519 0.36788 0 0.37176 0 0.364039 0 
1 1 0 0.215514 0.4 0 0.0101379 0.999959 0.0531284 0.0101379 0.999959 0.0531284 0.36788 0 0.362883 0 0.372944 0 
1 1 0 0.222546 0.4 0 0.0101393 0.999923 0.060238 0.0101393 0.999923 0.060238 0.36788 0 0.361494 0 0.374377 0 
1 1 0 0.229187 0.4 0 0.0101419 0.999861 0.0677141 0.0101419 0.999861 0.0677141 0.36788 0 0.359862 0 0.376076 0 
1 1 0 0.235465 0.4 0 0.010146 0.999761 0.0754975 0.010146 0.999761 0.0754975 0.36788 0 0.357979 0 0.378053 0 
1 1 0 0.241409 0.4 0 0.0101524 0.999603 0.0835374 0.0101524 0.999603 0.0835374 0.36788 0 0.355844 0 0.380322 0 
1 1 0 0.24705 0.4 0 0.0101622 0.999364 0.0917911 0.0101622 0.999364 0.0917911 0.36788 0 0.353456 0 0.382892 0 
1 1 0 0.252416 0.4 0 0.0101767 0.999013 0.100222 0.0101767 0.999013 0.100222 0.36788 0 0.350816 0 0.385772 0 
1 1 0 0.257532 0.4 0 0.0101974 0.998513 0.1088 0.0101974 0.998513 0.1088 0.36788 0 0.388974 0 0.347929 0 
1 1 0 0.26242 0.4 0 0.0102264 0.997818 0.117496 0.0102264 0.997818 0.117496 0.36788 0 0.344798 0 0.392506 0 
1 1 0 0.267097 0.4 0 0.0102661 0.996873 0.126284 0.0102661 0.996873 0.126284 0.36788 0 0.341429 0 0.396379 0 
1 1 0 0.271579 0.4 0 0.0103192 0.995618 0.135135 0.0103192 0.995618 0.135135 0.36788 0 0.337827 0 0.400604 0 
1 1 0 0.275874 0.4 0 0.010389 0.993986 0.144017 0.010389 0.993986 0.144017 0.36788 0 0.334003 0 0.405191 0 
1 1 0 0.279986 0.4 0 0.0104789 0.991907 0.152891 0.0104789 0.991907 0.152891 0.36788 0 0.329968 0 0.410146 0 
1 1 0 0.283916 0.4 0 0.0105928 0.989315 0.161713 0.0105928 0.989315 0.161713 0.36788 0 0.325738 0 0.415473 0 
1 1 0 0.28766 0.4 0 0.010734 0.986153 0.170429 0.010734 0.986153 0.170429 0.36788 0 0.321333 0 0.421168 0 
1 1 0 0.29121 0.4 0 0.0109061 0.98238 0.178981 0.0109061 0.98238 0.178981 0.36788 0 0.316779 0 0.427222 0 
1 1 0 0.29456 0.4 0 0.0111116 0.977979 0.187309 0.0111116 0.977979 0.187309 0.36788 0 0.312107 0 0.433618 0 
1 1 0 0.297706 0.4 0 0.0113524 0.97296 0.195363 0.0113524 0.97296 0.195363 0.36788 0 0.307347 0 0.440332 0 
1 1 0 0.300647 0.4 0 0.0116296 0.967354 0.203099 0.0116296 0.967354 0.203099 0.36788 0 0.30253 0 0.447344 0 
1 1 0 0.303386 0.4 0 0.0119437 0.961211 0.210493 0.0119437 0.961211 0.210493 0.36788 0 0.29768 0 0.454632 0 
1 1 0 0.305931 0.4 0 0.0122948 0.954591 0.217533 0.0122948 0.954591 0.217533 0.367881 0 0.292816 0 0.462184 0 
1 1 0 0.308295 0.4 0 0.0126826 0.947555 0.224223 0.0126826 0.947555 0.224223 0.367881 0 0.287951 0 0.469992 0 
1 1 0 0.310491 0.4 0 0.0131072 0.940163 0.230576 0.0131072 0.940163 0.230576 0.367881 0 0.283092 0 0.478059 0 
1 1 0 0.312533 0.4 0 0.0135686 0.932469 0.23661 0.0135686 0.932469 0.23661 0.367881 0 0.278242 0 0.486392 0 
1 1 0 0.314435 0.4 0 0.0140673 0.92452 0.24235 0.0140673 0.92452 0.24235 0.367882 0 0.273399 0 0.495008 0 
1 1 0 0.316209 0.4 0 0.0146039 0.916355 0.247819 0.0146039 0.916355 0.247819 0.367882 0 0.268561 0 0.503924 0 
1 1 0 0.317869 0.4 0 0.0151793 0.90801 0.253041 0.0151793 0.90801 0.253041 0.367882 0 0.263724 0 0.513167 0 
1 1 0 0.319424 0.4 0 0.0157951 0.899511 0.258037 0.0157951 0.899511 0.258037 0.367883 0 0.258882 0 0.522763 0 
1 1 0 0.320884 0.4 0 0.0164526 0.890882 0.26283 0.0164526 0.890882 0.26283 0.367884 0 0.254032 0 0.532743 0 
1 1 0 0.322257 0.4 0 0.017154 0.882139 0.26744 0.017154 0.882139 0.26744 0.367885 0 0.249166 0 0.543146 0 
1 1 0 0.32355 0.4 0 0.0179012 0.873303 0.271882 0.0179012 0.873303 0.271882 0.367886 0 0.244282 0 0.554003 0 
1 1 0 0.324769 0.4 0 0.0186968 0.864386 0.276172 0.0186968 0.864386 0.276172 0.367887 0 0.239375 0 0.565357 0 
1 1 0 0.325919 0.4 0 0.0195433 0.855399 0.280324 0.0195433 0.855399 0.280324 0.367889 0 0.234443 0 0.57725 0 
1 1 0 0.327004 0.4 0 0.0204439 0.846353 0.284351 0.0204439 0.846353 0.284351 0.367891 0 0.22948 0 0.589729 0 
1 1 0 0.328027 0.4 0 0.0214016 0.837257 0.288263 0.0214016 0.837257 0.288263 0.367893 0 0.602845 0 0.224486 0 
1 1 0 0.328992 0.4 0 0.0224202 0.828116 0.292071 0.0224202 0.828116 0.292071 0.367896 0 0.219457 0 0.616653 0 
1 1 0 0.329901 0.4 0 0.0235033 0.818938 0.295784 0.0235033 0.818938 0.295784 0.3679 0 0.214393 0 0.631214 0 
1 1 0 0.330756 0.4 0 0.0246552 0.809729 0.29941 0.0246552 0.809729 0.29941 0.367904 0 0.209292 0 0.64659 0 
1 1 0 0.331558 0.4 0 0.0258802 0.800493 0.302956 0.0258802 0.800493 0.302956 0.36791 0 0.204154 0 0.662853 0 
1 1 0 0.332307 0.4 0 0.027183 0.791236 0.306429 0.027183 0.791236 0.306429 0.367916 0 0.198979 0 0.680079 0 
1 1 0 0.333004 0.4 0 0.0285688 0.781962 0.309834 0.0285688 0.781962 0.309834 0.367925 0 0.193768 0 0.698352 0 
1 1 0 0.333649 0.4 0 0.0300427 0.772675 0.313177 0.0300427 0.772675 0.313177 0.367935 0 0.188523 0 0.717762 0 
1 1 0 0.334242 0.4 0 0.0316105 0.763379 0.316462 0.0316105 0.763379 0.316462 0.367949 0 0.738409 0 0.183245 0 
1 1 0 0.334782 0.4 0 0.0332781 0.754079 0.319694 0.0332781 0.754079 0.319694 0.367965 0 0.7604 0 0.177938 0 
1 1 0 0.335267 0.4 0 0.0350518 0.744778 0.322877 0.0350518 0.744778 0.322877 0.367985 0 0.783853 0 0.172604 0 
1 1 0 0.335696 0.4 0 0.036938 0.735481 0.326014 0.036938 0.735481 0.326014 0.368011 0 0.167249 0 0.808898 0 
1 1 0 0.336067 0.4 0 0.0389434 0.726191 0.329107 0.0389434 0.726191 0.329107 0.368042 0 0.161876 0 0.835674 0 
1 1 0 0.336377 0.4 0 0.041075 0.716914 0.33216 0.041075 0.716914 0.33216 0.368082 0 0.156491 0 0.864334 0 
1 1 0 0.336624 0.4 0 0.0433398 0.707655 0.335175 0.0433398 0.707655 0.335175 0.368132 0 0.151101 0 0.895045 0 
1 1 0 0.336804 0.4 0 0.0457449 0.698417 0.338154 0.0457449 0.698417 0.338154 0.368194 0 0.145713 0 0.927987 0 
1 1 0 0.336914 0.4 0 0.0482972 0.689206 0.341098 0.0482972 0.689206 0.341098 0.368271 0 0.140334 0 0.963355 0 
1 1 0 0.33695 0.4 0 0.0509047 0.680355 0.343906 0.0509047 0.680355 0.343906 0.368364 0 0.135162 0 0.999961 0 
2 1 0 0.33691 0.4 0 0.0537658 0.671215 0.346786 0.0537658 0.671215 0.346786 0.368484 0 0.129826 0 1.04072 0 
2 1 0 0.336787 0.4 0 0.0567935 0.662121 0.349635 0.0567935 0.662121 0.349635 0.368634 0 0.124526 0 1.08458 0 
2 1 0 0.336575 0.4 0 0.0599933 0.653078 0.352452 0.0599933 0.653078 0.352452 0.368821 0 0.11927 0 1.1318 0 
2 1 0 0.336268 0.4 0 0.0633701 0.644093 0.355239 0.0633701 0.644093 0.355239 0.369053 0 0.114069 0 1.18267 0 
2 1 0 0.335861 0.4 0 0.0669277 0.635172 0.357995 0.0669277 0.635172 0.357995 0.36934 0 0.108932 0 1.23747 0 
2 1 0 0.335347 0.4 0 0.0706687 0.626322 0.360721 0.0706687 0.626322 0.360721 0.369696 0 0.103871 0 1.29652 0 
2 1 0 0.334719 0.4 0 0.0745945 0.617551 0.363416 0.0745945 0.617551 0.363416 0.370134 0 0.0988939 0 1.36015 0 
2 1 0 0.333969 0.4 0 0.0787048 0.608865 0.366079 0.0787048 0.608865 0.366079 0.370672 0 0.0940114 0 1.42872 0 
2 1 0 0.33309 0.4 0 0.0829977 0.60027 0.36871 0.0829977 0.60027 0.36871 0.37133 0 0.0892321 0 1.50257 0 
2 1 0 0.332072 0.4 0 0.0874692 0.591772 0.371307 0.0874692 0.591772 0.371307 0.372129 0 0.0845646 0 1.5821 0 
2 1 0 0.330907 0.4 0 0.0921136 0.583375 0.373871 0.0921136 0.583375 0.373871 0.373095 0 0.0800165 0 1.6677 0 
2 1 0 0.329585 0.4 0 0.096923 0.575085 0.3764 0.096923 0.575085 0.3764 0.374257 0 0.0755949 0 1.75976 0 
2 1 0 0.328094 0.4 0 0.101887 0.566905 0.378894 0.101887 0.566905 0.378894 0.375645 0 0.0713057 0 1.85872 0 
2 1 0 0.326424 0.4 0 0.106994 0.558837 0.381351 0.106994 0.558837 0.381351 0.377292 0 0.0671545 0 1.96501 0 
2 1 0 0.32456 0.4 0 0.112229 0.550883 0.38377 0.112229 0.550883 0.38377 0.379232 0 2.07906 0 0.0631457 0 
2 1 0 0.322489 0.4 0 0.117575 0.543043 0.386151 0.117575 0.543043 0.386151 0.381499 0 0.0592835 0 2.20135 0 
2 1 0 0.320192 0.4 0 0.123012 0.535317 0.388492 0.123012 0.535317 0.388492 0.384128 0 0.0555713 0 2.33233 0 
2 1 0 0.317651 0.4 0 0.128517 0.527705 0.390792 0.128517 0.527705 0.390792 0.387149 0 0.0520125 0 2.47247 0 
2 1 0 0.314842 0.4 0 0.134064 0.520206 0.393051 0.134064 0.520206 0.393051 0.390588 0 0.0486101 0 2.62223 0 
2 1 0 0.311738 0.4 0 0.139622 0.512819 0.395265 0.139622 0.512819 0.395265 0.394464 0 0.0453675 0 2.78205 0 
2 1 0 0.308307 0.4 0 0.145156 0.505545 0.397434 0.145156 0.505545 0.397434 0.398782 0 0.0422881 0 2.95232 0 
2 1 0 0.304514 0.4 0 0.150622 0.498388 0.399556 0.150622 0.498388 0.399556 0.40353 0 0.0393761 0 3.13335 0 
2 1 0 0.300313 0.4 0 0.15597 0.491355 0.401627 0.15597 0.491355 0.401627 0.408671 0 0.0366364 0 3.32529 0 
2 1 0 0.295656 0.4 0 0.161138 0.484461 0.403645 0.161138 0.484461 0.403645 0.414139 0 0.0340753 0 3.52802 0 
2 1 0 0.29049 0.4 0 0.166054 0.477729 0.405603 0.166054 0.477729 0.405603 0.419823 0 0.0317004 0 3.74098 0 
2 1 0 0.284761 0.4 0 0.170632 0.471198 0.407495 0.170632 0.471198 0.407495 0.425568 0 0.0295208 0 3.96296 0 
2 1 0 0.278425 0.4 0 0.174776 0.464923 0.409309 0.174776 0.464923 0.409309 0.431169 0 0.0275469 0 4.19176 0 
2 1 0 0.271455 0.4 0 0.178393 0.458976 0.411034 0.178393 0.458976 0.411034 0.436388 0 0.0257888 0 4.42397 0 
2 1 0 0.263861 0.4 0 0.181404 0.45344 0.412651 0.181404 0.45344 0.412651 0.440988 0 0.0242536 0 4.65494 0 
2 1 0 0.255693 0.4 0 0.183772 0.448394 0.414144 0.183772 0.448394 0.414144 0.444782 0 0.0229414 0 4.87921 0 
2 1 0 0.247037 0.4 0 0.18551 0.443898 0.415499 0.18551 0.443898 0.415499 0.447682 0 0.0218432 0 5.09132 0 
2 1 0 0.237994 0.4 0 0.186684 0.439977 0.416707 0.186684 0.439977 0.416707 0.449714 0 0.0209405 0 5.28679 0 
2 1 0 0.228661 0.4 0 0.187395 0.436618 0.417766 0.187395 0.436618 0.417766 0.450993 0 0.0202088 0 5.46269 0 
2 1 0 0.219121 0.4 0 0.187754 0.433784 0.41868 0.187754 0.433784 0.41868 0.45168 0 0.0196214 0 5.61767 0 
2 1 0 0.209436 0.4 0 0.187867 0.431424 0.419459 0.187867 0.431424 0.419459 0.451942 0 0.019153 0 5.75172 0 
2 1 0 0.199649 0.4 0 0.187822 0.42948 0.420113 0.187822 0.42948 0.420113 0.451926 0 0.0187814 0 5.86572 0 
2 1 0 0.189791 0.4 0 0.187687 0.427896 0.420655 0.187687 0.427896 0.420655 0.451746 0 0.0184881 0 5.96114 0 
2 1 0 0.179884 0.4 0 0.187509 0.426618 0.421099 0.187509 0.426618 0.421099 0.451487 0 0.0182578 0 6.03979 0 
2 1 0 0.169944 0.4 0 0.187322 0.4256 0.421457 0.187322 0.4256 0.421457 0.451205 0 0.0180782 0 6.10362 0 
2 1 0 0.159982 0.4 0 0.187146 0.424798 0.421742 0.187146 0.424798 0.421742 0.450934 0 0.0179393 0 6.15457 0 
2 1 0 0.150005 0.4 0 0.18699 0.424176 0.421964 0.18699 0.424176 0.421964 0.450693 0 0.017833 0 6.19457 0 
2 1 0 0.140019 0.4 0 0.186861 0.423701 0.422136 0.186861 0.423701 0.422136 0.450492 0 0.0177527 0 6.22538 0 
2 1 0 0.130026 0.4 0 0.186757 0.423344 0.422264 0.186757 0.423344 0.422264 0.45033 0 0.0176929 0 6.24864 0 
2 1 0 0.120029 0.4 0 0.186678 0.423083 0.422359 0.186678 0.423083 0.422359 0.450206 0 0.0176493 0 6.2658 0 
2 1 0 0.110031 0.4 0 0.186619 0.422895 0.422427 0.186619 0.422895 0.422427 0.450114 0 0.0176183 0 6.27812 0 
2 1 0 0.100032 0.4 0 0.186577 0.422765 0.422475 0.186577 0.422765 0.422475 0.450049 0 0.0175968 0 6.28671 0 
2 1 0 0.0900324 0.4 0 0.186549 0.422678 0.422507 0.186549 0.422678 0.422507 0.450005 0 0.0175824 0 6.29247 0 
2 1 0 0.0800326 0.4 0 0.18653 0.422622 0.422527 0.18653 0.422622 0.422527 0.449976 0 0.0175732 0 6.29617 0 
2 1 0 0.0700326 0.4 0 0.186519 0.422588 0.422539 0.186519 0.422588 0.422539 0.449958 0 0.0175676 0 6.29842 0 
2 1 0 0.0600326 0.4 0 0.186513 0.422569 0.422546 0.186513 0.422569 0.422546 0.449948 0 0.0175644 0 6.2997 0 
2 1 0 0.0500326 0.4 0 0.18651 0.422559 0.42255 0.18651 0.422559 0.42255 0.449943 0 0.0175628 0 6.30035 0 
2 1 0 0.0400326 0.4 0 0.186508 0.422555 0.422552 0.186508 0.422555 0.422552 0.449941 0 0.0175621 0 6.30065 0 
2 1 0 0.0300326 0.4 0 0.186507 0.422553 0.422552 0.186507 0.422553 0.422552 0.44994 0 0.0175618 0 6.30076 0 
2 1 0 0.0200326 0.4 0 0.186507 0.422553 0.422553 0.186507 0.422553 0.422553 0.44994 0 0.0175617 0 6.30079 0 
2 1 0 0.0100326 0.4 0 0.186507 0.422553 0.422553 0.186507 0.422553 0.422553 0.44994 0 0.0175617 0 6.30079 0 
2 1 0 3.2597e-05 0.4 0 0.186507 0.422553 0.422553 0.186507 0.422553 0.422553 0.44994 0 0.0175617 0 6.30079 0 
2 1 0 -0.0099674 0.4 0 0.186507 0.422553 0.422553 0.186507 0.422553 0.422553 0.44994 0 0.0175617 0 6.30079 0 
2 1 0 1 0.4 0 0.424308 0.424308 0.424308 0.424308 0.424308 0.424308 0.44994 0 0.0175617 0 6.30079 0 
2 1 0 0.998 0.4 2.54267 0.424301 0.424301 0.424301 0.424301 0.424301 0.424301 0.0206804 0 -1.2157 0.964124 -1.2157 -0.964124 
2 1 0 0.996 0.4 2.54287 0.424295 0.424295 0.424295 0.424295 0.424295 0.424295 0.0206797 0 -1.21553 0.964371 -1.21553 -0.964371 
2 1 0 0.992 0.4 2.54327 0.424282 0.424282 0.424282 0.424282 0.424282 0.424282 0.0206783 0 -1.2152 0.964874 -1.2152 -0.964874 
2 1 0 0.984 0.4 2.54409 0.424255 0.424255 0.424255 0.424255 0.424255 0.424255 0.0206754 0 -1.21451 0.965917 -1.21451 -0.965917 
2 1 0 0.974 0.4 2.54518 0.424219 0.424219 0.424219 0.424219 0.424219 0.424219 0.0206715 0 -1.2136 0.967294 -1.2136 -0.967294 
2 1 0 0.964001 0.4 2.54634 0.424181 0.424181 0.424181 0.424181 0.424181 0.424181 0.0206673 0 -1.21264 0.968756 -1.21264 -0.968756 
2 1 0 0.954001 0.4 2.54758 0.42414 0.42414 0.42414 0.42414 0.42414 0.42414 0.0206629 0 -1.21161 0.97031 -1.21161 -0.97031 
2 1 0 0.944001 0.4 2.5489 0.424097 0.424097 0.424097 0.424097 0.424097 0.424097 0.0206582 0 -1.21051 0.971964 -1.21051 -0.971964 
2 1 0 0.934002 0.4 2.5503 0.424051 0.424051 0.424051 0.424051 0.424051 0.424051 0.0206532 0 -1.20933 0.973723 -1.20933 -0.973723 
2 1 0 0.924002 0.4 2.55179 0.424002 0.424002 0.424002 0.424002 0.424002 0.424002 0.0206478 0 -1.20808 0.975596 -1.20808 -0.975596 
2 1 0 0.914002 0.4 2.55339 0.42395 0.42395 0.42395 0.42395 0.42395 0.42395 0.0206421 0 -1.20675 0.977591 -1.20675 -0.977591 
2 1 0 0.904003 0.4 2.5551 0.423895 0.423895 0.423895 0.423895 0.423895 0.423895 0.0206359 0 -1.20532 0.979718 -1.20532 -0.979718 
2 1 0 0.894003 0.4 2.55692 0.423836 0.423836 0.423836 0.423836 0.423836 0.423836 0.0206294 0 -1.20379 0.981987 -1.20379 -0.981987 
2 1 0 0.884004 0.4 2.55887 0.423773 0.423773 0.423773 0.423773 0.423773 0.423773 0.0206223 0 -1.20215 0.984409 -1.20215 -0.984409 
2 1 0 0.874005 0.4 2.56096 0.423705 0.423705 0.423705 0.423705 0.423705 0.423705 0.0206148 0 -1.2004 0.986996 -1.2004 -0.986996 
2 1 0 0.864005 0.4 2.5632 0.423633 0.423633 0.423633 0.423633 0.423633 0.423633 0.0206067 0 -1.19852 0.98976 -1.19852 -0.98976 
2 1 0 0.854006 0.4 2.5656 0.423556 0.423556 0.423556 0.423556 0.423556 0.423556 0.020598 0 -1.1965 0.992716 -1.1965 -0.992716 
2 1 0 0.844007 0.4 2.56818 0.423474 0.423474 0.423474 0.423474 0.423474 0.423474 0.0205886 0 -1.19432 0.995879 -1.19432 -0.995879 
2 1 0 0.834008 0.4 2.57095 0.423386 0.423386 0.423386 0.423386 0.423386 0.423386 0.0205786 0 -1.19199 0.999265 -1.19199 -0.999265 
2 1 0 0.82401 0.4 2.57392 0.423291 0.423291 0.423291 0.423291 0.423291 0.423291 0.0205677 0 -1.18947 1.00289 -1.18947 -1.00289 
2 1 0 0.814011 0.4 2.57712 0.42319 0.42319 0.42319 0.42319 0.42319 0.42319 0.020556 0 -1.18676 1.00678 -1.18676 -1.00678 
2 1 0 0.804013 0.4 2.58057 0.423081 0.423081 0.423081 0.423081 0.423081 0.423081 0.0205434 0 -1.18384 1.01096 -1.18384 -1.01096 
2 1 0 0.794015 0.4 2.58429 0.422964 0.422964 0.422964 0.422964 0.422964 0.422964 0.0205298 0 -1.18068 1.01543 -1.18068 -1.01543 
2 1 0 0.784017 0.4 2.58831 0.422839 0.422839 0.422839 0.422839 0.422839 0.422839 0.020515 0 -1.17727 1.02025 -1.17727 -1.02025 
2 1 0 0.77402 0.4 2.59264 0.422704 0.422704 0.422704 0.422704 0.422704 0.422704 0.020499 0 -1.17357 1.02542 -1.17357 -1.02542 
2 1 0 0.764023 0.4 2.59733 0.422559 0.422559 0.422559 0.422559 0.422559 0.422559 0.0204817 0 -1.16957 1.03098 -1.16957 -1.03098 
2 1 0 0.754027 0.4 2.60241 0.422403 0.422403 0.422403 0.422403 0.422403 0.422403 0.0204629 0 -1.16523 1.03696 -1.16523 -1.03696 
2 1 0 0.744031 0.4 2.60791 0.422235 0.422235 0.422235 0.422235 0.422235 0.422235 0.0204425 0 -1.16051 1.0434 -1.16051 -1.0434 
2 1 0 0.734036 0.4 2.61388 0.422054 0.422054 0.422054 0.422054 0.422054 0.422054 0.0204202 0 -1.15538 1.05035 -1.15538 -1.05035 
2 1 0 0.724042 0.4 2.62036 0.421859 0.421859 0.421859 0.421859 0.421859 0.421859 0.020396 0 -1.14979 1.05783 -1.14979 -1.05783 
2 1 0 0.714048 0.4 2.62742 0.421648 0.421648 0.421648 0.421648 0.421648 0.421648 0.0203695 0 -1.1437 1.0659 -1.1437 -1.0659 
2 1 0 0.704056 0.4 2.6351 0.421421 0.421421 0.421421 0.421421 0.421421 0.421421 0.0203407 0 -1.13705 1.0746 -1.13705 -1.0746 
2 1 0 0.694065 0.4 2.64347 0.421175 0.421175 0.421175 0.421175 0.421175 0.421175 0.0203091 0 -1.12978 1.084 -1.12978 -1.084 
2 1 0 0.684075 0.4 2.65261 0.42091 0.42091 0.42091 0.42091 0.42091 0.42091 0.0202745 0 -1.12182 1.09415 -1.12182 -1.09415 
2 1 0 0.674088 0.4 2.6626 0.420623 0.420623 0.420623 0.420623 0.420623 0.420623 0.0202365 0 -1.1131 1.10511 -1.1131 -1.10511 
2 1 0 0.664102 0.4 2.67354 0.420313 0.420313 0.420313 0.420313 0.420313 0.420313 0.0201949 0 -1.10351 1.11696 -1.10351 -1.11696 
2 1 0 0.654119 0.4 2.68553 0.419977 0.419977 0.419977 0.419977 0.419977 0.419977 0.020149 0 -1.09297 1.12976 -1.09297 -1.12976 
2 1 0 0.644139 0.4 2.69869 0.419613 0.419613 0.419613 0.419613 0.419613 0.419613 0.0200986 0 -1.08137 1.14358 -1.08137 -1.14358 
2 1 0 0.634162 0.4 2.71316 0.41922 0.41922 0.41922 0.41922 0.41922 0.41922 0.020043 0 -1.06857 1.15853 -1.06857 -1.15853 
2 1 0 0.624189 0.4 2.72909 0.418794 0.418794 0.418794 0.418794 0.418794 0.418794 0.0199816 0 -1.05442 1.17467 -1.05442 -1.17467 
2 1 0 0.614221 0.4 2.74666 0.418332 0.418332 0.418332 0.418332 0.418332 0.418332 0.0199137 0 -1.03877 1.1921 -1.03877 -1.1921 
2 1 0 0.604258 0.4 2.76607 0.417833 0.417833 0.417833 0.417833 0.417833 0.417833 0.0198386 0 -1.02143 1.2109 -1.02143 -1.2109 
2 1 0 0.594302 0.4 2.78754 0.417292 0.417292 0.417292 0.417292 0.417292 0.417292 0.0197554 0 -1.00219 1.23117 -1.00219 -1.23117 
2 1 0 0.584353 0.4 2.81134 0.416707 0.416707 0.416707 0.416707 0.416707 0.416707 0.0196633 0 -0.980813 1.25299 -0.980813 -1.25299 
2 1 0 0.574413 0.4 2.83776 0.416074 0.416074 0.416074 0.416074 0.416074 0.416074 0.019561 0 -0.957022 1.27645 -0.957022 -1.27645 
2 1 0 0.564483 0.4 2.86714 0.415389 0.415389 0.415389 0.415389 0.415389 0.415389 0.0194475 0 -0.930518 1.30162 -0.930518 -1.30162 
2 1 0 0.554565 0.4 2.89987 0.41465 0.41465 0.41465 0.41465 0.41465 0.41465 0.0193216 0 -0.900959 1.32854 -0.900959 -1.32854 
2 1 0 0.54466 0.4 2.93641 0.413853 0.413853 0.413853 0.413853 0.413853 0.413853 0.0191818 0 -0.867966 1.35727 -0.867966 -1.35727 
2 1 0 0.534771 0.4 2.97726 0.412995 0.412995 0.412995 0.412995 0.412995 0.412995 0.0190267 0 -0.831114 1.38779 -0.831114 -1.38779 
2 1 0 0.524899 0.4 3.02303 0.412071 0.412071 0.412071 0.412071 0.412071 0.412071 0.0188547 0 -0.789937 1.42006 -0.789937 -1.42006 
2 1 0 0.515046 0.4 3.07439 0.41108 0.41108 0.41108 0.41108 0.41108 0.41108 0.0186642 0 -0.743925 1.45399 -0.743925 -1.45399 
2 1 0 0.505216 0.4 3.13215 0.410019 0.410019 0.410019 0.410019 0.410019 0.410019 0.0184537 0 -0.692528 1.48941 -0.692528 -1.48941 
2 1 0 0.49541 0.4 3.19723 0.408886 0.408886 0.408886 0.408886 0.408886 0.408886 0.0182215 0 -0.635164 1.52607 -0.635164 -1.52607 
2 1 0 0.48563 0.4 3.27069 0.407679 0.407679 0.407679 0.407679 0.407679 0.407679 0.0179661 0 -0.571223 1.56361 -0.571223 -1.56361 
2 1 0 0.475878 0.4 3.35379 0.406398 0.406398 0.406398 0.406398 0.406398 0.406398 0.0176861 0 -0.500088 1.60155 -0.500088 -1.60155 
2 1 0 0.466156 0.4 3.44799 0.405044 0.405044 0.405044 0.405044 0.405044 0.405044 0.0173806 0 -0.421157 1.63925 -0.421157 -1.63925 
2 1 0 0.456465 0.4 3.55498 0.403618 0.403618 0.403618 0.403618 0.403618 0.403618 0.0170487 0 -0.333864 1.67596 -0.333864 -1.67596 
2 1 0 0.446805 0.4 3.6768 0.402123 0.402123 0.402123 0.402123 0.402123 0.402123 0.0166901 0 -0.237721 1.7107 -0.237721 -1.7107 
2 1 0 0.437176 0.4 3.81582 0.400564 0.400564 0.400564 0.400564 0.400564 0.400564 0.0163053 0 -0.132361 1.74239 -0.132361 -1.74239 
2 1 0 0.427576 0.4 3.97487 0.398946 0.398946 0.398946 0.398946 0.398946 0.398946 0.015895 0 -0.0175788 1.76973 -0.0175788 -1.76973 
2 1 0 0.418003 0.4 4.15733 0.397276 0.397276 0.397276 0.397276 0.397276 0.397276 0.0154611 0 0.106608 1.79131 0.106608 -1.79131 
2 1 0 0.408453 0.4 4.36726 0.395563 0.395563 0.395563 0.395563 0.395563 0.395563 0.0150058 0 0.23991 1.80563 0.23991 -1.80563 
2 1 0 0.398922 0.4 4.60957 0.393815 0.393815 0.393815 0.393815 0.393815 0.393815 0.0145323 0 0.381721 1.81114 0.381721 -1.81114 
2 1 0 0.389404 0.4 4.89022 0.392045 0.392045 0.392045 0.392045 0.392045 0.392045 0.0140447 0 0.531075 1.80634 0.531075 -1.80634 
2 1 0 0.379891 0.4 5.21648 0.390265 0.390265 0.390265 0.390265 0.390265 0.390265 0.0135472 0 0.686634 1.78986 0.686634 -1.78986 
2 1 0 0.370378 0.4 5.59732 0.388485 0.388485 0.388485 0.388485 0.388485 0.388485 0.0130451 0 0.846687 1.76058 0.846687 -1.76058 
2 1 0 0.360856 0.4 6.04379 0.386721 0.386721 0.386721 0.386721 0.386721 0.386721 0.0125436 0 1.0092 1.71775 1.0092 -1.71775 
2 1 0 0.351319 0.4 6.56965 0.384985 0.384985 0.384985 0.384985 0.384985 0.384985 0.0120481 0 1.17186 1.66106 1.17186 -1.66106 
2 1 0 0.341759 0.4 7.19209 0.383291 0.383291 0.383291 0.383291 0.383291 0.383291 0.011564 0 1.33222 1.59077 1.33222 -1.59077 
2 1 0 0.33217 0.4 7.93276 0.381652 0.381652 0.381652 0.381652 0.381652 0.381652 0.0110963 0 1.48779 1.50774 1.48779 -1.50774 
2 1 0 0.322547 0.4 8.81901 0.38008 0.38008 0.38008 0.38008 0.38008 0.38008 0.0106497 0 1.63624 1.4134 1.63624 -1.4134 
2 1 0 0.312886 0.4 9.88573 0.378586 0.378586 0.378586 0.378586 0.378586 0.378586 0.0102279 0 1.77547 1.30976 1.77547 -1.30976 
2 1 0 0.303186 0.4 11.1776 0.377181 0.377181 0.377181 0.377181 0.377181 0.377181 0.0098341 0 1.90382 1.19924 1.90382 -1.19924 
2 1 0 0.293445 0.4 12.7523 0.375871 0.375871 0.375871 0.375871 0.375871 0.375871 0.00947057 0 2.0201 1.08454 2.0201 -1.08454 
2 1 0 0.283664 0.4 14.6851 0.374664 0.374664 0.374664 0.374664 0.374664 0.374664 0.00913869 0 2.12368 0.968473 2.12368 -0.968473 
2 1 0 0.273846 0.4 17.0745 0.373563 0.373563 0.373563 0.373563 0.373563 0.373563 0.00883901 0 2.21444 0.853773 2.21444 -0.853773 
2 1 0 0.263994 0.4 20.0513 0.372568 0.372568 0.372568 0.372568 0.372568 0.372568 0.0085713 0 2.29274 0.742918 2.29274 -0.742918 
2 1 0 0.254111 0.4 23.7907 0.37168 0.37168 0.37168 0.37168 0.37168 0.37168 0.00833469 0 2.35933 0.638007 2.35933 -0.638007 
2 1 0 0.244202 0.4 28.5298 0.370896 0.370896 0.370896 0.370896 0.370896 0.370896 0.00812775 0 2.41521 0.540678 2.41521 -0.540678 
2 1 0 0.234271 0.4 34.5934 0.37021 0.37021 0.37021 0.37021 0.37021 0.37021 0.00794863 0 2.46155 0.452072 2.46155 -0.452072 
2 1 0 0.224322 0.4 42.433 0.369619 0.369619 0.369619 0.369619 0.369619 0.369619 0.0077952 0 2.49957 0.372849 2.49957 -0.372849 
2 1 0 0.21436 0.4 52.684 0.369113 0.369113 0.369113 0.369113 0.369113 0.369113 0.00766515 0 2.53047 0.303228 2.53047 -0.303228 
2 1 0 0.204386 0.4 66.2556 0.368686 0.368686 0.368686 0.368686 0.368686 0.368686 0.00755611 0 2.55537 0.243061 2.55537 -0.243061 
2 1 0 0.194404 0.4 84.4704 0.368331 0.368331 0.368331 0.368331 0.368331 0.368331 0.00746569 0 2.57526 0.19191 2.57526 -0.19191 
2 1 0 0.184417 0.4 109.289 0.368038 0.368038 0.368038 0.368038 0.368038 0.368038 0.0073916 0 2.59102 0.149126 2.59102 -0.149126 
2 1 0 0.174425 0.4 143.676 0.3678 0.3678 0.3678 0.3678 0.3678 0.3678 0.00733164 0 2.60341 0.113924 2.60341 -0.113924 
2 1 0 0.16443 0.4 192.223 0.367609 0.367609 0.367609 0.367609 0.367609 0.367609 0.00728377 0 2.61305 0.0854434 2.61305 -0.0854434 
2 1 0 0.154433 0.4 262.214 0.367459 0.367459 0.367459 0.367459 0.367459 0.367459 0.00724612 0 2.62048 0.0628041 2.62048 -0.0628041 
2 1 0 0.144435 0.4 365.554 0.367342 0.367342 0.367342 0.367342 0.367342 0.367342 0.00721698 0 2.62613 0.0451427 2.62613 -0.0451427 
2 1 0 0.134436 0.4 522.325 0.367253 0.367253 0.367253 0.367253 0.367253 0.367253 0.00719485 0 2.63036 0.0316429 2.63036 -0.0316429 
2 1 0 0.124436 0.4 767.693 0.367187 0.367187 0.367187 0.367187 0.367187 0.367187 0.00717839 0 2.63348 0.0215542 2.63348 -0.0215542 
2 1 0 0.114437 0.4 1165.92 0.367139 0.367139 0.367139 0.367139 0.367139 0.367139 0.00716644 0 2.63573 0.0142041 2.63573 -0.0142041 
2 1 0 0.104437 0.4 1840.45 0.367105 0.367105 0.367105 0.367105 0.367105 0.367105 0.007158 0 2.6373 0.00900361 2.6373 -0.00900361 
2 1 0 0.094437 0.4 3042.83 0.367082 0.367082 0.367082 0.367082 0.367082 0.367082 0.00715224 0 2.63837 0.00544802 2.63837 -0.00544802 
2 1 0 0.084437 0.4 5323.4 0.367067 0.367067 0.367067 0.367067 0.367067 0.367067 0.00714847 0 2.63907 0.00311489 2.63907 -0.00311489 
2 1 0 0.074437 0.4 9995.95 0.367058 0.367058 0.367058 0.367058 0.367058 0.367058 0.00714612 0 2.63951 0.00165913 2.63951 -0.00165913 
2 1 0 0.064437 0.4 20560.9 0.367052 0.367052 0.367052 0.367052 0.367052 0.367052 0.00714474 0 2.63976 0.000806682 2.63976 -0.000806682 
2 1 0 0.054437 0.4 47777.2 0.367049 0.367049 0.367049 0.367049 0.367049 0.367049 0.007144 0 2.6399 0.000347173 2.6399 -0.000347173 
2 1 0 0.044437 0.4 131812 0.367048 0.367048 0.367048 0.367048 0.367048 0.367048 0.00714364 0 2.63997 0.000125841 2.63997 -0.000125841 
2 1 0 0.034437 0.4 471575 0.367047 0.367047 0.367047 0.367047 0.367047 0.367047 0.0071435 0 2.63999 3.51748e-05 2.63999 -3.51748e-05 
2 1 0 0.024437 0.4 2.62076e+06 0.367047 0.367047 0.367047 0.367047 0.367047 0.367047 0.00714345 0 2.64 6.32932e-06 2.64 -6.32932e-06 
2 1 0 0.014437 0.4 3.64262e+07 0.367047 0.367047 0.367047 0.367047 0.367047 0.367047 0.00714344 0 2.64 4.55377e-07 2.64 -4.55377e-07 
2 1 0 0.00443698 0.4 8.93351e+09 0.367047 0.367047 0.367047 0.367047 0.367047 0.367047 0.00714344 0 2.64 1.85679e-09 2.64 -1.85679e-09 
2 1 0 -0.00556302 0.4 4.46676e+09 0.367047 0.367047 0.367047 0.367047 0.367047 0.367047 0.00714344 0 2.64 3.71357e-09 2.64 -3.71357e-09 
