1 1 0 0 0.4 0 0.00601028 0.0101362 1 0.00601028 0.0101362 1 1 0 0.118856 0 0.000141936 0 
1 1 0 0.000894279 0.4 0 0.0060539 0.0102081 0.998213 0.0060539 0.0102081 0.998213 0.367879 0 0.367682 0 0.368077 0 
1 1 0 0.00178981 0.4 0 0.00609947 0.0102805 0.996427 0.00609947 0.0102805 0.996427 0.367879 0 0.367679 0 0.36808 0 
1 1 0 0.00358465 0.4 0 0.00619654 0.0104272 0.992856 0.00619654 0.0104272 0.992856 0.367879 0 0.367671 0 0.368088 0 
1 1 0 0.00718956 0.4 0 0.00641459 0.0107282 0.985724 0.00641459 0.0107282 0.985724 0.367879 0 0.367656 0 0.368103 0 
1 1 0 0.0117246 0.4 0 0.00673285 0.0111188 0.976826 0.00673285 0.0111188 0.976826 0.367879 0 0.367635 0 0.368124 0 
1 1 0 0.0162921 0.4 0 0.0071031 0.0115263 0.967947 0.0071031 0.0115263 0.967947 0.367879 0 0.367611 0 0.368148 0 
1 1 0 0.0208926 0.4 0 0.00752668 0.0119515 0.959088 0.00752668 0.0119515 0.959088 0.367879 0 0.367585 0 0.368174 0 
1 1 0 0.0255266 0.4 0 0.00800498 0.012395 0.95025 0.00800498 0.012395 0.95025 0.367879 0 0.367555 0 0.368204 0 
1 1 0 0.0301945 0.4 0 0.00853943 0.0128578 0.941434 0.00853943 0.0128578 0.941434 0.367879 0 0.367522 0 0.368237 0 
1 1 0 0.0348969 0.4 0 0.0091315 0.0133408 0.932642 0.0091315 0.0133408 0.932642 0.367879 0 0.368274 0 0.367485 0 
1 1 0 0.0396342 0.4 0 0.00978269 0.013845 0.923873 0.00978269 0.013845 0.923873 0.367879 0 0.368315 0 0.367444 0 
1 1 0 0.0444069 0.4 0 0.0104946 0.0143712 0.91513 0.0104946 0.0143712 0.91513 0.367879 0 0.367397 0 0.368362 0 
1 1 0 0.0492155 0.4 0 0.0112687 0.0149206 0.906413 0.0112687 0.0149206 0.906413 0.36788 0 0.367345 0 0.368415 0 
1 1 0 0.0540604 0.4 0 0.0121068 0.0154941 0.897724 0.0121068 0.0154941 0.897724 0.36788 0 0.367285 0 0.368474 0 
1 1 0 0.0589422 0.4 0 0.0130104 0.0160929 0.889064 0.0130104 0.0160929 0.889064 0.36788 0 0.367218 0 0.368542 0 
1 1 0 0.0638613 0.4 0 0.0139814 0.0167181 0.880434 0.0139814 0.0167181 0.880434 0.36788 0 0.367142 0 0.368618 0 
1 1 0 0.068818 0.4 0 0.0150214 0.0173709 0.871836 0.0150214 0.0173709 0.871836 0.36788 0 0.367055 0 0.368705 0 
1 1 0 0.073813 0.4 0 0.0161323 0.0180524 0.86327 0.0161323 0.0180524 0.86327 0.36788 0 0.366957 0 0.368804 0 
1 1 0 0.0788465 0.4 0 0.0173159 0.0187639 0.85474 0.0173159 0.0187639 0.85474 0.36788 0 0.368916 0 0.366846 0 
1 1 0 0.083919 0.4 0 0.0185739 0.0195067 0.846246 0.0185739 0.0195067 0.846246 0.36788 0 0.369043 0 0.366719 0 
1 1 0 0.0890308 0.4 0 0.0199084 0.0202822 0.837791 0.0199084 0.0202822 0.837791 0.36788 0 0.369189 0 0.366574 0 
1 1 0 0.0941823 0.4 0 0.0213211 0.0210916 0.829375 0.0213211 0.0210916 0.829375 0.36788 0 0.369354 0 0.36641 0 
1 1 0 0.0993739 0.4 0 0.0228141 0.0219362 0.821002 0.0228141 0.0219362 0.821002 0.367881 0 0.369542 0 0.366223 0 
1 1 0 0.104606 0.4 0 0.0243891 0.0228176 0.812672 0.0243891 0.0228176 0.812672 0.367881 0 0.366011 0 0.369756 0 
1 1 0 0.109878 0.4 0 0.0260482 0.0237371 0.804389 0.0260482 0.0237371 0.804389 0.367882 0 0.365771 0 0.369998 0 
1 1 0 0.115191 0.4 0 0.0277933 0.0246961 0.796153 0.0277933 0.0246961 0.796153 0.367882 0 0.370274 0 0.365498 0 
1 1 0 0.120545 0.4 0 0.0296262 0.025696 0.787969 0.0296262 0.025696 0.787969 0.365189 0 0.370586 0 0.367883 0 
1 1 0 0.125941 0.4 0 0.0315489 0.0267382 0.779837 0.0315489 0.0267382 0.779837 0.36484 0 0.37094 0 0.367884 0 
1 1 0 0.131377 0.4 0 0.0335631 0.0278242 0.771761 0.0335631 0.0278242 0.771761 0.364446 0 0.371339 0 0.367886 0 
1 1 0 0.136855 0.4 0 0.0356707 0.0289552 0.763743 0.0356707 0.0289552 0.763743 0.364002 0 0.371791 0 0.367887 0 
1 1 0 0.142374 0.4 0 0.0378735 0.0301326 0.755786 0.0378735 0.0301326 0.755786 0.363502 0 0.3723 0 0.36789 0 
1 1 0 0.147934 0.4 0 0.040173 0.0313577 0.747892 0.040173 0.0313577 0.747892 0.362941 0 0.372872 0 0.367892 0 
1 1 0 0.153535 0.4 0 0.0425709 0.0326318 0.740064 0.0425709 0.0326318 0.740064 0.362312 0 0.373516 0 0.367896 0 
1 1 0 0.159176 0.4 0 0.0450687 0.0339558 0.732305 0.0450687 0.0339558 0.732305 0.361608 0 0.374238 0 0.3679 0 
1 1 0 0.164859 0.4 0 0.0476677 0.035331 0.724618 0.0476677 0.035331 0.724618 0.360823 0 0.375047 0 0.367905 0 
1 1 0 0.170581 0.4 0 0.0503692 0.0367583 0.717007 0.0503692 0.0367583 0.717007 0.359949 0 0.375952 0 0.367912 0 
1 1 0 0.176343 0.4 0 0.0531742 0.0382384 0.709473 0.0531742 0.0382384 0.709473 0.358977 0 0.376961 0 0.36792 0 
1 1 0 0.182145 0.4 0 0.0560838 0.0397722 0.70202 0.0560838 0.0397722 0.70202 0.357899 0 0.378086 0 0.36793 0 
1 1 0 0.187985 0.4 0 0.0590986 0.0413601 0.69465 0.0590986 0.0413601 0.69465 0.356707 0 0.379337 0 0.367942 0 
1 1 0 0.193863 0.4 0 0.0622192 0.0430025 0.687368 0.0622192 0.0430025 0.687368 0.355392 0 0.380725 0 0.367957 0 
1 1 0 0.199778 0.4 0 0.0654461 0.0446998 0.680175 0.0654461 0.0446998 0.680175 0.353944 0 0.382263 0 0.367976 0 
1 1 0 0.20573 0.4 0 0.0687793 0.0464519 0.673075 0.0687793 0.0464519 0.673075 0.352354 0 0.383964 0 0.367998 0 
1 1 0 0.211718 0.4 0 0.0722188 0.0482587 0.666069 0.0722188 0.0482587 0.666069 0.350614 0 0.385842 0 0.368026 0 
1 1 0 0.217741 0.4 0 0.0757643 0.0501199 0.659161 0.0757643 0.0501199 0.659161 0.348713 0 0.38791 0 0.368059 0 
1 1 0 0.223797 0.4 0 0.0794153 0.052035 0.652353 0.0794153 0.052035 0.652353 0.346643 0 0.390184 0 0.368099 0 
1 1 0 0.229885 0.4 0 0.0831711 0.0540033 0.645647 0.0831711 0.0540033 0.645647 0.344394 0 0.39268 0 0.368148 0 
1 1 0 0.236005 0.4 0 0.0870306 0.0560239 0.639044 0.0870306 0.0560239 0.639044 0.341959 0 0.395413 0 0.368206 0 
1 1 0 0.242154 0.4 0 0.0909926 0.0580959 0.632546 0.0909926 0.0580959 0.632546 0.339331 0 0.398401 0 0.368275 0 
1 1 0 0.248332 0.4 0 0.0950557 0.0602181 0.626155 0.0950557 0.0602181 0.626155 0.336501 0 0.401661 0 0.368359 0 
1 1 0 0.254537 0.4 0 0.0992182 0.0623893 0.619871 0.0992182 0.0623893 0.619871 0.333463 0 0.405212 0 0.368457 0 
1 1 0 0.260766 0.4 0 0.103478 0.0646083 0.613695 0.103478 0.0646083 0.613695 0.330212 0 0.40907 0 0.368575 0 
1 1 0 0.267018 0.4 0 0.107834 0.0668736 0.607626 0.107834 0.0668736 0.607626 0.326744 0 0.413256 0 0.368713 0 
1 1 0 0.273291 0.4 0 0.112282 0.069184 0.601664 0.112282 0.069184 0.601664 0.323056 0 0.41779 0 0.368876 0 
1 1 0 0.279582 0.4 0 0.116822 0.0715385 0.595808 0.116822 0.0715385 0.595808 0.319145 0 0.42269 0 0.369068 0 
1 1 0 0.285888 0.4 0 0.12145 0.0739359 0.590055 0.12145 0.0739359 0.590055 0.31501 0 0.427977 0 0.369293 0 
1 1 0 0.292207 0.4 0 0.126163 0.0763756 0.584405 0.126163 0.0763756 0.584405 0.310653 0 0.433673 0 0.369555 0 
1 1 0 0.298534 0.4 0 0.130959 0.0788572 0.578853 0.130959 0.0788572 0.578853 0.306073 0 0.439798 0 0.36986 0 
1 1 0 0.304867 0.4 0 0.135835 0.0813806 0.573396 0.135835 0.0813806 0.573396 0.301275 0 0.446374 0 0.370215 0 
1 1 0 0.3112 0.4 0 0.140787 0.0839465 0.56803 0.140787 0.0839465 0.56803 0.296262 0 0.453424 0 0.370626 0 
1 1 0 0.317529 0.4 0 0.145813 0.0865562 0.562748 0.145813 0.0865562 0.562748 0.291038 0 0.460971 0 0.371102 0 
1 1 0 0.323847 0.4 0 0.150908 0.0892116 0.557546 0.150908 0.0892116 0.557546 0.28561 0 0.469038 0 0.371651 0 
1 1 0 0.33015 0.4 0 0.156071 0.0919156 0.552415 0.156071 0.0919156 0.552415 0.279983 0 0.47765 0 0.372285 0 
1 1 0 0.336429 0.4 0 0.161297 0.0946721 0.547348 0.161297 0.0946721 0.547348 0.274165 0 0.486832 0 0.373014 0 
1 1 0 0.342677 0.4 0 0.166582 0.0974863 0.542336 0.166582 0.0974863 0.542336 0.268163 0 0.496609 0 0.373855 0 
1 1 0 0.348885 0.4 0 0.171922 0.100364 0.537369 0.171922 0.100364 0.537369 0.261985 0 0.507008 0 0.374822 0 
1 1 0 0.355042 0.4 0 0.177313 0.103314 0.532435 0.177313 0.103314 0.532435 0.255637 0 0.518057 0 0.375937 0 
1 1 0 0.361136 0.4 0 0.182751 0.106345 0.527524 0.182751 0.106345 0.527524 0.249129 0 0.529781 0 0.377221 0 
1 1 0 0.367156 0.4 0 0.188229 0.109467 0.522622 0.188229 0.109467 0.522622 0.242466 0 0.542208 0 0.378704 0 
1 1 0 0.373086 0.4 0 0.193741 0.112693 0.517717 0.193741 0.112693 0.517717 0.235656 0 0.555362 0 0.380418 0 
1 1 0 0.37891 0.4 0 0.199282 0.116036 0.512795 0.199282 0.116036 0.512795 0.228707 0 0.569266 0 0.382404 0 
1 1 0 0.384612 0.4 0 0.204842 0.119511 0.507843 0.204842 0.119511 0.507843 0.221625 0 0.583934 0 0.384709 0 
1 1 0 0.390171 0.4 0 0.210411 0.123133 0.502847 0.210411 0.123133 0.502847 0.214421 0 0.599374 0 0.387392 0 
1 1 0 0.395568 0.4 0 0.21598 0.12692 0.497794 0.21598 0.12692 0.497794 0.207102 0 0.615583 0 0.390522 0 
1 1 0 0.40078 0.4 0 0.221536 0.130887 0.492674 0.221536 0.130887 0.492674 0.199678 0 0.632539 0 0.394184 0 
1 1 0 0.405787 0.4 0 0.227066 0.135051 0.487475 0.227066 0.135051 0.487475 0.192162 0 0.650196 0 0.398478 0 
1 1 0 0.410565 0.4 0 0.232552 0.139427 0.482191 0.232552 0.139427 0.482191 0.184569 0 0.668478 0 0.403525 0 
1 1 0 0.415094 0.4 0 0.237979 0.144026 0.476817 0.237979 0.144026 0.476817 0.176919 0 0.687262 0 0.409469 0 
1 1 0 0.419356 0.4 0 0.243328 0.148859 0.471352 0.243328 0.148859 0.471352 0.169234 0 0.706374 0 0.41648 0 
1 1 0 0.423336 0.4 0 0.24858 0.15393 0.465797 0.24858 0.15393 0.465797 0.161543 0 0.725573 0 0.424763 0 
1 1 0 0.427025 0.4 0 0.253715 0.159242 0.460157 0.253715 0.159242 0.460157 0.153879 0 0.744531 0 0.434565 0 
1 1 0 0.43042 0.4 0 0.258714 0.164792 0.45444 0.258714 0.164792 0.45444 0.146278 0 0.762818 0 0.446186 0 
1 1 0 0.433529 0.4 0 0.263559 0.170572 0.448656 0.263559 0.170572 0.448656 0.138782 0 0.779871 0 0.460003 0 
1 1 0 0.436366 0.4 0 0.268232 0.176573 0.442817 0.268232 0.176573 0.442817 0.131434 0 0.794949 0 0.476506 0 
1 1 0 0.438958 0.4 0 0.272718 0.182781 0.436933 0.272718 0.182781 0.436933 0.12428 0 0.807058 0 0.496375 0 
1 1 0 0.441346 0.4 0 0.277004 0.18918 0.431018 0.277004 0.18918 0.431018 0.117366 0 0.814788 0 0.520632 0 
1 1 0 0.44358 0.4 0 0.281077 0.195753 0.425084 0.281077 0.195753 0.425084 0.110736 0 0.815917 0 0.55104 0 
1 1 0 0.44573 0.4 0 0.284926 0.202482 0.419144 0.284926 0.202482 0.419144 0.104434 0 0.806105 0 0.591402 0 
1 1 0 0.447879 0.4 0 0.28854 0.209346 0.413211 0.28854 0.209346 0.413211 0.0985036 0 0.770281 0 0.656168 0 
1 1 0 0.450128 0.4 52.7283 0.291908 0.216323 0.407302 0.291908 0.216323 0.407302 0.0929851 0 0.726542 0.086988 0.726542 -0.086988 
1 1 0 0.452599 0.4 32.2878 0.295022 0.223382 0.401439 0.295022 0.223382 0.401439 0.0879187 0 0.738316 0.145517 0.738316 -0.145517 
1 1 0 0.455427 0.4 24.7488 0.297872 0.230482 0.395654 0.297872 0.230482 0.395654 0.0833436 0 0.748123 0.194121 0.748123 -0.194121 
1 1 0 0.458759 0.4 20.5243 0.300453 0.237568 0.389995 0.300453 0.237568 0.389995 0.0792961 0 0.755537 0.238802 0.755537 -0.238802 
1 1 0 0.462733 0.4 17.7498 0.302766 0.244563 0.384523 0.302766 0.244563 0.384523 0.0758055 0 0.760169 0.280923 0.760169 -0.280923 
1 1 0 0.467455 0.4 15.7682 0.304824 0.251371 0.379316 0.304824 0.251371 0.379316 0.0728856 0 0.761738 0.320686 0.761738 -0.320686 
1 1 0 0.472976 0.4 14.2772 0.306656 0.257893 0.374455 0.306656 0.257893 0.374455 0.0705257 0 0.760145 0.35794 0.760145 -0.35794 
1 1 0 0.479276 0.4 13.1123 0.308304 0.264043 0.37001 0.308304 0.264043 0.37001 0.0686845 0 0.755501 0.392537 0.755501 -0.392537 
1 1 0 0.486277 0.4 12.1735 0.309822 0.269769 0.366022 0.309822 0.269769 0.366022 0.0672941 0 0.748092 0.424501 0.748092 -0.424501 
1 1 0 0.493866 0.4 11.3953 0.311263 0.275058 0.362506 0.311263 0.275058 0.362506 0.0662721 0 0.738297 0.454059 0.738297 -0.454059 
1 1 0 0.501925 0.4 10.7338 0.312672 0.279929 0.359449 0.312672 0.279929 0.359449 0.0655343 0 0.726499 0.481569 0.726499 -0.481569 
1 1 0 0.510346 0.4 10.1586 0.314084 0.284424 0.356826 0.314084 0.284424 0.356826 0.0650041 0 0.713032 0.507437 0.713032 -0.507437 
1 1 0 0.519043 0.4 9.64885 0.315525 0.288591 0.354604 0.315525 0.288591 0.354604 0.0646168 0 0.698156 0.532048 0.698156 -0.532048 
1 1 0 0.527944 0.4 9.19004 0.317008 0.292482 0.352751 0.317008 0.292482 0.352751 0.0643203 0 0.68206 0.555737 0.68206 -0.555737 
1 1 0 0.536996 0.4 8.772 0.318543 0.296143 0.351234 0.318543 0.296143 0.351234 0.0640732 0 0.664873 0.578773 0.664873 -0.578773 
1 1 0 0.546158 0.4 8.38751 0.320134 0.299616 0.350024 0.320134 0.299616 0.350024 0.0638435 0 0.646674 0.601367 0.646674 -0.601367 
1 1 0 0.555399 0.4 8.03134 0.321782 0.302937 0.349098 0.321782 0.302937 0.349098 0.0636064 0 0.627509 0.623674 0.627509 -0.623674 
1 1 0 0.564695 0.4 7.69963 0.323486 0.306136 0.348432 0.323486 0.306136 0.348432 0.0633432 0 0.607394 0.645803 0.607394 -0.645803 
1 1 0 0.574028 0.4 7.38947 0.325244 0.309237 0.348006 0.325244 0.309237 0.348006 0.0630397 0 0.586329 0.667826 0.586329 -0.667826 
1 1 0 0.583385 0.4 7.09862 0.327053 0.31226 0.347802 0.327053 0.31226 0.347802 0.0626855 0 0.564299 0.689784 0.564299 -0.689784 
1 1 0 0.592754 0.4 6.82529 0.32891 0.315222 0.347805 0.32891 0.315222 0.347805 0.0622732 0 0.541283 0.711693 0.541283 -0.711693 
1 1 0 0.602127 0.4 6.56804 0.330813 0.318135 0.347999 0.330813 0.318135 0.347999 0.0617979 0 0.517253 0.733548 0.517253 -0.733548 
1 1 0 0.611498 0.4 6.32566 0.332757 0.321008 0.348372 0.332757 0.321008 0.348372 0.0612566 0 0.492183 0.755326 0.492183 -0.755326 
1 1 0 0.620863 0.4 6.0971 0.334742 0.323851 0.34891 0.334742 0.323851 0.34891 0.0606483 0 0.466044 0.776992 0.466044 -0.776992 
1 1 0 0.630217 0.4 5.88147 0.336763 0.326668 0.349601 0.336763 0.326668 0.349601 0.0599732 0 0.438811 0.798498 0.438811 -0.798498 
1 1 0 0.639558 0.4 5.67795 0.338817 0.329465 0.350436 0.338817 0.329465 0.350436 0.0592328 0 0.410463 0.819788 0.410463 -0.819788 
1 1 0 0.648886 0.4 5.48581 0.340904 0.332244 0.351403 0.340904 0.332244 0.351403 0.0584294 0 0.380981 0.840799 0.380981 -0.840799 
1 1 0 0.658199 0.4 5.30439 0.343018 0.335007 0.352492 0.343018 0.335007 0.352492 0.0575662 0 0.350359 0.861461 0.350359 -0.861461 
1 1 0 0.667495 0.4 5.13308 0.345159 0.337756 0.353695 0.345159 0.337756 0.353695 0.0566474 0 0.318591 0.8817 0.318591 -0.8817 
1 1 0 0.676776 0.4 4.9713 0.347324 0.340491 0.355002 0.347324 0.340491 0.355002 0.0556772 0 0.285682 0.901441 0.285682 -0.901441 
1 1 0 0.686042 0.4 4.8185 0.34951 0.343214 0.356405 0.34951 0.343214 0.356405 0.0546605 0 0.251642 0.920608 0.251642 -0.920608 
1 1 0 0.695293 0.4 4.67418 0.351715 0.345923 0.357897 0.351715 0.345923 0.357897 0.0536023 0 0.216488 0.939125 0.216488 -0.939125 
1 1 0 0.70453 0.4 4.53785 0.353938 0.348619 0.35947 0.353938 0.348619 0.35947 0.052508 0 0.180244 0.956918 0.180244 -0.956918 
1 1 0 0.713755 0.4 4.40905 0.356175 0.351301 0.361116 0.356175 0.351301 0.361116 0.0513829 0 0.142943 0.973915 0.142943 -0.973915 
1 1 0 0.722968 0.4 4.28736 0.358426 0.353969 0.36283 0.358426 0.353969 0.36283 0.0502323 0 0.10462 0.990046 0.10462 -0.990046 
1 1 0 0.726442 0.4 4.24319 0.359278 0.354972 0.363493 0.359278 0.354972 0.363493 0.0497927 0 0.0898997 0.995894 0.0898997 -0.995894 
2 1 0 0.735644 0.4 4.13061 0.361543 0.357618 0.365288 0.361543 0.357618 0.365288 0.0486153 0 0.0502412 1.01073 0.0502412 -1.01073 
2 1 0 0.744836 0.4 4.02419 0.363816 0.360249 0.367137 0.363816 0.360249 0.367137 0.0474251 0 0.00967583 1.02455 0.00967583 -1.02455 
2 1 0 0.754022 0.4 3.92359 0.366096 0.362862 0.369033 0.366096 0.362862 0.369033 0.0462266 0 -0.0317434 1.03731 -0.0317434 -1.03731 
2 1 0 0.763203 0.4 3.82844 0.368381 0.365458 0.370971 0.368381 0.365458 0.370971 0.0450244 0 -0.0739577 1.04896 -0.0739577 -1.04896 
2 1 0 0.77238 0.4 3.73844 0.370669 0.368036 0.372947 0.370669 0.368036 0.372947 0.0438229 0 -0.116905 1.05945 -0.116905 -1.05945 
2 1 0 0.781554 0.4 3.65328 0.372959 0.370595 0.374955 0.372959 0.370595 0.374955 0.042626 0 -0.16052 1.06875 -0.16052 -1.06875 
2 1 0 0.790728 0.4 3.57267 0.375249 0.373135 0.376993 0.375249 0.373135 0.376993 0.0414376 0 -0.204738 1.07684 -0.204738 -1.07684 
2 1 0 0.799902 0.4 3.49633 0.377537 0.375655 0.379056 0.377537 0.375655 0.379056 0.0402609 0 -0.249491 1.08368 -0.249491 -1.08368 
2 1 0 0.809077 0.4 3.42403 0.379823 0.378154 0.38114 0.379823 0.378154 0.38114 0.0390991 0 -0.29471 1.08927 -0.29471 -1.08927 
2 1 0 0.818255 0.4 3.35551 0.382106 0.380633 0.383242 0.382106 0.380633 0.383242 0.0379549 0 -0.340327 1.09358 -0.340327 -1.09358 
2 1 0 0.827436 0.4 3.29054 0.384383 0.38309 0.385359 0.384383 0.38309 0.385359 0.0368305 0 -0.386276 1.09662 -0.386276 -1.09662 
2 1 0 0.836621 0.4 3.22893 0.386655 0.385527 0.387488 0.386655 0.385527 0.387488 0.0357282 0 -0.432489 1.09839 -0.432489 -1.09839 
2 1 0 0.845812 0.4 3.17046 0.388919 0.387941 0.389626 0.388919 0.387941 0.389626 0.0346495 0 -0.478902 1.09888 -0.478902 -1.09888 
2 1 0 0.855009 0.4 3.11496 0.391176 0.390334 0.391771 0.391176 0.390334 0.391771 0.0335961 0 -0.525451 1.0981 -0.525451 -1.0981 
2 1 0 0.864212 0.4 3.06223 0.393423 0.392705 0.393921 0.393423 0.392705 0.393921 0.0325691 0 -0.572074 1.09608 -0.572074 -1.09608 
2 1 0 0.873423 0.4 3.01213 0.395661 0.395054 0.396074 0.395661 0.395054 0.396074 0.0315693 0 -0.618714 1.09282 -0.618714 -1.09282 
2 1 0 0.882642 0.4 2.96449 0.397889 0.397381 0.398227 0.397889 0.397381 0.398227 0.0305977 0 -0.665313 1.08835 -0.665313 -1.08835 
2 1 0 0.891869 0.4 2.91916 0.400106 0.399686 0.40038 0.400106 0.399686 0.40038 0.0296545 0 -0.711817 1.08269 -0.711817 -1.08269 
2 1 0 0.901105 0.4 2.87602 0.402311 0.40197 0.402529 0.402311 0.40197 0.402529 0.0287402 0 -0.758176 1.07586 -0.758176 -1.07586 
2 1 0 0.91035 0.4 2.83494 0.404504 0.404231 0.404675 0.404504 0.404231 0.404675 0.0278548 0 -0.804341 1.0679 -0.804341 -1.0679 
2 1 0 0.919605 0.4 2.79578 0.406684 0.406471 0.406816 0.406684 0.406471 0.406816 0.0269983 0 -0.850268 1.05883 -0.850268 -1.05883 
2 1 0 0.928869 0.4 2.75845 0.408851 0.408689 0.40895 0.408851 0.408689 0.40895 0.0261706 0 -0.895913 1.04869 -0.895913 -1.04869 
2 1 0 0.938144 0.4 2.72284 0.411005 0.410886 0.411076 0.411005 0.410886 0.411076 0.0253713 0 -0.941237 1.0375 -0.941237 -1.0375 
2 1 0 0.947428 0.4 2.68885 0.413145 0.413061 0.413194 0.413145 0.413061 0.413194 0.0246001 0 -0.986204 1.02531 -0.986204 -1.02531 
2 1 0 0.956723 0.4 2.65638 0.415271 0.415216 0.415303 0.415271 0.415216 0.415303 0.0238565 0 -1.03078 1.01214 -1.03078 -1.01214 
2 1 0 0.966028 0.4 2.62536 0.417382 0.417349 0.417401 0.417382 0.417349 0.417401 0.0231399 0 -1.07493 0.998042 -1.07493 -0.998042 
2 1 0 0.975344 0.4 2.59569 0.419479 0.419462 0.419489 0.419479 0.419462 0.419489 0.0224497 0 -1.11864 0.98304 -1.11864 -0.98304 
2 1 0 0.98467 0.4 2.56731 0.421562 0.421555 0.421565 0.421562 0.421555 0.421565 0.0217853 0 -1.16186 0.967174 -1.16186 -0.967174 
2 1 0 0.994006 0.4 2.54013 0.423629 0.423628 0.423629 0.423629 0.423628 0.423629 0.021146 0 -1.20459 0.950479 -1.20459 -0.950479 
2 1 0 1.00335 0.4 2.51411 0.425681 0.425681 0.425681 0.425681 0.425681 0.425681 0.020531 0 -1.24679 0.932993 -1.24679 -0.932993
1 1 0 0 0.4 0 0.00601028 1 0.0101362 0.00601028 1 0.0101362 1 0 0.118857 0 0.000141935 0 
1 1 0 0.000894274 0.4 0 0.00605311 0.998213 0.0102088 0.00605311 0.998213 0.0102088 0.367879 0 0.367682 0 0.368077 0 
1 1 0 0.00178979 0.4 0 0.0060963 0.996427 0.0102837 0.0060963 0.996427 0.0102837 0.367879 0 0.367679 0 0.36808 0 
1 1 0 0.00358457 0.4 0 0.00618382 0.992857 0.0104399 0.00618382 0.992857 0.0104399 0.367879 0 0.367671 0 0.368088 0 
1 1 0 0.00718921 0.4 0 0.00636345 0.985725 0.0107793 0.00636345 0.985725 0.0107793 0.367879 0 0.367654 0 0.368105 0 
1 1 0 0.0117236 0.4 0 0.0065969 0.976828 0.0112546 0.0065969 0.976828 0.0112546 0.367879 0 0.36763 0 0.368129 0 
1 1 0 0.0162902 0.4 0 0.00684073 0.96795 0.0117884 0.00684073 0.96795 0.0117884 0.367879 0 0.367601 0 0.368158 0 
1 1 0 0.0208894 0.4 0 0.00709544 0.959094 0.0123821 0.00709544 0.959094 0.0123821 0.367879 0 0.367567 0 0.368192 0 
1 1 0 0.0255216 0.4 0 0.00736159 0.950259 0.0130374 0.00736159 0.950259 0.0130374 0.367879 0 0.367528 0 0.368231 0 
1 1 0 0.0301873 0.4 0 0.00763974 0.941448 0.0137559 0.00763974 0.941448 0.0137559 0.367879 0 0.367482 0 0.368278 0 
1 1 0 0.0348869 0.4 0 0.0079305 0.93266 0.0145395 0.0079305 0.93266 0.0145395 0.367879 0 0.367428 0 0.368332 0 
1 1 0 0.0396208 0.4 0 0.00823449 0.923898 0.0153898 0.00823449 0.923898 0.0153898 0.367879 0 0.367365 0 0.368394 0 
1 1 0 0.0443895 0.4 0 0.00855239 0.915162 0.0163088 0.00855239 0.915162 0.0163088 0.367879 0 0.367293 0 0.368467 0 
1 1 0 0.0491934 0.4 0 0.00888488 0.906453 0.0172982 0.00888488 0.906453 0.0172982 0.367879 0 0.367208 0 0.368552 0 
1 1 0 0.0540329 0.4 0 0.00923268 0.897773 0.01836 0.00923268 0.897773 0.01836 0.367879 0 0.367111 0 0.368649 0 
1 1 0 0.0589082 0.4 0 0.00959657 0.889124 0.0194961 0.00959657 0.889124 0.0194961 0.367879 0 0.366999 0 0.368762 0 
1 1 0 0.06382 0.4 0 0.00997734 0.880506 0.0207085 0.00997734 0.880506 0.0207085 0.367879 0 0.366869 0 0.368893 0 
1 1 0 0.0687684 0.4 0 0.0103758 0.871921 0.0219991 0.0103758 0.871921 0.0219991 0.36788 0 0.36672 0 0.369043 0 
1 1 0 0.0737538 0.4 0 0.0107929 0.863371 0.0233701 0.0107929 0.863371 0.0233701 0.36788 0 0.366548 0 0.369215 0 
1 1 0 0.0787766 0.4 0 0.0112294 0.854858 0.0248235 0.0112294 0.854858 0.0248235 0.36788 0 0.366352 0 0.369413 0 
1 1 0 0.0838369 0.4 0 0.0116863 0.846382 0.0263613 0.0116863 0.846382 0.0263613 0.36788 0 0.366127 0 0.36964 0 
1 1 0 0.0889351 0.4 0 0.0121647 0.837947 0.0279857 0.0121647 0.837947 0.0279857 0.36788 0 0.365871 0 0.369899 0 
1 1 0 0.0940715 0.4 0 0.0126654 0.829554 0.0296986 0.0126654 0.829554 0.0296986 0.36788 0 0.365578 0 0.370195 0 
1 1 0 0.0992461 0.4 0 0.0131896 0.821205 0.0315022 0.0131896 0.821205 0.0315022 0.36788 0 0.365246 0 0.370532 0 
1 1 0 0.104459 0.4 0 0.0137384 0.812902 0.0333986 0.0137384 0.812902 0.0333986 0.36788 0 0.364868 0 0.370915 0 
1 1 0 0.109711 0.4 0 0.0143128 0.804647 0.0353896 0.0143128 0.804647 0.0353896 0.36788 0 0.36444 0 0.371351 0 
1 1 0 0.115001 0.4 0 0.014914 0.796443 0.0374774 0.014914 0.796443 0.0374774 0.36788 0 0.363956 0 0.371844 0 
1 1 0 0.12033 0.4 0 0.0155431 0.788292 0.0396638 0.0155431 0.788292 0.0396638 0.36788 0 0.363411 0 0.372403 0 
1 1 0 0.125697 0.4 0 0.0162015 0.780196 0.0419507 0.0162015 0.780196 0.0419507 0.36788 0 0.362796 0 0.373033 0 
1 1 0 0.131103 0.4 0 0.0168903 0.772158 0.0443398 0.0168903 0.772158 0.0443398 0.36788 0 0.362106 0 0.373744 0 
1 1 0 0.136547 0.4 0 0.0176107 0.76418 0.0468328 0.0176107 0.76418 0.0468328 0.36788 0 0.361332 0 0.374545 0 
1 1 0 0.142029 0.4 0 0.018364 0.756265 0.0494312 0.018364 0.756265 0.0494312 0.367881 0 0.360466 0 0.375444 0 
1 1 0 0.147549 0.4 0 0.0191515 0.748416 0.0521365 0.0191515 0.748416 0.0521365 0.367881 0 0.3595 0 0.376453 0 
1 1 0 0.153106 0.4 0 0.0199745 0.740635 0.0549498 0.0199745 0.740635 0.0549498 0.367881 0 0.358424 0 0.377582 0 
1 1 0 0.1587 0.4 0 0.0208342 0.732925 0.0578723 0.0208342 0.732925 0.0578723 0.367882 0 0.35723 0 0.378844 0 
1 1 0 0.164331 0.4 0 0.0217319 0.725288 0.0609049 0.0217319 0.725288 0.0609049 0.367882 0 0.355907 0 0.380252 0 
1 1 0 0.169997 0.4 0 0.0226689 0.717728 0.0640481 0.0226689 0.717728 0.0640481 0.367883 0 0.354444 0 0.38182 0 
1 1 0 0.175698 0.4 0 0.0236463 0.710247 0.0673025 0.0236463 0.710247 0.0673025 0.367884 0 0.352832 0 0.383564 0 
1 1 0 0.181434 0.4 0 0.0246655 0.702847 0.0706684 0.0246655 0.702847 0.0706684 0.367885 0 0.351061 0 0.385498 0 
1 1 0 0.187203 0.4 0 0.0257275 0.695531 0.0741456 0.0257275 0.695531 0.0741456 0.367886 0 0.349118 0 0.387641 0 
1 1 0 0.193004 0.4 0 0.0268336 0.688301 0.0777338 0.0268336 0.688301 0.0777338 0.367888 0 0.346995 0 0.390011 0 
1 1 0 0.198836 0.4 0 0.0279848 0.68116 0.0814326 0.0279848 0.68116 0.0814326 0.36789 0 0.344681 0 0.392628 0 
1 1 0 0.204698 0.4 0 0.0291821 0.674109 0.0852411 0.0291821 0.674109 0.0852411 0.367892 0 0.342167 0 0.395511 0 
1 1 0 0.210589 0.4 0 0.0304267 0.667149 0.0891582 0.0304267 0.667149 0.0891582 0.367896 0 0.339442 0 0.398682 0 
1 1 0 0.216506 0.4 0 0.0317195 0.660283 0.0931826 0.0317195 0.660283 0.0931826 0.367899 0 0.336499 0 0.402165 0 
1 1 0 0.222448 0.4 0 0.0330614 0.653511 0.0973127 0.0330614 0.653511 0.0973127 0.367904 0 0.33333 0 0.405983 0 
1 1 0 0.228413 0.4 0 0.0344534 0.646834 0.101547 0.0344534 0.646834 0.101547 0.36791 0 0.329929 0 0.410161 0 
1 1 0 0.234398 0.4 0 0.0358962 0.640253 0.105882 0.0358962 0.640253 0.105882 0.367916 0 0.326291 0 0.414727 0 
1 1 0 0.240402 0.4 0 0.0373909 0.633767 0.110318 0.0373909 0.633767 0.110318 0.367925 0 0.322411 0 0.419708 0 
1 1 0 0.246421 0.4 0 0.0389383 0.627375 0.11485 0.0389383 0.627375 0.11485 0.367935 0 0.318287 0 0.425134 0 
1 1 0 0.252453 0.4 0 0.0405393 0.621077 0.119477 0.0405393 0.621077 0.119477 0.367948 0 0.313919 0 0.431036 0 
1 1 0 0.258493 0.4 0 0.0421949 0.61487 0.124196 0.0421949 0.61487 0.124196 0.367963 0 0.309307 0 0.437445 0 
1 1 0 0.264538 0.4 0 0.0439063 0.608752 0.129004 0.0439063 0.608752 0.129004 0.367981 0 0.304453 0 0.444397 0 
1 1 0 0.270584 0.4 0 0.0456746 0.60272 0.133898 0.0456746 0.60272 0.133898 0.368004 0 0.299361 0 0.451927 0 
1 1 0 0.276626 0.4 0 0.0475014 0.596769 0.138876 0.0475014 0.596769 0.138876 0.36803 0 0.294038 0 0.460075 0 
1 1 0 0.282657 0.4 0 0.0493883 0.590897 0.143934 0.0493883 0.590897 0.143934 0.368063 0 0.28849 0 0.468882 0 
1 1 0 0.288672 0.4 0 0.0513375 0.585095 0.149071 0.0513375 0.585095 0.149071 0.368102 0 0.282726 0 0.478391 0 
1 1 0 0.294663 0.4 0 0.0533512 0.57936 0.154283 0.0533512 0.57936 0.154283 0.368149 0 0.276755 0 0.48865 0 
1 1 0 0.300623 0.4 0 0.0554325 0.573682 0.159568 0.0554325 0.573682 0.159568 0.368206 0 0.270588 0 0.49971 0 
1 1 0 0.306541 0.4 0 0.0575848 0.568054 0.164923 0.0575848 0.568054 0.164923 0.368274 0 0.264236 0 0.511626 0 
1 1 0 0.312408 0.4 0 0.0598122 0.562467 0.170347 0.0598122 0.562467 0.170347 0.368356 0 0.257713 0 0.52446 0 
1 1 0 0.318211 0.4 0 0.0621197 0.556911 0.175837 0.0621197 0.556911 0.175837 0.368454 0 0.251031 0 0.538277 0 
1 1 0 0.323936 0.4 0 0.0645129 0.551373 0.181391 0.0645129 0.551373 0.181391 0.368572 0 0.244203 0 0.55315 0 
1 1 0 0.329568 0.4 0 0.0669985 0.545843 0.187007 0.0669985 0.545843 0.187007 0.368714 0 0.237243 0 0.56916 0 
1 1 0 0.335088 0.4 0 0.0695841 0.540307 0.192684 0.0695841 0.540307 0.192684 0.368884 0 0.230163 0 0.586396 0 
1 1 0 0.340476 0.4 0 0.0722784 0.534752 0.198418 0.0722784 0.534752 0.198418 0.369089 0 0.222978 0 0.604956 0 
1 1 0 0.345706 0.4 0 0.0750904 0.529163 0.204207 0.0750904 0.529163 0.204207 0.369337 0 0.215701 0 0.624944 0 
1 1 0 0.350751 0.4 0 0.0780309 0.523527 0.210049 0.0780309 0.523527 0.210049 0.369635 0 0.208346 0 0.646483 0 
1 1 0 0.355581 0.4 0 0.081111 0.517828 0.21594 0.081111 0.517828 0.21594 0.369996 0 0.200927 0 0.669702 0 
1 1 0 0.360159 0.4 0 0.0843421 0.512052 0.221876 0.0843421 0.512052 0.221876 0.370432 0 0.193457 0 0.694742 0 
1 1 0 0.364445 0.4 0 0.0877352 0.506187 0.227853 0.0877352 0.506187 0.227853 0.370961 0 0.185952 0 0.721753 0 
1 1 0 0.368394 0.4 0 0.0913002 0.500222 0.233863 0.0913002 0.500222 0.233863 0.3716 0 0.178428 0 0.750893 0 
1 1 0 0.371954 0.4 0 0.095045 0.494149 0.239898 0.095045 0.494149 0.239898 0.372375 0 0.170903 0 0.782323 0 
1 1 0 0.375071 0.4 0 0.0989735 0.487966 0.24595 0.0989735 0.487966 0.24595 0.37331 0 0.163399 0 0.816203 0 
1 1 0 0.377683 0.4 0 0.103085 0.481674 0.252006 0.103085 0.481674 0.252006 0.374437 0 0.155937 0 0.852685 0 
1 1 0 0.379729 0.4 0 0.10737 0.475281 0.258054 0.10737 0.475281 0.258054 0.375786 0 0.148544 0 0.891907 0 
1 1 0 0.381143 0.4 0 0.111811 0.468803 0.26408 0.111811 0.468803 0.26408 0.37739 0 0.14125 0 0.933981 0 
1 1 0 0.381859 0.4 0 0.11638 0.462263 0.270068 0.11638 0.462263 0.270068 0.379276 0 0.134086 0 0.978991 0 
1 1 0 0.381936 0.4 0 0.118403 0.4594 0.272663 0.118403 0.4594 0.272663 0.380193 0 0.13101 0 0.999557 0 
2 1 0 0.381539 0.4 0 0.123077 0.452833 0.278568 0.123077 0.452833 0.278568 0.382515 0 0.124094 0 1.04886 0 
2 1 0 0.380298 0.4 0 0.12775 0.446301 0.284395 0.12775 0.446301 0.284395 0.38514 0 0.117396 0 1.10115 0 
2 1 0 0.378166 0.4 0 0.132345 0.43986 0.290128 0.132345 0.43986 0.290128 0.388035 0 0.110954 0 1.15639 0 
2 1 0 0.375107 0.4 0 0.13677 0.433577 0.295748 0.13677 0.433577 0.295748 0.391134 0 0.104808 0 1.2145 0 
2 1 0 0.371109 0.4 0 0.140924 0.427526 0.301238 0.140924 0.427526 0.301238 0.394334 0 0.0989938 0 1.27539 0 
2 1 0 0.366183 0.4 0 0.144703 0.421786 0.306577 0.144703 0.421786 0.306577 0.397494 0 0.0935461 0 1.33894 0 
2 1 0 0.360371 0.4 0 0.148007 0.416436 0.311743 0.148007 0.416436 0.311743 0.400447 0 0.0884902 0 1.405 0 
2 1 0 0.35375 0.4 0 0.150757 0.411549 0.316716 0.150757 0.411549 0.316716 0.403026 0 0.0838403 0 1.47343 0 
2 1 0 0.346429 0.4 0 0.152902 0.407177 0.321478 0.152902 0.407177 0.321478 0.405089 0 0.0795959 0 1.5441 0 
2 1 0 0.33853 0.4 0 0.154428 0.403348 0.326019 0.154428 0.403348 0.326019 0.406543 0 0.0757402 0 1.6169 0 
2 1 0 0.33018 0.4 0 0.155354 0.400065 0.330338 0.155354 0.400065 0.330338 0.407355 0 0.0722432 0 1.69179 0 
2 1 0 0.321496 0.4 0 0.155725 0.397305 0.334442 0.155725 0.397305 0.334442 0.407548 0 0.0690656 0 1.76879 0 
2 1 0 0.312575 0.4 0 0.155602 0.395033 0.338344 0.155602 0.395033 0.338344 0.407186 0 0.066165 0 1.84797 0 
2 1 0 0.30349 0.4 0 0.155051 0.393204 0.342061 0.155051 0.393204 0.342061 0.406353 0 0.0635001 0 1.92947 0 
2 1 0 0.294298 0.4 0 0.154135 0.39177 0.345613 0.154135 0.39177 0.345613 0.405144 0 0.0610335 0 2.01344 0 
2 1 0 0.285038 0.4 0 0.152916 0.390687 0.349018 0.152916 0.390687 0.349018 0.403648 0 0.0587328 0 2.10006 0 
2 1 0 0.275737 0.4 0 0.151444 0.389914 0.352292 0.151444 0.389914 0.352292 0.401948 0 0.0565716 0 2.18951 0 
2 1 0 0.266412 0.4 0 0.149766 0.389413 0.355452 0.149766 0.389413 0.355452 0.400114 0 0.0545281 0 2.28198 0 
2 1 0 0.257076 0.4 0 0.147921 0.389155 0.358511 0.147921 0.389155 0.358511 0.398205 0 0.0525853 0 2.37763 0 
2 1 0 0.247734 0.4 0 0.145942 0.38911 0.361481 0.145942 0.38911 0.361481 0.396268 0 0.0507298 0 2.47664 0 
2 1 0 0.238392 0.4 0 0.143856 0.389257 0.364372 0.143856 0.389257 0.364372 0.394342 0 0.0489513 0 2.57917 0 
2 1 0 0.229052 0.4 0 0.141688 0.389573 0.367193 0.141688 0.389573 0.367193 0.392454 0 0.0472417 0 2.68535 0 
2 1 0 0.219714 0.4 0 0.139458 0.390043 0.369951 0.139458 0.390043 0.369951 0.390628 0 0.0455953 0 2.79533 0 
2 1 0 0.210377 0.4 0 0.137183 0.390651 0.372654 0.137183 0.390651 0.372654 0.388878 0 0.0440071 0 2.90924 0 
2 1 0 0.201043 0.4 0 0.134879 0.391384 0.375306 0.134879 0.391384 0.375306 0.387216 0 0.0424743 0 3.02717 0 
2 1 0 0.191709 0.4 0 0.132558 0.392232 0.377912 0.132558 0.392232 0.377912 0.385649 0 0.0409942 0 3.14922 0 
2 1 0 0.182375 0.4 0 0.130231 0.393184 0.380476 0.130231 0.393184 0.380476 0.384179 0 0.0395649 0 3.27546 0 
2 1 0 0.17304 0.4 0 0.127909 0.394233 0.383003 0.127909 0.394233 0.383003 0.382809 0 0.0381852 0 3.40596 0 
2 1 0 0.163703 0.4 0 0.125601 0.39537 0.385494 0.125601 0.39537 0.385494 0.381536 0 0.0368539 0 3.54077 0 
2 1 0 0.154363 0.4 0 0.123312 0.396589 0.387952 0.123312 0.396589 0.387952 0.38036 0 0.03557 0 3.67991 0 
2 1 0 0.145019 0.4 0 0.121051 0.397885 0.39038 0.121051 0.397885 0.39038 0.379277 0 0.034333 0 3.8234 0 
2 1 0 0.135669 0.4 0 0.118823 0.399252 0.39278 0.118823 0.399252 0.39278 0.378281 0 0.033142 0 3.97121 0 
2 1 0 0.126314 0.4 0 0.116633 0.400685 0.395154 0.116633 0.400685 0.395154 0.37737 0 0.0319964 0 4.12333 0 
2 1 0 0.116952 0.4 0 0.114486 0.402181 0.397501 0.114486 0.402181 0.397501 0.376537 0 0.0308956 0 4.27969 0 
2 1 0 0.107583 0.4 0 0.112384 0.403736 0.399825 0.112384 0.403736 0.399825 0.375778 0 0.0298387 0 4.44022 0 
2 1 0 0.0982068 0.4 0 0.110333 0.405346 0.402126 0.110333 0.405346 0.402126 0.375087 0 0.0288252 0 4.60482 0 
2 1 0 0.0888231 0.4 0 0.108335 0.40701 0.404404 0.108335 0.40701 0.404404 0.374459 0 0.027854 0 4.77336 0 
2 1 0 0.0794315 0.4 0 0.106391 0.408723 0.406661 0.106391 0.408723 0.406661 0.37389 0 0.0269245 0 4.94568 0 
2 1 0 0.0700321 0.4 0 0.104505 0.410484 0.408897 0.104505 0.410484 0.408897 0.373374 0 0.0260356 0 5.1216 0 
2 1 0 0.0606249 0.4 0 0.102677 0.41229 0.411112 0.102677 0.41229 0.411112 0.372907 0 0.0251864 0 5.30092 0 
2 1 0 0.0512099 0.4 0 0.10091 0.414141 0.413307 0.10091 0.414141 0.413307 0.372484 0 0.0243758 0 5.48339 0 
2 1 0 0.0417874 0.4 0 0.0992042 0.416033 0.415482 0.0992042 0.416033 0.415482 0.372103 0 0.0236029 0 5.66876 0 
2 1 0 0.0323576 0.4 0 0.09756 0.417965 0.417638 0.09756 0.417965 0.417638 0.371758 0 0.0228666 0 5.85673 0 
2 1 0 0.0229207 0.4 0 0.0959782 0.419937 0.419773 0.0959782 0.419937 0.419773 0.371446 0 0.0221657 0 6.04697 0 
2 1 0 0.0134772 0.4 0 0.0944586 0.421946 0.42189 0.0944586 0.421946 0.42189 0.371165 0 0.0214993 0 6.23915 0 
2 1 0 0.0040275 0.4 0 0.0930013 0.423992 0.423987 0.0930013 0.423992 0.423987 0.370911 0 0.0208661 0 6.43289 0 
2 1 0 -0.00542799 0.4 0 0.0916057 0.426074 0.426065 0.0916057 0.426074 0.426065 0.370682 0 0.020265 0 6.62777 0 
1 1 0 0 0.4 0 1 0.0101364 0.0101363 1 0.0101364 0.0101363 0.370682 0 0.020265 0 6.62777 0 
1 1 0 0.000893941 0.4 0 0.998214 0.0102088 0.010208 0.998214 0.0102088 0.010208 0.367529 0 0.36823 0 0.367879 0 
1 1 0 0.00178908 0.4 0 0.996428 0.0102836 0.0102804 0.996428 0.0102836 0.0102804 0.367523 0 0.368236 0 0.367879 0 
1 1 0 0.00358307 0.4 0 0.992859 0.0104398 0.0104271 0.992859 0.0104398 0.0104271 0.36751 0 0.36825 0 0.367879 0 
1 1 0 0.00718607 0.4 0 0.985731 0.010779 0.0107279 0.985731 0.010779 0.0107279 0.367481 0 0.368278 0 0.367879 0 
1 1 0 0.0117182 0.4 0 0.976838 0.011254 0.0111183 0.976838 0.011254 0.0111183 0.367441 0 0.368319 0 0.367879 0 
1 1 0 0.0162823 0.4 0 0.967965 0.0117874 0.0115255 0.967965 0.0117874 0.0115255 0.367395 0 0.368365 0 0.367879 0 
1 1 0 0.0208788 0.4 0 0.959114 0.0123807 0.0119502 0.959114 0.0123807 0.0119502 0.367342 0 0.368418 0 0.367879 0 
1 1 0 0.025508 0.4 0 0.950285 0.0130354 0.0123932 0.950285 0.0130354 0.0123932 0.367281 0 0.368479 0 0.36788 0 
1 1 0 0.0301704 0.4 0 0.94148 0.0137532 0.0128554 0.94148 0.0137532 0.0128554 0.367211 0 0.368549 0 0.36788 0 
1 1 0 0.0348664 0.4 0 0.932698 0.0145359 0.0133377 0.932698 0.0145359 0.0133377 0.367132 0 0.368629 0 0.36788 0 
1 1 0 0.0395964 0.4 0 0.923943 0.0153853 0.0138409 0.923943 0.0153853 0.0138409 0.36704 0 0.368721 0 0.36788 0 
1 1 0 0.0443607 0.4 0 0.915214 0.0163031 0.0143661 0.915214 0.0163031 0.0143661 0.366935 0 0.368826 0 0.36788 0 
1 1 0 0.0491597 0.4 0 0.906514 0.0172911 0.0149141 0.906514 0.0172911 0.0149141 0.366815 0 0.368947 0 0.36788 0 
1 1 0 0.0539939 0.4 0 0.897842 0.0183512 0.0154861 0.897842 0.0183512 0.0154861 0.366677 0 0.369085 0 0.36788 0 
1 1 0 0.0588635 0.4 0 0.889202 0.0194854 0.0160831 0.889202 0.0194854 0.0160831 0.36652 0 0.369244 0 0.36788 0 
1 1 0 0.0637688 0.4 0 0.880595 0.0206955 0.0167062 0.880595 0.0206955 0.0167062 0.366339 0 0.369426 0 0.36788 0 
1 1 0 0.0687102 0.4 0 0.872021 0.0219836 0.0173565 0.872021 0.0219836 0.0173565 0.366133 0 0.369634 0 0.36788 0 
1 1 0 0.073688 0.4 0 0.863483 0.0233516 0.0180351 0.863483 0.0233516 0.0180351 0.365897 0 0.369872 0 0.36788 0 
1 1 0 0.0787023 0.4 0 0.854982 0.0248016 0.0187433 0.854982 0.0248016 0.0187433 0.365628 0 0.370144 0 0.36788 0 
1 1 0 0.0837534 0.4 0 0.84652 0.0263355 0.0194823 0.84652 0.0263355 0.0194823 0.365322 0 0.370454 0 0.36788 0 
1 1 0 0.0888415 0.4 0 0.8381 0.0279553 0.0202532 0.8381 0.0279553 0.0202532 0.364974 0 0.370807 0 0.367881 0 
1 1 0 0.0939667 0.4 0 0.829722 0.0296631 0.0210574 0.829722 0.0296631 0.0210574 0.364578 0 0.371209 0 0.367881 0 
1 1 0 0.0991291 0.4 0 0.82139 0.0314609 0.0218962 0.82139 0.0314609 0.0218962 0.36413 0 0.371666 0 0.367881 0 
1 1 0 0.104329 0.4 0 0.813105 0.0333506 0.0227708 0.813105 0.0333506 0.0227708 0.363623 0 0.372183 0 0.367882 0 
1 1 0 0.109566 0.4 0 0.80487 0.0353341 0.0236826 0.80487 0.0353341 0.0236826 0.363051 0 0.37277 0 0.367882 0 
1 1 0 0.11484 0.4 0 0.796686 0.0374134 0.0246328 0.796686 0.0374134 0.0246328 0.362405 0 0.373433 0 0.367883 0 
1 1 0 0.120151 0.4 0 0.788557 0.0395902 0.0256228 0.788557 0.0395902 0.0256228 0.361679 0 0.374181 0 0.367884 0 
1 1 0 0.125499 0.4 0 0.780484 0.0418662 0.0266538 0.780484 0.0418662 0.0266538 0.360864 0 0.375025 0 0.367885 0 
1 1 0 0.130884 0.4 0 0.77247 0.0442432 0.0277271 0.77247 0.0442432 0.0277271 0.359952 0 0.375975 0 0.367886 0 
1 1 0 0.136305 0.4 0 0.764518 0.0467226 0.028844 0.764518 0.0467226 0.028844 0.358932 0 0.377042 0 0.367888 0 
1 1 0 0.141762 0.4 0 0.75663 0.0493058 0.0300056 0.75663 0.0493058 0.0300056 0.357794 0 0.378239 0 0.36789 0 
1 1 0 0.147254 0.4 0 0.748809 0.0519941 0.0312132 0.748809 0.0519941 0.0312132 0.356528 0 0.379579 0 0.367892 0 
1 1 0 0.152781 0.4 0 0.741058 0.0547886 0.0324678 0.741058 0.0547886 0.0324678 0.355124 0 0.381077 0 0.367895 0 
1 1 0 0.158343 0.4 0 0.733378 0.0576902 0.0337706 0.733378 0.0576902 0.0337706 0.353569 0 0.38275 0 0.367899 0 
1 1 0 0.163937 0.4 0 0.725773 0.0606997 0.0351224 0.725773 0.0606997 0.0351224 0.351852 0 0.384613 0 0.367903 0 
1 1 0 0.169564 0.4 0 0.718245 0.0638175 0.0365243 0.718245 0.0638175 0.0365243 0.349961 0 0.386685 0 0.367908 0 
1 1 0 0.175222 0.4 0 0.710796 0.067044 0.0379771 0.710796 0.067044 0.0379771 0.347884 0 0.388987 0 0.367915 0 
1 1 0 0.180911 0.4 0 0.703428 0.0703792 0.0394816 0.703428 0.0703792 0.0394816 0.345609 0 0.391538 0 0.367923 0 
1 1 0 0.186628 0.4 0 0.696145 0.073823 0.0410386 0.696145 0.073823 0.0410386 0.343125 0 0.394363 0 0.367933 0 
1 1 0 0.192372 0.4 0 0.688946 0.077375 0.0426486 0.688946 0.077375 0.0426486 0.34042 0 0.397483 0 0.367945 0 
1 1 0 0.198141 0.4 0 0.681835 0.0810344 0.0443124 0.681835 0.0810344 0.0443124 0.337483 0 0.400926 0 0.36796 0 
1 1 0 0.203934 0.4 0 0.674811 0.0848005 0.0460304 0.674811 0.0848005 0.0460304 0.334306 0 0.404718 0 0.367977 0 
1 1 0 0.209749 0.4 0 0.667877 0.0886719 0.0478033 0.667877 0.0886719 0.0478033 0.330877 0 0.408887 0 0.367998 0 
1 1 0 0.215582 0.4 0 0.661032 0.0926475 0.0496316 0.661032 0.0926475 0.0496316 0.327191 0 0.413466 0 0.368024 0 
1 1 0 0.221431 0.4 0 0.654277 0.0967254 0.0515159 0.654277 0.0967254 0.0515159 0.323239 0 0.418485 0 0.368055 0 
1 1 0 0.227293 0.4 0 0.647612 0.100904 0.053457 0.647612 0.100904 0.053457 0.319018 0 0.42398 0 0.368092 0 
1 1 0 0.233164 0.4 0 0.641034 0.105181 0.0554557 0.641034 0.105181 0.0554557 0.314523 0 0.429988 0 0.368136 0 
1 1 0 0.239041 0.4 0 0.634544 0.109555 0.0575129 0.634544 0.109555 0.0575129 0.309753 0 0.436547 0 0.368189 0 
1 1 0 0.244918 0.4 0 0.628138 0.114022 0.0596301 0.628138 0.114022 0.0596301 0.304707 0 0.443699 0 0.368252 0 
1 1 0 0.250792 0.4 0 0.621814 0.118581 0.0618088 0.621814 0.118581 0.0618088 0.299389 0 0.451489 0 0.368327 0 
1 1 0 0.256655 0.4 0 0.615569 0.123229 0.0640512 0.615569 0.123229 0.0640512 0.293801 0 0.459965 0 0.368417 0 
1 1 0 0.262501 0.4 0 0.609397 0.127964 0.0663596 0.609397 0.127964 0.0663596 0.287949 0 0.469177 0 0.368523 0 
1 1 0 0.268324 0.4 0 0.603294 0.132782 0.0687374 0.603294 0.132782 0.0687374 0.28184 0 0.479182 0 0.368649 0 
1 1 0 0.274114 0.4 0 0.597254 0.137681 0.0711884 0.597254 0.137681 0.0711884 0.275484 0 0.490039 0 0.368799 0 
1 1 0 0.279862 0.4 0 0.591269 0.142658 0.0737172 0.591269 0.142658 0.0737172 0.268889 0 0.501815 0 0.368977 0 
1 1 0 0.285556 0.4 0 0.585333 0.14771 0.0763297 0.585333 0.14771 0.0763297 0.262068 0 0.514581 0 0.369188 0 
1 1 0 0.291185 0.4 0 0.579435 0.152834 0.0790325 0.579435 0.152834 0.0790325 0.255034 0 0.528417 0 0.369439 0 
1 1 0 0.296733 0.4 0 0.573568 0.158027 0.0818335 0.573568 0.158027 0.0818335 0.247798 0 0.543409 0 0.369736 0 
1 1 0 0.302185 0.4 0 0.567721 0.163286 0.0847421 0.567721 0.163286 0.0847421 0.240375 0 0.559654 0 0.37009 0 
1 1 0 0.307521 0.4 0 0.561883 0.168607 0.0877688 0.561883 0.168607 0.0877688 0.23278 0 0.577259 0 0.37051 0 
1 1 0 0.312718 0.4 0 0.556043 0.173985 0.0909251 0.556043 0.173985 0.0909251 0.225027 0 0.596341 0 0.371012 0 
1 1 0 0.317752 0.4 0 0.550189 0.179417 0.094225 0.550189 0.179417 0.094225 0.217131 0 0.617032 0 0.37161 0 
1 1 0 0.322595 0.4 0 0.54431 0.184897 0.0976834 0.54431 0.184897 0.0976834 0.209105 0 0.639481 0 0.372327 0 
1 1 0 0.327213 0.4 0 0.538395 0.190417 0.101316 0.538395 0.190417 0.101316 0.200966 0 0.663849 0 0.373186 0 
1 1 0 0.331569 0.4 0 0.532432 0.195972 0.105141 0.532432 0.195972 0.105141 0.192728 0 0.690313 0 0.374219 0 
1 1 0 0.33562 0.4 0 0.526415 0.201549 0.109174 0.526415 0.201549 0.109174 0.184409 0 0.719065 0 0.375462 0 
1 1 0 0.339319 0.4 0 0.520337 0.207139 0.113433 0.520337 0.207139 0.113433 0.176027 0 0.75031 0 0.376962 0 
1 1 0 0.342612 0.4 0 0.514196 0.212725 0.117932 0.514196 0.212725 0.117932 0.167602 0 0.784261 0 0.378771 0 
1 1 0 0.345442 0.4 0 0.507996 0.21829 0.122684 0.507996 0.21829 0.122684 0.159159 0 0.821134 0 0.380953 0 
1 1 0 0.347746 0.4 0 0.501746 0.223813 0.127696 0.501746 0.223813 0.127696 0.150726 0 0.861135 0 0.383582 0 
1 1 0 0.349461 0.4 0 0.495462 0.229269 0.132968 0.495462 0.229269 0.132968 0.142336 0 0.90445 0 0.386739 0 
1 1 0 0.350524 0.4 0 0.489168 0.234631 0.138492 0.489168 0.234631 0.138492 0.134028 0 0.951228 0 0.390513 0 
1 1 0 0.350876 0.4 0 0.483092 0.239706 0.144067 0.483092 0.239706 0.144067 0.126099 0 0.999948 0 0.394846 0 
2 1 0 0.350488 0.4 0 0.476883 0.244791 0.150021 0.476883 0.244791 0.150021 0.118089 0 1.05376 0 0.400099 0 
2 1 0 0.349298 0.4 0 0.470785 0.249689 0.156137 0.470785 0.249689 0.156137 0.110306 0 1.1111 0 0.406225 0 
2 1 0 0.347282 0.4 0 0.464848 0.254371 0.162364 0.464848 0.254371 0.162364 0.102803 0 1.17183 0 0.413283 0 
2 1 0 0.344436 0.4 0 0.459125 0.258812 0.168642 0.459125 0.258812 0.168642 0.0956296 0 1.23573 0 0.421308 0 
2 1 0 0.340774 0.4 0 0.453665 0.262995 0.174911 0.453665 0.262995 0.174911 0.088828 0 1.30253 0 0.430309 0 
2 1 0 0.33633 0.4 0 0.448514 0.266907 0.181108 0.448514 0.266907 0.181108 0.08243 0 1.3719 0 0.440261 0 
2 1 0 0.331154 0.4 0 0.443707 0.270547 0.187179 0.443707 0.270547 0.187179 0.0764554 0 1.44352 0 0.451114 0 
2 1 0 0.32531 0.4 0 0.439269 0.273919 0.193077 0.439269 0.273919 0.193077 0.0709109 0 1.51709 0 0.4628 0 
2 1 0 0.318867 0.4 0 0.435215 0.277035 0.198765 0.435215 0.277035 0.198765 0.0657912 0 1.59236 0 0.475235 0 
2 1 0 0.311899 0.4 0 0.431551 0.27991 0.204219 0.431551 0.27991 0.204219 0.0610811 0 1.66914 0 0.488334 0 
2 1 0 0.304478 0.4 0 0.428272 0.282566 0.209426 0.428272 0.282566 0.209426 0.0567582 0 1.74731 0 0.502017 0 
2 1 0 0.296669 0.4 0 0.425365 0.285024 0.21438 0.425365 0.285024 0.21438 0.0527956 0 1.82681 0 0.516209 0 
2 1 0 0.288535 0.4 0 0.422816 0.287307 0.219084 0.422816 0.287307 0.219084 0.0491641 0 1.90764 0 0.530851 0 
2 1 0 0.280128 0.4 0 0.420604 0.289435 0.223545 0.420604 0.289435 0.223545 0.0458343 0 1.98984 0 0.545892 0 
2 1 0 0.271496 0.4 0 0.418707 0.29143 0.227776 0.418707 0.29143 0.227776 0.0427781 0 2.07349 0 0.561297 0 
2 1 0 0.262677 0.4 0 0.417102 0.293311 0.231789 0.417102 0.293311 0.231789 0.0399689 0 2.15869 0 0.577038 0 
2 1 0 0.253703 0.4 0 0.415767 0.295094 0.2356 0.415767 0.295094 0.2356 0.0373828 0 2.24553 0 0.593097 0 
2 1 0 0.244604 0.4 0 0.41468 0.296796 0.239222 0.41468 0.296796 0.239222 0.0349982 0 2.33413 0 0.60946 0 
2 1 0 0.235399 0.4 0 0.413822 0.29843 0.242668 0.413822 0.29843 0.242668 0.0327957 0 2.42461 0 0.626119 0 
2 1 0 0.226109 0.4 0 0.413172 0.300008 0.245951 0.413172 0.300008 0.245951 0.0307585 0 2.51708 0 0.643065 0 
2 1 0 0.216747 0.4 0 0.412714 0.301543 0.249081 0.412714 0.301543 0.249081 0.0288715 0 2.61164 0 0.660289 0 
2 1 0 0.207327 0.4 0 0.412432 0.303044 0.252067 0.412432 0.303044 0.252067 0.0271215 0 2.70841 0 0.677779 0 
2 1 0 0.197856 0.4 0 0.41231 0.304522 0.254915 0.41231 0.304522 0.254915 0.0254972 0 2.80748 0 0.695517 0 
2 1 0 0.188344 0.4 0 0.412336 0.305988 0.257628 0.412336 0.305988 0.257628 0.0239882 0 2.90898 0 0.713476 0 
2 1 0 0.178793 0.4 0 0.412499 0.307453 0.260208 0.412499 0.307453 0.260208 0.0225853 0 3.01304 0 0.731619 0 
2 1 0 0.169212 0.4 0 0.412789 0.30893 0.26265 0.412789 0.30893 0.26265 0.0212812 0 3.11979 0 0.749885 0 
2 1 0 0.159604 0.4 0 0.413197 0.310434 0.264945 0.413197 0.310434 0.264945 0.0200692 0 3.22939 0 0.768186 0 
2 1 0 0.149972 0.4 0 0.413717 0.311984 0.267077 0.413717 0.311984 0.267077 0.0189433 0 3.34211 0 0.786392 0 
2 1 0 0.140317 0.4 0 0.414343 0.313604 0.269018 0.414343 0.313604 0.269018 0.0178991 0 3.45828 0 0.804315 0 
2 1 0 0.130644 0.4 0 0.415073 0.315327 0.270728 0.415073 0.315327 0.270728 0.0169331 0 3.57838 0 0.821663 0 
2 1 0 0.120959 0.4 0 0.415908 0.317196 0.272144 0.415908 0.317196 0.272144 0.0160439 0 3.70309 0 0.837994 0 
2 1 0 0.111276 0.4 0 0.416852 0.319268 0.273177 0.416852 0.319268 0.273177 0.0152323 0 3.8334 0 0.852643 0 
2 1 0 0.101626 0.4 0 0.41791 0.321607 0.273709 0.41791 0.321607 0.273709 0.0145018 0 3.97057 0 0.864652 0 
2 1 0 0.0920591 0.4 0 0.41909 0.324268 0.273614 0.41909 0.324268 0.273614 0.0138586 0 4.11602 0 0.872807 0 
2 1 0 0.0826441 0.4 0 0.420396 0.327266 0.272801 0.420396 0.327266 0.272801 0.0133082 0 4.27093 0 0.875941 0 
2 1 0 0.0734317 0.4 0 0.421824 0.330551 0.271283 0.421824 0.330551 0.271283 0.0128498 0 4.43578 0 0.873473 0 
2 1 0 0.0644222 0.4 0 0.42336 0.33402 0.269177 0.42336 0.33402 0.269177 0.0124739 0 4.61031 0 0.865733 0 
2 1 0 0.0555689 0.4 0 0.42499 0.337567 0.266651 0.42499 0.337567 0.266651 0.0121653 0 4.7938 0 0.853716 0 
2 1 0 0.0468109 0.4 0 0.426703 0.341111 0.263858 0.426703 0.341111 0.263858 0.0119088 0 4.9853 0 0.838603 0 
2 1 0 0.0380969 0.4 0 0.428486 0.344603 0.260909 0.428486 0.344603 0.260909 0.011692 0 5.18382 0 0.821444 0 
2 1 0 0.029391 0.4 0 0.430332 0.348016 0.257881 0.430332 0.348016 0.257881 0.0115057 0 5.38836 0 0.80306 0 
2 1 0 0.0206728 0.4 0 0.432234 0.351337 0.254821 0.432234 0.351337 0.254821 0.0113434 0 5.59791 0 0.784058 0 
2 1 0 0.0119304 0.4 0 0.434186 0.354562 0.251761 0.434186 0.354562 0.251761 0.0112005 0 5.81155 0 0.764871 0 
2 1 0 0.00315808 0.4 0 0.436185 0.357692 0.248717 0.436185 0.357692 0.248717 0.0110737 0 6.02838 0 0.745804 0 
2 1 0 -0.00564616 0.4 0 0.438227 0.360731 0.2457 0.438227 0.360731 0.2457 0.0109605 0 6.24755 0 0.727068 0 